image_id,relative_path,source_dataset,source_group,sha256,final_label,review_state,review_notes,reviewer_id,review_timestamp,source_priority
img_00000001,images/img_00000001.jpg,01_kaggle_weapon,kaggle,a9df9263d583d137f19ed1578dd0906d19b44a107d8046794fef3a9ad9389a99,weapon,reviewed,,Lello,2026-04-22T08:46:22+00:00,4
img_00000002,images/img_00000002.jpg,01_kaggle_weapon,kaggle,7a7d8e2da32ca3cd887666524285720c66283cc691b7075ec48510003d1b724b,weapon,reviewed,,Lello,2026-04-22T08:46:33+00:00,4
img_00000003,images/img_00000003.jpg,01_kaggle_weapon,kaggle,efa5d09ad0e32d215b4cf92103658bd8f539bce02ac34f8c67fd8044e597715f,weapon,reviewed,,Lello,2026-04-22T08:46:34+00:00,4
img_00000004,images/img_00000004.jpg,01_kaggle_weapon,kaggle,768d8265386d41b3bcce73ae5becccd59c425358143101e6a429dc5a7c36aaae,weapon,reviewed,,Lello,2026-04-22T08:46:37+00:00,4
img_00000005,images/img_00000005.jpg,01_kaggle_weapon,kaggle,80634cc6bac7fd5a77fe211611d5e9186b6a3694c0b287c11632c4e844fe549e,weapon,reviewed,,Lello,2026-04-22T08:46:38+00:00,4
img_00000006,images/img_00000006.jpeg,01_kaggle_weapon,kaggle,53632b0dcc9c8b8b79da2cf9ed829da6f1e49241eba912c0c63bb10ba00a8ff8,weapon,reviewed,,Lello,2026-04-22T08:46:40+00:00,4
img_00000007,images/img_00000007.jpeg,01_kaggle_weapon,kaggle,3df5b7a968dc6c91265468c6d6ed3286c3f8a914f865f9550af76469c0d1e20e,weapon,reviewed,,Lello,2026-04-22T08:46:42+00:00,4
img_00000008,images/img_00000008.jpeg,01_kaggle_weapon,kaggle,8a71d85b3ac276a65d8e0ab5acb05ed331d6127ffc43c1e9f31d73c3b46ae3f2,,pending,,,,4
img_00000009,images/img_00000009.jpeg,01_kaggle_weapon,kaggle,c924e05c15699f6b0489ca42f24e2841f6749607d0d68520ceb053a9838e2144,ood,reviewed,,Lello,2026-04-22T08:46:46+00:00,4
img_00000010,images/img_00000010.jpeg,01_kaggle_weapon,kaggle,4ff7cba915e64c5d1cdc31a22b72636c0f1af4501c235fcb204af0f693637a81,ood,reviewed,,Lello,2026-04-22T08:46:47+00:00,4
img_00000011,images/img_00000011.png,01_kaggle_weapon,kaggle,2af36d13abb4920c36aad05803dd2cd1879c14828e93b928131516dcdd8ae218,,pending,,,,4
img_00000012,images/img_00000012.png,01_kaggle_weapon,kaggle,eee84e331a998e33668f7a95f655d1a033abf222c1d1e5e1e90bb2f7d63734a1,,pending,,,,4
img_00000013,images/img_00000013.jpeg,01_kaggle_weapon,kaggle,699703db790f0c377a27fd782a645ffdbf9ee0829839215cf2c1353d7dfd9402,,pending,,,,4
img_00000014,images/img_00000014.png,01_kaggle_weapon,kaggle,9e72cf191b6539dc28f205176aa14bef73d2ff9ad7f9c79765c8147be68cb147,weapon,reviewed,,Lello,2026-04-22T08:46:50+00:00,4
img_00000015,images/img_00000015.jpeg,01_kaggle_weapon,kaggle,310dbe2c4a9befd295507d278c89803776713d46205fd64bae0e081d7cd18468,,pending,,,,4
img_00000016,images/img_00000016.jpeg,01_kaggle_weapon,kaggle,77023af700c6393981c82b34a69ca3f178c5499564dc4bf6cfba4277204763c5,weapon,reviewed,,Lello,2026-04-22T08:46:52+00:00,4
img_00000017,images/img_00000017.jpeg,01_kaggle_weapon,kaggle,0b97f29bca426884df391da30196fbea8e2375c3bff9ace1d53b0274e786e496,ood,reviewed,,Lello,2026-04-22T08:46:53+00:00,4
img_00000018,images/img_00000018.jpeg,01_kaggle_weapon,kaggle,d9c1cc380be72171d7b605c02dae1ae1fa1029401a57b63937518ce006552da9,,pending,,,,4
img_00000019,images/img_00000019.jpeg,01_kaggle_weapon,kaggle,1a503005e47839da42b2850f68520e50c3a540c4b5c7702c6cb5e7cafabadd2e,,pending,,,,4
img_00000020,images/img_00000020.jpeg,01_kaggle_weapon,kaggle,69f1b2e9a1945edacb78acbe7d33021cb549a42879cfde1ad73a9205d789c0c8,weapon,reviewed,,Lello,2026-04-22T08:46:56+00:00,4
img_00000021,images/img_00000021.jpeg,01_kaggle_weapon,kaggle,ea217b3d332d8d48bc38950100edc8edb71636d1099e4b063661cd5beaf33914,,pending,,,,4
img_00000022,images/img_00000022.jpeg,01_kaggle_weapon,kaggle,5401e0d351375c934eccb9eeb02db3b7bde60a34f785e9ab747a5bbc45dc5498,weapon,reviewed,,Lello,2026-04-22T08:46:57+00:00,4
img_00000023,images/img_00000023.jpeg,01_kaggle_weapon,kaggle,4632d9aeb70633cfaef57985847fcd9ce1b87a9e2ee5c08ac82d57efc6faf66b,weapon,reviewed,,Lello,2026-04-22T08:46:59+00:00,4
img_00000024,images/img_00000024.jpeg,01_kaggle_weapon,kaggle,9a3ca42b180a559fc1e360cfca8b800e550e23f44ffa8f1bc2526bf1652a0c9d,ood,reviewed,,Lello,2026-04-22T08:49:16+00:00,4
img_00000025,images/img_00000025.jpeg,01_kaggle_weapon,kaggle,cbed5705b306dc191b389af4ee5070a53ead30830b58b2bae6ab2e99b2fcb68f,,pending,,,,4
img_00000026,images/img_00000026.jpeg,01_kaggle_weapon,kaggle,6c488a40bcc4825e33731c4d5a4754ebc598661b4f0bfbb9cbdbb068276c4526,,pending,,,,4
img_00000027,images/img_00000027.jpeg,01_kaggle_weapon,kaggle,c7dcdcac6ab6fefc00a860a4307394d9d5ce77f36138fdd2a259ec707723b293,ood,reviewed,,Lello,2026-04-22T08:49:27+00:00,4
img_00000028,images/img_00000028.jpeg,01_kaggle_weapon,kaggle,8b248da929e16d136d6d378836109512af0a50c596f6c5295b98553a91459105,,pending,,,,4
img_00000029,images/img_00000029.jpeg,01_kaggle_weapon,kaggle,c114337677bf0aba53ccf48422f1ee164838b275052d293c62fda765170778d2,ood,reviewed,,Lello,2026-04-22T09:05:41+00:00,4
img_00000030,images/img_00000030.jpeg,01_kaggle_weapon,kaggle,0f9a3e16748188b72ca00f3d510cce2a2a77515ef77ba29e3987b9bb503ea2b9,,pending,,,,4
img_00000031,images/img_00000031.jpeg,01_kaggle_weapon,kaggle,329c9b874b82dbdbf1d42c01185cba8b44e103b97b02659f398f050401acd10c,weapon,reviewed,,Lello,2026-04-22T08:47:05+00:00,4
img_00000032,images/img_00000032.jpeg,01_kaggle_weapon,kaggle,2e2aa11f47e2f689766c0eb76d2b57040ea679921d03316cfa85a91e3ac5ebf0,,pending,,,,4
img_00000033,images/img_00000033.jpeg,01_kaggle_weapon,kaggle,91acb224ef0420d9bda7bc2423bb642f370f9bc85687db36fbf6d0214cc4f8e4,,pending,,,,4
img_00000034,images/img_00000034.jpeg,01_kaggle_weapon,kaggle,200dfb689a4e096f71667d40bbdf8b993135f84b0027d9df6ed6bfde94a0fc2d,,pending,,,,4
img_00000035,images/img_00000035.jpeg,01_kaggle_weapon,kaggle,c27d63aa78099bf560602fd5b19a605bb34737bad5158588891ed60d9e258be2,weapon,reviewed,,Lello,2026-04-22T08:49:30+00:00,4
img_00000036,images/img_00000036.jpeg,01_kaggle_weapon,kaggle,422f52323ab81753fc561267158e2c4f71f74d5ca214927d33e82fc8aec4f9fb,,pending,,,,4
img_00000037,images/img_00000037.jpeg,01_kaggle_weapon,kaggle,29656949e96a839d4a7292ebbab646b36d974ed1f4fbc8e9a1d096214f2354d3,weapon,reviewed,,Lello,2026-04-22T09:05:46+00:00,4
img_00000038,images/img_00000038.jpeg,01_kaggle_weapon,kaggle,25ba0532f6cfb5cbc6224d6b20d7db6ba2954e751deb9c5b3cdb8850b2311ad8,,pending,,,,4
img_00000039,images/img_00000039.jpeg,01_kaggle_weapon,kaggle,ad5a42fc7f4249fd01949903839ef7a5b288870f978fe67b705da4493e1026db,weapon,reviewed,,Lello,2026-04-22T08:49:33+00:00,4
img_00000040,images/img_00000040.jpeg,01_kaggle_weapon,kaggle,4c499ed0a64deea84293bd42fadcaff9ee980764113827b745250f0932928316,weapon,reviewed,,Lello,2026-04-22T08:49:38+00:00,4
img_00000041,images/img_00000041.jpeg,01_kaggle_weapon,kaggle,83dbd88e9717ef1c800b2c67aa506fbf07a587f2e76d07f71c3cc81168714190,weapon,reviewed,,Lello,2026-04-22T08:49:37+00:00,4
img_00000042,images/img_00000042.jpeg,01_kaggle_weapon,kaggle,81a63895319f9599680c8dc3f5e98dd15b292126893123abac48e6b2df7673fd,weapon,reviewed,,Lello,2026-04-22T08:49:39+00:00,4
img_00000043,images/img_00000043.jpeg,01_kaggle_weapon,kaggle,4f42fd99271d8ab3ee1e1185f02a28d9cb90e6402bdea65fb94b84eff15873a5,,pending,,,,4
img_00000044,images/img_00000044.jpeg,01_kaggle_weapon,kaggle,1ee955e9abb3442b27430a0f9853938280a08eb2c894e8bbd5da0f2cb454b50e,weapon,reviewed,,Lello,2026-04-22T08:49:41+00:00,4
img_00000045,images/img_00000045.jpeg,01_kaggle_weapon,kaggle,2fb025a217de8ccbe504cce990fccec5d020929c4c515c7cd0b188b107c0577a,,pending,,,,4
img_00000046,images/img_00000046.jpeg,01_kaggle_weapon,kaggle,b688cfe79be264ce6347e6fa54b87bef7bf1fb83acaffb233e66eeb06390010a,,pending,,,,4
img_00000047,images/img_00000047.png,01_kaggle_weapon,kaggle,019f593c860ddba186aa3597f05740059ebe3503a44fd9fe254487ddc3c002f7,ood,reviewed,,Lello,2026-04-22T09:05:51+00:00,4
img_00000048,images/img_00000048.jpeg,01_kaggle_weapon,kaggle,ac2e4bf94891aed812cc19a7a509fdca140edb7b2213be6e55714be1169df87f,,pending,,,,4
img_00000049,images/img_00000049.png,01_kaggle_weapon,kaggle,cfdd210f4c7cbaf950a906cec6e5f373cc3ee41525b98c36c91f8f27d849b218,,pending,,,,4
img_00000050,images/img_00000050.jpeg,01_kaggle_weapon,kaggle,cb5dc81b97e32fd9b18c6af4a1f8e3e9e8f553dfa16a752df0f5d5597b320010,,pending,,,,4
img_00000051,images/img_00000051.jpeg,01_kaggle_weapon,kaggle,7ec98855dd0534faf544012fdd44a1da79c9d1a5af097d91b847c502ae456a1a,,pending,,,,4
img_00000052,images/img_00000052.jpeg,01_kaggle_weapon,kaggle,db0f76420a05f9c1869d590230d41cd04eec976a0890cc612374f956b0ef91e5,ood,reviewed,,Lello,2026-04-22T09:05:55+00:00,4
img_00000053,images/img_00000053.jpeg,01_kaggle_weapon,kaggle,96a9aeb36e7999a906724b1c202b5704d5eb1b4e58154547e50dacb26cdcb579,,pending,,,,4
img_00000054,images/img_00000054.jpeg,01_kaggle_weapon,kaggle,d1a0e0efd878d54e141d8a254728e7c04d09f11325aac0e6798c2d63bf98b29b,,pending,,,,4
img_00000055,images/img_00000055.jpeg,01_kaggle_weapon,kaggle,3b168cfcf09e60df60e6c781dec2930869c60a21dcf6cc6391fd2e68318a559f,,pending,,,,4
img_00000056,images/img_00000056.jpeg,01_kaggle_weapon,kaggle,fd835a21532d3817e63c1f13582b026d9c9fc5a798fcd9cc87d4bdc805cfabf4,,pending,,,,4
img_00000057,images/img_00000057.jpeg,01_kaggle_weapon,kaggle,39c14c74a7fbcc4740eb5a9a4af83f2a0a1b06ff6ba75078b5faf169cd2919f6,ood,reviewed,,Lello,2026-04-22T09:05:56+00:00,4
img_00000058,images/img_00000058.jpeg,01_kaggle_weapon,kaggle,b07df09db3929bc861013fe44bfacac293c491144a417b1f94b78dea110f31df,,pending,,,,4
img_00000059,images/img_00000059.jpeg,01_kaggle_weapon,kaggle,2f8bf516982a01ffa34004065050fd67ccffdb05b457a10a32a381f6a8c788ce,,pending,,,,4
img_00000060,images/img_00000060.jpeg,01_kaggle_weapon,kaggle,93b54eeb0b165abd0c93e28afb74ffd35fd698b50ce01a36279ddd2f7fc52cf2,,pending,,,,4
img_00000061,images/img_00000061.jpeg,01_kaggle_weapon,kaggle,f3dd81e40dbc326e739d3713c8441a722411550909c045b845d4af92c2511261,ood,reviewed,,Lello,2026-04-22T09:06:03+00:00,4
img_00000062,images/img_00000062.jpeg,01_kaggle_weapon,kaggle,6248f185d7111da063c28df317a739852f2e21415a740e8896f3af0b0461430b,,pending,,,,4
img_00000063,images/img_00000063.jpeg,01_kaggle_weapon,kaggle,c6d15f9b593e6f1eef2b8e670e10f9bf5046a139d1d413e96f7d3ff1a440348c,ood,reviewed,,Lello,2026-04-22T09:06:02+00:00,4
img_00000064,images/img_00000064.png,01_kaggle_weapon,kaggle,577347090648ab4dae4fca94cdbbfae820ebc26066e5158df15fa0dd44f49a4a,,pending,,,,4
img_00000065,images/img_00000065.jpeg,01_kaggle_weapon,kaggle,5c4f317adaaf6d6e6378703135ecb3e73dcd9ceff693524c573151938c3c1dfd,,pending,,,,4
img_00000066,images/img_00000066.jpeg,01_kaggle_weapon,kaggle,e60a12774cf5ee637aedcd6235e2d5a6ff1ba29e7b4bb241f12b7532ef8218f9,,pending,,,,4
img_00000067,images/img_00000067.jpeg,01_kaggle_weapon,kaggle,341672abaeb985b5233c8761d820df11514b39a1bff01c8d673d23796dc71f2d,,pending,,,,4
img_00000068,images/img_00000068.png,01_kaggle_weapon,kaggle,834ff83862a8f0f6a3c8f919786afc1205fc52aff2238dbc0e04231cd31fa56c,ood,reviewed,,Lello,2026-04-22T09:06:06+00:00,4
img_00000069,images/img_00000069.jpeg,01_kaggle_weapon,kaggle,23bf97c0daf6aff387ef8921b8d33f7f8e4bad1ab91db10d0c29ce0df744c129,,pending,,,,4
img_00000070,images/img_00000070.jpeg,01_kaggle_weapon,kaggle,e609d976383af2a1012847993401a3e3ffca38a88b56cc7c5ca16945a71c52e2,ood,reviewed,,Lello,2026-04-22T08:49:59+00:00,4
img_00000071,images/img_00000071.jpeg,01_kaggle_weapon,kaggle,0dc3ebda6d677836970cc55f85d9f63ccb857ecf00523fd027d04a1dbe7cb383,,pending,,,,4
img_00000072,images/img_00000072.jpeg,01_kaggle_weapon,kaggle,380b4d4bb47b3caf157f24370631436107787872578f0ab45e731e6a2c5afc44,,pending,,,,4
img_00000073,images/img_00000073.jpeg,01_kaggle_weapon,kaggle,3ae6cf68bd62be609171995fbfa91311cc9c74322abf070d683edc4dc948632b,,pending,,,,4
img_00000074,images/img_00000074.jpeg,01_kaggle_weapon,kaggle,237373304431f9f8c12348dc07806aa996b6400186cb1913472a68110cffd7bd,,pending,,,,4
img_00000075,images/img_00000075.jpeg,01_kaggle_weapon,kaggle,6ebe0ff4f6b3db9f4e83842229ea257aaaaa14a63c55b42b8ceab754dd5618db,ood,reviewed,,Lello,2026-04-22T08:49:57+00:00,4
img_00000076,images/img_00000076.jpeg,01_kaggle_weapon,kaggle,ffb3c9e95c53256f70cf77f0a29dea21107d120a530b5096b6435ae593871172,,pending,,,,4
img_00000077,images/img_00000077.jpeg,01_kaggle_weapon,kaggle,38d98752250d7007352f85158f46a9301102a16c9fd20fc816bd532b0f9d838c,,pending,,,,4
img_00000078,images/img_00000078.jpeg,01_kaggle_weapon,kaggle,ef906c1033bb3459b4a74697126b39e85942d9d7e2c4805da81000a4e619ac39,,pending,,,,4
img_00000079,images/img_00000079.jpeg,01_kaggle_weapon,kaggle,66e255f1a7e3796779c5201679644cdb34712f15445d13580dca4114355d94d6,ood,reviewed,,Lello,2026-04-22T08:50:03+00:00,4
img_00000080,images/img_00000080.jpeg,01_kaggle_weapon,kaggle,3771c51afc184b3e54e43c905a2f520a748bf59e8ab5c9b6935dbd04adb109e9,,pending,,,,4
img_00000081,images/img_00000081.jpeg,01_kaggle_weapon,kaggle,0a606d1b1319e1e4119f1dcd393136173cb8de87320d7742aedbcf9d4d780996,,pending,,,,4
img_00000082,images/img_00000082.jpeg,01_kaggle_weapon,kaggle,994ee45044fe2be61064384ccc1d54d4c90c077fee47b77a4a912351aae93b55,,pending,,,,4
img_00000083,images/img_00000083.jpeg,01_kaggle_weapon,kaggle,db7c734ec54a88642f6ba5a07fac91d2cedefab1bd15a24ce6dd40e6c94da1ec,,pending,,,,4
img_00000084,images/img_00000084.jpeg,01_kaggle_weapon,kaggle,b8f31f902de0aae97d07dcf24ba4a29a2a3cce4206bbe43bdbe48b2ce9cc4fb0,,pending,,,,4
img_00000085,images/img_00000085.png,01_kaggle_weapon,kaggle,4004f5bc07c563eeeb8db3a6a41df72f909ca69e3114e51e18aac4f9b4d6317c,,pending,,,,4
img_00000086,images/img_00000086.jpeg,01_kaggle_weapon,kaggle,b03d4f21ab260af84759e8c595113cdb08cb6753c23f0887ec7a1df9f695e888,,pending,,,,4
img_00000087,images/img_00000087.jpeg,01_kaggle_weapon,kaggle,1bdb103866019aab28251fadab0b77b6a978d4c8e6a35eb468742d3cda496619,,pending,,,,4
img_00000088,images/img_00000088.jpeg,01_kaggle_weapon,kaggle,2f51d42fa38d1902f89750175eb96d7fabfac7ff64aac3ecc37634029287149a,,pending,,,,4
img_00000089,images/img_00000089.jpeg,01_kaggle_weapon,kaggle,3d9f0d03c2fac6475a5582e3f40e72ff7d27f9ae840b320859a83237d3b4d9df,,pending,,,,4
img_00000090,images/img_00000090.jpeg,01_kaggle_weapon,kaggle,c20c69e5f7f6fc323d3419a2c0e25d135f370da35b8c23132fcb7c4d3df42496,,pending,,,,4
img_00000091,images/img_00000091.jpeg,01_kaggle_weapon,kaggle,7128ded3cf52c0290661b3a9deec49ec073611551dd6b00798882634ea9a8ea2,,pending,,,,4
img_00000092,images/img_00000092.jpeg,01_kaggle_weapon,kaggle,eda1e9cca6285abed595860023d125bd37aa9155ecc751ccabde39df1bcb3138,,pending,,,,4
img_00000093,images/img_00000093.jpeg,01_kaggle_weapon,kaggle,702f5934da06704afeccf1c519fe92e4161f607948a61c725e8ab8aee4642c13,,pending,,,,4
img_00000094,images/img_00000094.jpeg,01_kaggle_weapon,kaggle,51c4a6b6c277071ffa19db4d3eedddbe14d357c0bb1d8d322f625ef8ea7a9c3b,,pending,,,,4
img_00000095,images/img_00000095.jpeg,01_kaggle_weapon,kaggle,2d2cbc6f5e885258ed682d98338fbf616644c613a23b88a4ec1d438994b4ce5a,,pending,,,,4
img_00000096,images/img_00000096.jpeg,01_kaggle_weapon,kaggle,4c2abc93b53088035fa99fb345fed3d6165141adc4afa83dc873c8488a62b3dd,,pending,,,,4
img_00000097,images/img_00000097.png,01_kaggle_weapon,kaggle,8e35d4763b9e4c391a8b7ed266907ba5e5d1fcd782436e583c2a5d47230a3992,,pending,,,,4
img_00000098,images/img_00000098.jpeg,01_kaggle_weapon,kaggle,4a2f4e2ba2d55146c400f8786894f58b96e3636f297008cf51e4bcf7ed683603,,pending,,,,4
img_00000099,images/img_00000099.jpeg,01_kaggle_weapon,kaggle,cfd4d34e94aa1d9edada772fd0970125fa2a54aa545dfafbe05efbb95e03777b,,pending,,,,4
img_00000100,images/img_00000100.jpeg,01_kaggle_weapon,kaggle,844c65a2daaa4b73f007e6a3f53270653da2cdf9439a6e8f10d5bbd5ba9bea10,,pending,,,,4
img_00000101,images/img_00000101.jpeg,01_kaggle_weapon,kaggle,3c5bfbfd62f8f2b02d111d551a6b706f62b64e9137df61d76ce32427e5580385,,pending,,,,4
img_00000102,images/img_00000102.jpeg,01_kaggle_weapon,kaggle,ab806e9d781cedf858858f58f8baa4a1bfcbd1f60c635967d795d5a3326139b1,ood,reviewed,,Lello,2026-04-22T09:06:19+00:00,4
img_00000103,images/img_00000103.jpeg,01_kaggle_weapon,kaggle,51ca787f170a1018e75254cfb38e53aedea787bd57851078602ba64039c50336,,pending,,,,4
img_00000104,images/img_00000104.jpeg,01_kaggle_weapon,kaggle,de4536567c02fc44613e270b5d64ff30d1364bb0b26a718a148ad62efa293fbe,,pending,,,,4
img_00000105,images/img_00000105.png,01_kaggle_weapon,kaggle,50f0ae1795d52aa0b950b318bc1b98e226642ce348fc553ef8f8c87c00d73658,,pending,,,,4
img_00000106,images/img_00000106.jpeg,01_kaggle_weapon,kaggle,d96b3263d330e1e9e4e36c00e7da64eb055d13acdd9cdfb8063369ffab57a505,,pending,,,,4
img_00000107,images/img_00000107.jpeg,01_kaggle_weapon,kaggle,c695a8ca65a171fc22f75dd43437e1f8913a6e273b5b5e7aef3632aa035f8000,,pending,,,,4
img_00000108,images/img_00000108.jpeg,01_kaggle_weapon,kaggle,8c8b1a6a1229aaf0227b434ef85c3369021fbc7968af42e24006f92dd08b126d,,pending,,,,4
img_00000109,images/img_00000109.jpeg,01_kaggle_weapon,kaggle,f4ed7464a1dde06d5820fec18d3bc13d42e796444caadb80deb5a6edd1677925,,pending,,,,4
img_00000110,images/img_00000110.jpeg,01_kaggle_weapon,kaggle,72b84bee411732671c6ceea114d917d4f61e65344b13e7a952d1263d91ede7d7,,pending,,,,4
img_00000111,images/img_00000111.jpeg,01_kaggle_weapon,kaggle,281d327c9765b8cf74004d9be712d38698453b79a0fa70006208f1ea72373033,,pending,,,,4
img_00000112,images/img_00000112.png,01_kaggle_weapon,kaggle,70a6cfe01b8400acf1f66abbd36f05390f68c747064a0e6eeb53075da4ea1a7a,,pending,,,,4
img_00000113,images/img_00000113.jpeg,01_kaggle_weapon,kaggle,1da588e2b855c6bf15b66b1c093446702c9dd4a9465edee0555c91beee38cb47,,pending,,,,4
img_00000114,images/img_00000114.jpeg,01_kaggle_weapon,kaggle,5740f7a2ceef3897c4bfd27a41202d085e4cf24508ff4dba99283ad116884d1e,,pending,,,,4
img_00000115,images/img_00000115.jpeg,01_kaggle_weapon,kaggle,0b4953b1b03f5a87768742f3010ce5084e039b377de6aa01fc70c5399d3fe72d,,pending,,,,4
img_00000116,images/img_00000116.jpeg,01_kaggle_weapon,kaggle,3dc06eeebe309fcc448a772ce9edfb653ee5db743040f878946dbc329bffd542,,pending,,,,4
img_00000117,images/img_00000117.jpeg,01_kaggle_weapon,kaggle,737c6a61f2c61a29b1d5f4f99026c69e849ff67e0034d0292485fefd33c10f58,,pending,,,,4
img_00000118,images/img_00000118.jpeg,01_kaggle_weapon,kaggle,aa94579614253fed0819a55a27371810d1db1efd3e688d94a81c18280e9e6023,,pending,,,,4
img_00000119,images/img_00000119.jpeg,01_kaggle_weapon,kaggle,e21f29d7300fea54c7e34c77647e0a2c0ea519f5ceeb79e3a251027a0502573a,,pending,,,,4
img_00000120,images/img_00000120.png,01_kaggle_weapon,kaggle,048ff65e4455e505e0bd99c77df286e6829b770e43450b28f62b5e806844284a,,pending,,,,4
img_00000121,images/img_00000121.jpeg,01_kaggle_weapon,kaggle,9432e416cbc4976872f1438667c3e2bbfda86dda6849627988b1e67b5aa2b22a,,pending,,,,4
img_00000122,images/img_00000122.jpeg,01_kaggle_weapon,kaggle,434c27c37e2f2f72a2ba91fd2f3ec9418b529da647b6c6614d3ab27030e9c054,,pending,,,,4
img_00000123,images/img_00000123.jpeg,01_kaggle_weapon,kaggle,7c9fab78f3f7e080860a1d0a52cdb3590defb7e0837bd03bfc2dd9e45ec9bdbc,,pending,,,,4
img_00000124,images/img_00000124.jpeg,01_kaggle_weapon,kaggle,3ca078ac63e254dd141032039249281701d7d19586d443fe5c6ed76067683389,,pending,,,,4
img_00000125,images/img_00000125.jpeg,01_kaggle_weapon,kaggle,9638d90292eb092489fcb52a31f7391b602a4878ad2a0878a993d0e353e37931,weapon,reviewed,,Lello,2026-04-22T08:50:40+00:00,4
img_00000126,images/img_00000126.jpeg,01_kaggle_weapon,kaggle,fe973ca118e8e33758a29d64cb0d2e46356feca802b397b36d3a19c133fc495f,weapon,reviewed,,Lello,2026-04-22T08:50:41+00:00,4
img_00000127,images/img_00000127.jpeg,01_kaggle_weapon,kaggle,63a005592372def7414adc83bae1de11ac530fabf8be9e9d3b9b2b7dc1351306,weapon,reviewed,,Lello,2026-04-22T08:50:43+00:00,4
img_00000128,images/img_00000128.png,01_kaggle_weapon,kaggle,f021bcb3e39fdedbd2212ba38b68d7b36f38a88e5f7555e86ec2a2a49ad20084,weapon,reviewed,,Lello,2026-04-22T08:50:44+00:00,4
img_00000129,images/img_00000129.jpeg,01_kaggle_weapon,kaggle,6912da70b94387fc65665d272daf2a12272c3dbd2045a3994ee18686bc046879,weapon,reviewed,,Lello,2026-04-22T08:50:46+00:00,4
img_00000130,images/img_00000130.jpeg,01_kaggle_weapon,kaggle,0db44874ae62c532c231ba1d82b8117d2701561b824facc3d310fbf657e18bb3,weapon,reviewed,,Lello,2026-04-22T08:50:49+00:00,4
img_00000131,images/img_00000131.jpeg,01_kaggle_weapon,kaggle,fd099285453b789e059e6a26def826b5ee0acda60e621d6dbad985e54e61a098,weapon,reviewed,,Lello,2026-04-22T08:50:51+00:00,4
img_00000132,images/img_00000132.jpeg,01_kaggle_weapon,kaggle,84105c4775264d85305fe251b87407f4349a9586fa87bb1d72b1075bc0717314,weapon,reviewed,,Lello,2026-04-22T08:50:54+00:00,4
img_00000133,images/img_00000133.jpeg,01_kaggle_weapon,kaggle,e4320d322b310c716d2886b88ad19ef2783b95ab996b046b9e6afae72b931620,weapon,reviewed,,Lello,2026-04-22T08:50:56+00:00,4
img_00000134,images/img_00000134.jpeg,01_kaggle_weapon,kaggle,e609aee0aafbdb3af75cbda5fd32b06fa7c75189b26f57120d9d7a3f10dc8fc5,weapon,reviewed,,Lello,2026-04-22T08:50:57+00:00,4
img_00000135,images/img_00000135.jpeg,01_kaggle_weapon,kaggle,ad459a143250dbebfe9d2be907db3938b9a90c9cb869750b3ef85fdbd642fb7b,weapon,reviewed,,Lello,2026-04-22T08:50:59+00:00,4
img_00000136,images/img_00000136.jpeg,01_kaggle_weapon,kaggle,6935212f247479338ab542412da10d41196b6e5e1f3d2636338f3b1071e8cedf,weapon,reviewed,,Lello,2026-04-22T08:51:02+00:00,4
img_00000137,images/img_00000137.jpeg,01_kaggle_weapon,kaggle,a067e1901e7313cd6da70b97b1b62e8b07525d7855e11bf106e50e412d81ae08,weapon,reviewed,,Lello,2026-04-22T08:51:04+00:00,4
img_00000138,images/img_00000138.jpeg,01_kaggle_weapon,kaggle,5fbf5041006905c153d52f7fa8bad0438930867fa221ab1c61e086f86cdd20f9,weapon,reviewed,,Lello,2026-04-22T08:51:06+00:00,4
img_00000139,images/img_00000139.jpeg,01_kaggle_weapon,kaggle,33c069e03fdcecc4628be28b3317b0da9aafbf010980633a8489781741809c52,weapon,reviewed,,Lello,2026-04-22T08:51:08+00:00,4
img_00000140,images/img_00000140.jpeg,01_kaggle_weapon,kaggle,e796508f9ec7e62996c4e292d9a3effaf51f50fe735e6b3c6352da00e306131f,,pending,,,,4
img_00000141,images/img_00000141.png,01_kaggle_weapon,kaggle,85ef98c9a91829adf033e7627ecc3b896abd218cfd4d37a01bf53819d8ffae04,weapon,reviewed,,Lello,2026-04-22T08:51:11+00:00,4
img_00000142,images/img_00000142.jpeg,01_kaggle_weapon,kaggle,94de9b5b16a79843641571a3ef8e14836b5fa2d2ee21657fcff3c2cbddfc901c,weapon,reviewed,,Lello,2026-04-22T08:51:12+00:00,4
img_00000143,images/img_00000143.jpeg,01_kaggle_weapon,kaggle,165a322d3865296d214562a6a3425ac873b843c1aa7b6e7764aa08678ac6b862,weapon,reviewed,,Lello,2026-04-22T08:51:14+00:00,4
img_00000144,images/img_00000144.jpeg,01_kaggle_weapon,kaggle,3791ef269518187993b2487000d4edbfe1a1746568d3ba1f813a955b4c95fb18,weapon,reviewed,,Lello,2026-04-22T08:51:15+00:00,4
img_00000145,images/img_00000145.jpeg,01_kaggle_weapon,kaggle,c82e8dc9fd181021c6438dc38f2bca814dfe0dfd16a0e367adf64931fedb91ff,weapon,reviewed,,Lello,2026-04-22T08:51:17+00:00,4
img_00000146,images/img_00000146.jpeg,01_kaggle_weapon,kaggle,b01896e9e8a7e97f37f7710155eb534be78971e619aacab83970108b4a5abf10,weapon,reviewed,,Lello,2026-04-22T08:51:18+00:00,4
img_00000147,images/img_00000147.jpeg,01_kaggle_weapon,kaggle,9ad9aa84ff3fa884dbd4328ea64aceb4a49af88e0f75185c57993b7af5468466,weapon,reviewed,,Lello,2026-04-22T08:51:20+00:00,4
img_00000148,images/img_00000148.jpeg,01_kaggle_weapon,kaggle,f1486d51407b5248f3fbcfcf7ec09721bb0125d5f7269ddddcf5787e9acb2734,weapon,reviewed,,Lello,2026-04-22T08:51:21+00:00,4
img_00000149,images/img_00000149.jpeg,01_kaggle_weapon,kaggle,e3ec341f5d9062c8a04bbdafc7b37f49b8d1289271c19fc9618b6f6c43e2efe8,weapon,reviewed,,Lello,2026-04-22T08:51:22+00:00,4
img_00000150,images/img_00000150.jpeg,01_kaggle_weapon,kaggle,1bd3cf87a1178c3f3405487230e7ccedd92a0af10a98e9514c50df2cee600e22,weapon,reviewed,,Lello,2026-04-22T08:51:24+00:00,4
img_00000151,images/img_00000151.jpeg,01_kaggle_weapon,kaggle,1c3e30c8653d7c107c3dc00637ef84ef700e6b5981fd10f0403f1b46196e9ba6,weapon,reviewed,,Lello,2026-04-22T08:51:26+00:00,4
img_00000152,images/img_00000152.jpeg,01_kaggle_weapon,kaggle,60cbcdc8d9e7ea0545651d6b56bec84adfc4e28709b33f08bb1f5bd1020c9725,weapon,reviewed,,Lello,2026-04-22T08:51:27+00:00,4
img_00000153,images/img_00000153.png,01_kaggle_weapon,kaggle,0b22b9f6c8ea9dde8bfc39aabd1fb13d238aa1ae13452a73c1b80e29fd9cb8e4,weapon,reviewed,,Lello,2026-04-22T08:51:29+00:00,4
img_00000154,images/img_00000154.jpeg,01_kaggle_weapon,kaggle,514aee12c1f504518fc12d5774e1b3fc6e7565b15d7670642e3394f6e4dd7bde,weapon,reviewed,,Lello,2026-04-22T08:51:30+00:00,4
img_00000155,images/img_00000155.jpeg,01_kaggle_weapon,kaggle,faea579ddcba65c2d327aec667f2f9c14d8b50e4ffe4fabace1bb9f01d62a2fd,weapon,reviewed,,Lello,2026-04-22T08:51:32+00:00,4
img_00000156,images/img_00000156.jpeg,01_kaggle_weapon,kaggle,c331fbcbc63b354172bfc6977741240f8f0d61bd6e8c2917c00b3fbddf9a4c56,weapon,reviewed,,Lello,2026-04-22T08:51:33+00:00,4
img_00000157,images/img_00000157.jpeg,01_kaggle_weapon,kaggle,40de046c486cd629e4e4f4c068ba0fc990819778b0755d4ffd089da19891e854,weapon,reviewed,,Lello,2026-04-22T08:51:35+00:00,4
img_00000158,images/img_00000158.jpeg,01_kaggle_weapon,kaggle,e4f20f6be1aaf17d588c04fdb455e4c46c59f12bac798257d39bbb0c01b4fba9,weapon,reviewed,,Lello,2026-04-22T08:51:37+00:00,4
img_00000159,images/img_00000159.jpeg,01_kaggle_weapon,kaggle,0e1f75723decd3a587ae34be218a2396b5d7ff48d52a94c1a084edac890361df,weapon,reviewed,,Lello,2026-04-22T08:51:39+00:00,4
img_00000160,images/img_00000160.png,01_kaggle_weapon,kaggle,f5d312d7dcec328e43ca9fe258559a2f527f7fae15fad3b296e7064348de74c6,weapon,reviewed,,Lello,2026-04-22T08:51:41+00:00,4
img_00000161,images/img_00000161.jpeg,01_kaggle_weapon,kaggle,1cfb2d5bca4b2a0f041ddae5a0798a3611da19d6237e94d451f0301d8782fd5a,weapon,reviewed,,Lello,2026-04-22T08:51:43+00:00,4
img_00000162,images/img_00000162.jpeg,01_kaggle_weapon,kaggle,352cb9360f7b36a08854bcacebc292b257330183c54a120da674b72ce71f1618,weapon,reviewed,,Lello,2026-04-22T08:51:44+00:00,4
img_00000163,images/img_00000163.jpeg,01_kaggle_weapon,kaggle,e97a4ad59f9f63dbd298b909d5aa5b7f27d738015018e970524ab7863d1c41e7,weapon,reviewed,,Lello,2026-04-22T08:51:48+00:00,4
img_00000164,images/img_00000164.jpeg,01_kaggle_weapon,kaggle,43e5440d5a8b02ef0d0f5d38355efc636b22f8e64bf335943cce1d410b97fc88,ood,reviewed,,Lello,2026-04-22T08:51:53+00:00,4
img_00000165,images/img_00000165.jpeg,01_kaggle_weapon,kaggle,a1e2784acafcd3b0a823c320e51f404bc0ccda123e31953a0a9f8bc75aea9b1a,weapon,reviewed,,Lello,2026-04-22T08:51:55+00:00,4
img_00000166,images/img_00000166.jpeg,01_kaggle_weapon,kaggle,26596381c8b153d9f8fddc69d6441a854b8b358520371de5100ea501e164fda7,weapon,reviewed,,Lello,2026-04-22T08:51:58+00:00,4
img_00000167,images/img_00000167.jpeg,01_kaggle_weapon,kaggle,ded4cf0a2889a1e7a0ddf8c2136d8facebf9958cd39695e7475886161ca1ee48,weapon,reviewed,,Lello,2026-04-22T08:52:00+00:00,4
img_00000168,images/img_00000168.jpeg,01_kaggle_weapon,kaggle,948b21d06f447cf3b824ac0335e16b5ae96588b64bb9b5ff5116a161961e5cb7,weapon,reviewed,,Lello,2026-04-22T08:52:01+00:00,4
img_00000169,images/img_00000169.jpeg,01_kaggle_weapon,kaggle,83b245081858ffb88f14254705fd0744ec4a39e5712ec7600cbc1e9d43d438d9,weapon,reviewed,,Lello,2026-04-22T08:52:03+00:00,4
img_00000170,images/img_00000170.jpeg,01_kaggle_weapon,kaggle,c8ddaf5f776e07bfc702cf221d31feb4035af74588043bb92f1d90053bddf855,ood,reviewed,,Lello,2026-04-22T08:52:12+00:00,4
img_00000171,images/img_00000171.jpeg,01_kaggle_weapon,kaggle,4269273303fed105d08334fdef8db7c8d64917c8f2db996d0edb8b315f440bcb,ood,reviewed,,Lello,2026-04-22T08:52:14+00:00,4
img_00000172,images/img_00000172.jpeg,01_kaggle_weapon,kaggle,cab6f1798198535a2cfc1cb6097d7424791e6e1c2ec1cdca85d0f97ffed0bbba,ood,reviewed,,Lello,2026-04-22T08:52:16+00:00,4
img_00000173,images/img_00000173.jpeg,01_kaggle_weapon,kaggle,20e52485fa1309857fb3dd62cdcd64e596f4abc2964a1ed528fa0ef37c10c458,ood,reviewed,,Lello,2026-04-22T08:52:18+00:00,4
img_00000174,images/img_00000174.jpeg,01_kaggle_weapon,kaggle,56e73715251ecfc8ec9507d07a28b7d0bc8b2a99029b154350a29f423554f02d,ood,reviewed,,Lello,2026-04-22T08:52:20+00:00,4
img_00000175,images/img_00000175.jpeg,01_kaggle_weapon,kaggle,db217df11608b38758f3f39c92f7a9f50b66d3bdcfdc872bc891741f6660e00c,ood,reviewed,,Lello,2026-04-22T09:06:31+00:00,4
img_00000176,images/img_00000176.jpeg,01_kaggle_weapon,kaggle,a8d9f9c06d481a23936d4e9958da152a21b09eafbe2c482b5199e742df568d31,ood,reviewed,,Lello,2026-04-22T09:06:29+00:00,4
img_00000177,images/img_00000177.jpeg,01_kaggle_weapon,kaggle,785c560fbdf8f46fac22ac93261c09be34e3d0c96b4b94b11b59151991829e67,ood,reviewed,,Lello,2026-04-22T09:06:33+00:00,4
img_00000178,images/img_00000178.jpeg,01_kaggle_weapon,kaggle,402bf9d46cf416e0e24c0b0f5f886a7ce32fe77f3bb89195d2ed5f364d217d39,ood,reviewed,,Lello,2026-04-22T09:06:35+00:00,4
img_00000179,images/img_00000179.jpeg,01_kaggle_weapon,kaggle,fa0944a042d106b62eb0fc403ede717572d9d9092ec394192d4295e460484899,ood,reviewed,,Lello,2026-04-22T09:06:38+00:00,4
img_00000180,images/img_00000180.png,01_kaggle_weapon,kaggle,f9839303ffee711399933001f4f04f08653e8b5e0a904522a9a9437c1e82fd7d,ood,reviewed,,Lello,2026-04-22T09:06:40+00:00,4
img_00000181,images/img_00000181.png,01_kaggle_weapon,kaggle,acbcff2a817f7becb881f6783df7f4d1bc70a66adfb5f8f042338c83d7b16e08,ood,reviewed,,Lello,2026-04-22T09:06:42+00:00,4
img_00000182,images/img_00000182.jpeg,01_kaggle_weapon,kaggle,28d60cc4feb0ffc532fd8d95bf03aaf6de8eb8c04e2a08c9a584dd5b25e3121d,ood,reviewed,,Lello,2026-04-22T09:06:44+00:00,4
img_00000183,images/img_00000183.jpeg,01_kaggle_weapon,kaggle,caf1e9998e2df4e319ee72465e973184c3ac5ed0b1207aa8c6144891aec2731b,ood,reviewed,,Lello,2026-04-22T09:06:58+00:00,4
img_00000184,images/img_00000184.jpeg,01_kaggle_weapon,kaggle,027c7a412f5366bf82a8c51b4f410faebf05d2d5ed70e2e661f482805d8c2aff,ood,reviewed,,Lello,2026-04-22T09:07:00+00:00,4
img_00000185,images/img_00000185.jpeg,01_kaggle_weapon,kaggle,5c42695830d9af89f9af1008f0809cf194382d0ece69442c44f6191efaba3275,ood,reviewed,,Lello,2026-04-22T09:07:04+00:00,4
img_00000186,images/img_00000186.png,01_kaggle_weapon,kaggle,869d7a2bad16d6e86972b054beff6bed956ef83dae359b29712b8b796211a10c,ood,reviewed,,Lello,2026-04-22T09:07:07+00:00,4
img_00000187,images/img_00000187.jpeg,01_kaggle_weapon,kaggle,f269d9d7e7eaac5500e60c06d64967cb1e878bf1cbc566709d8c533ccb71b24c,ood,reviewed,,Lello,2026-04-22T09:07:12+00:00,4
img_00000188,images/img_00000188.jpeg,01_kaggle_weapon,kaggle,33fd9e8c1575819b5914b67f9268a941f3c4704f8a3b93fc0068a6d77e5f9aab,ood,reviewed,,Lello,2026-04-22T08:59:55+00:00,4
img_00000189,images/img_00000189.jpeg,01_kaggle_weapon,kaggle,5d9641b8bcab66e16267f2c4cccbcfda9b40517bcce7c5ea6a7451d3fe06b522,ood,reviewed,,Lello,2026-04-22T08:59:57+00:00,4
img_00000190,images/img_00000190.jpeg,01_kaggle_weapon,kaggle,d0ff2cb9ad2c74e4241e6812d206941acd6ae8af6483b4424b6745d3d19ed60f,ood,reviewed,,Lello,2026-04-22T08:59:58+00:00,4
img_00000191,images/img_00000191.jpeg,01_kaggle_weapon,kaggle,628a85093447e4d184783be4cdc35483dcfeda448a8e290a698f794f35fe5bd3,ood,reviewed,,Lello,2026-04-22T08:59:59+00:00,4
img_00000192,images/img_00000192.jpeg,01_kaggle_weapon,kaggle,c19f6055acbf4c3ce62de9d1fef4ecdc0894d6ad1dea9dc4b4f2096bc3485e93,ood,reviewed,,Lello,2026-04-22T09:00:01+00:00,4
img_00000193,images/img_00000193.jpeg,01_kaggle_weapon,kaggle,effe6376a3474990242e7ae37bbeca8918b5f6935b54ace1895be5ae23e45c27,ood,reviewed,,Lello,2026-04-22T09:00:02+00:00,4
img_00000194,images/img_00000194.jpeg,01_kaggle_weapon,kaggle,c48bf030f395e38f15ac4b5d6a0a9f7bc2cf4eb27537a7b61997d8269b918283,ood,reviewed,,Lello,2026-04-22T09:00:04+00:00,4
img_00000195,images/img_00000195.jpeg,01_kaggle_weapon,kaggle,f590e16d78a1c35855bb19eec81296f597b88042a9632560309ff7a28fa28e66,ood,reviewed,,Lello,2026-04-22T09:00:05+00:00,4
img_00000196,images/img_00000196.jpeg,01_kaggle_weapon,kaggle,b66a7a5c6573015e31c17ea563867d5d043e7dd58449017dfa2a94a7d3e88cf8,ood,reviewed,,Lello,2026-04-22T09:00:06+00:00,4
img_00000197,images/img_00000197.jpeg,01_kaggle_weapon,kaggle,e5ece63eef6c7e39b3e954bed025af44a580b997a799b4a361215c3b7c6b5190,ood,reviewed,,Lello,2026-04-22T09:00:09+00:00,4
img_00000198,images/img_00000198.jpeg,01_kaggle_weapon,kaggle,225eb52ff5bd0c7626ae8c358959bda40536198440d96275d98138953cb2e4fd,ood,reviewed,,Lello,2026-04-22T09:00:11+00:00,4
img_00000199,images/img_00000199.jpeg,01_kaggle_weapon,kaggle,ca58da7394b524f7bf9fb07bd53ebed2f23891a638ad81c3aad1940ef74c8fa7,ood,reviewed,,Lello,2026-04-22T09:00:12+00:00,4
img_00000200,images/img_00000200.jpeg,01_kaggle_weapon,kaggle,8418f4b35779db84a93999cc458ff47075a0a825145ae068772c3881a856b7e5,ood,reviewed,,Lello,2026-04-22T09:00:14+00:00,4
img_00000201,images/img_00000201.png,01_kaggle_weapon,kaggle,d1c3d374d0ab2df93c2439474c64d0ab9de1a5af3cbddbb49ef0186a655271fc,ood,reviewed,,Lello,2026-04-22T09:00:15+00:00,4
img_00000202,images/img_00000202.jpeg,01_kaggle_weapon,kaggle,62b0a61e559fb4bf83c315e038e427259b9a1dab0f6ee6190510839002673d75,ood,reviewed,,Lello,2026-04-22T09:00:17+00:00,4
img_00000203,images/img_00000203.jpeg,01_kaggle_weapon,kaggle,4b4c4a57e8a88e8394f65c54abea50e7b8d7e0a6b1fd83caa5f4d85f59ee9814,ood,reviewed,,Lello,2026-04-22T09:00:18+00:00,4
img_00000204,images/img_00000204.jpeg,01_kaggle_weapon,kaggle,c92003e1235af876c8ef182e52db34b39ce73b2cbae2934ae9fa71b34e0ac780,ood,reviewed,,Lello,2026-04-22T09:00:20+00:00,4
img_00000205,images/img_00000205.jpeg,01_kaggle_weapon,kaggle,d355e565c56dad0a588fc795e446b024fcb0d8e06f5f3c70f917fe059d077ee9,ood,reviewed,,Lello,2026-04-22T09:00:21+00:00,4
img_00000206,images/img_00000206.jpeg,01_kaggle_weapon,kaggle,b3d1f5592b901f30b28018f7f2a99792a219fd6e85a8d00ff678e0c037dd941f,ood,reviewed,,Lello,2026-04-22T09:00:22+00:00,4
img_00000207,images/img_00000207.jpeg,01_kaggle_weapon,kaggle,d3d7a7250cc7f530699155e505456809dcdd438c30324ed1ae4385d8fbc053e0,ood,reviewed,,Lello,2026-04-22T09:00:24+00:00,4
img_00000208,images/img_00000208.jpeg,01_kaggle_weapon,kaggle,40eec9a45fbca2081695e75aee6a05752debd9c812d07073e1e03c42ccf4e4af,ood,reviewed,,Lello,2026-04-22T09:00:25+00:00,4
img_00000209,images/img_00000209.jpeg,01_kaggle_weapon,kaggle,a1573507e7e4d911ad2c67e67ef2ad31095d236e33e3a835809c365e8b732e5b,ood,reviewed,,Lello,2026-04-22T09:00:26+00:00,4
img_00000210,images/img_00000210.jpeg,01_kaggle_weapon,kaggle,045986ce89901659615531315c97f38b9abceed1ff2e8480c4149243fd122a55,ood,reviewed,,Lello,2026-04-22T09:00:28+00:00,4
img_00000211,images/img_00000211.jpeg,01_kaggle_weapon,kaggle,8c1595a0cad09b7863b865fdc61a0eb0217c28a546fe8aa1064115787e8a85df,ood,reviewed,,Lello,2026-04-22T09:00:29+00:00,4
img_00000212,images/img_00000212.jpeg,01_kaggle_weapon,kaggle,ec669072ad27bfb19ed75e32d69ddca4937225c3bca57e268b6317d35dbf27d8,ood,reviewed,,Lello,2026-04-22T09:00:30+00:00,4
img_00000213,images/img_00000213.jpeg,01_kaggle_weapon,kaggle,37a2e0fb09720dd45291ebd39e22afa20195f77a1ba62bcaaf74b0a37708d752,ood,reviewed,,Lello,2026-04-22T09:00:31+00:00,4
img_00000214,images/img_00000214.jpeg,01_kaggle_weapon,kaggle,6f24751253a8aa3ffa536a921d05c1f66e64e41e77492a8f8cae363d94faa136,ood,reviewed,,Lello,2026-04-22T09:00:33+00:00,4
img_00000215,images/img_00000215.jpeg,01_kaggle_weapon,kaggle,8dfc32000fda5a9505874fd605b5572acd9ba6dced62154188aa514e5c066c65,ood,reviewed,,Lello,2026-04-22T09:00:34+00:00,4
img_00000216,images/img_00000216.png,01_kaggle_weapon,kaggle,e1292f6200b8a8284ec8199b0f363e520b4ec15152f592196981a753386c1367,ood,reviewed,,Lello,2026-04-22T09:00:35+00:00,4
img_00000217,images/img_00000217.jpeg,01_kaggle_weapon,kaggle,f2315109f9cdcd1e499e74e02f573ae2070af1c31471a141b75044da67cd322e,ood,reviewed,,Lello,2026-04-22T09:00:37+00:00,4
img_00000218,images/img_00000218.jpeg,01_kaggle_weapon,kaggle,829e75fa3f72a157c21917cd5c2f7ec5c0f1e83a36f1c9814ce1314d1d0aeee0,weapon,reviewed,,Lello,2026-04-22T09:00:38+00:00,4
img_00000219,images/img_00000219.jpeg,01_kaggle_weapon,kaggle,dbec6e62b1978891632993a467937cdc9a59e08567fd037c1ade97d30d98aa4e,weapon,reviewed,,Lello,2026-04-22T09:00:39+00:00,4
img_00000220,images/img_00000220.jpeg,01_kaggle_weapon,kaggle,6350710988c99f6128f8b05a90112d24e46172a2a897c2e925745906dc8dc050,weapon,reviewed,,Lello,2026-04-22T09:00:41+00:00,4
img_00000221,images/img_00000221.png,01_kaggle_weapon,kaggle,a3e1916dd7ec12fad6bd6fd094327dab663f4105183b86c96ba91e14d8003c12,weapon,reviewed,,Lello,2026-04-22T09:00:42+00:00,4
img_00000222,images/img_00000222.jpeg,01_kaggle_weapon,kaggle,cb3e8760a649d57266baaf33606a2b264857bc107acdee7bfc83520b7beec5b3,weapon,reviewed,,Lello,2026-04-22T09:00:44+00:00,4
img_00000223,images/img_00000223.png,01_kaggle_weapon,kaggle,00bc1c9fabb12d6a32959bd57a58a283cbf4416329abc29cf2a7d284077d310e,weapon,reviewed,,Lello,2026-04-22T09:00:46+00:00,4
img_00000224,images/img_00000224.jpeg,01_kaggle_weapon,kaggle,c589faea186da16c0aaa5b02d32736207f1f021014da9aa87a25eda3ea7dcfea,,pending,,,,4
img_00000225,images/img_00000225.jpeg,01_kaggle_weapon,kaggle,6f71ab535b8ebf9fc9f67aca862bad05944c7102d2fc982b32d8d549618e4c61,weapon,reviewed,,Lello,2026-04-22T09:00:49+00:00,4
img_00000226,images/img_00000226.jpeg,01_kaggle_weapon,kaggle,11a1e29931a3851efdce39815edb024f3870681cfad77410a882141aa0fb66af,weapon,reviewed,,Lello,2026-04-22T09:00:50+00:00,4
img_00000227,images/img_00000227.jpeg,01_kaggle_weapon,kaggle,7ef02df48c5559476b2087ffd2c492036efc912e505e6f4434d5d5b611b9f293,,pending,,,,4
img_00000228,images/img_00000228.jpeg,01_kaggle_weapon,kaggle,2a9295262e171c0ac2fc90733bb3c74317e7787e049c0d29ed68577be709cd22,,pending,,,,4
img_00000229,images/img_00000229.jpeg,01_kaggle_weapon,kaggle,fca34242b5dfe05e598f17dfad24e642e8448ec8aaf67395080d820c88090512,weapon,reviewed,,Lello,2026-04-22T09:00:52+00:00,4
img_00000230,images/img_00000230.png,01_kaggle_weapon,kaggle,ebb07eb4f0a7c398919fc492005fc3ecf831a822408a9f15de7e8c4cab88fd93,weapon,reviewed,,Lello,2026-04-22T09:00:54+00:00,4
img_00000231,images/img_00000231.jpeg,01_kaggle_weapon,kaggle,3ee76c6db83f669036ead39c858c042217d65e046251187616c399b4f4f88d71,weapon,reviewed,,Lello,2026-04-22T09:00:55+00:00,4
img_00000232,images/img_00000232.jpeg,01_kaggle_weapon,kaggle,a8f65a11db3bea7acbc1f70954de12716bdce3d50b86541f0011b50c641941cb,weapon,reviewed,,Lello,2026-04-22T09:00:59+00:00,4
img_00000233,images/img_00000233.jpeg,01_kaggle_weapon,kaggle,bbaded0037fd0ec0972b6fe5ecfab27a5f26ede6c1417bf02b9a14d73a3f0b84,weapon,reviewed,,Lello,2026-04-22T09:01:01+00:00,4
img_00000234,images/img_00000234.jpeg,01_kaggle_weapon,kaggle,633846f757b634766416f062ebf63babe2547d516c0f0835f2f31c950b93dd01,weapon,reviewed,,Lello,2026-04-22T09:01:03+00:00,4
img_00000235,images/img_00000235.jpeg,01_kaggle_weapon,kaggle,ce417b1fe908213a08484cc21fc0664c4feeb595ca059849c83a7181be94f4d9,weapon,reviewed,,Lello,2026-04-22T09:01:08+00:00,4
img_00000236,images/img_00000236.png,01_kaggle_weapon,kaggle,98249d5b5069c4f713a355a43aee2750f5665da11c606d66f10c052d28d42452,weapon,reviewed,,Lello,2026-04-22T09:01:10+00:00,4
img_00000237,images/img_00000237.jpeg,01_kaggle_weapon,kaggle,024f9e568eb40d900766ff061818455ec30c022d7d69ef7240d023d0bf5d9904,ood,reviewed,,Lello,2026-04-22T09:01:12+00:00,4
img_00000238,images/img_00000238.jpeg,01_kaggle_weapon,kaggle,deaaf37f7823897f7f994e88e2f8ec55f5fdde7e6d8dcae67cb85552a2481801,weapon,reviewed,,Lello,2026-04-22T09:01:15+00:00,4
img_00000239,images/img_00000239.jpeg,01_kaggle_weapon,kaggle,496c58b5c820b2f7f41ebc45f1d4d2facf794f44c49d675399ed0f0da1c197e5,weapon,reviewed,,Lello,2026-04-22T09:01:16+00:00,4
img_00000240,images/img_00000240.jpeg,01_kaggle_weapon,kaggle,751894f8a94e64bbab15e3bcc23b185c10bdc4ee965323d701d7aa188b1fc388,weapon,reviewed,,Lello,2026-04-22T09:01:18+00:00,4
img_00000241,images/img_00000241.jpeg,01_kaggle_weapon,kaggle,71a4e97a114da0d1af98aec2e188c949d94c2714ef5d5bfa13fa35e02f6a2bbe,weapon,reviewed,,Lello,2026-04-22T09:01:20+00:00,4
img_00000242,images/img_00000242.jpeg,01_kaggle_weapon,kaggle,9b3fd5da5d1fea4af50b9508cc6dbbe4d6b256c19a797295e57b0cee37c6de2f,,pending,,,,4
img_00000243,images/img_00000243.jpeg,01_kaggle_weapon,kaggle,b1dd3567cd4a467169f3f916840111fdf98d9c915f186b0d1e383ed27e8fbec9,,pending,,,,4
img_00000244,images/img_00000244.jpeg,01_kaggle_weapon,kaggle,ff765c0b387eecc2f7c138eabf3906fd643aca64cd6e4324d37b627fe6a6c951,,pending,,,,4
img_00000245,images/img_00000245.jpeg,01_kaggle_weapon,kaggle,a3eb80dc1cd7c89a12be5a16b43e4cdacd9f9f637d4a084f57a3993e6b8a59b0,,pending,,,,4
img_00000246,images/img_00000246.jpeg,01_kaggle_weapon,kaggle,e661852619f6eaa37e0639a32263b14bdab7c1d8ab8c0562089f89d883fcac02,,pending,,,,4
img_00000247,images/img_00000247.png,01_kaggle_weapon,kaggle,8765f25d7d48dc8c09cfff4561998a92cf384b61340c6e14cf88bc0c2fad7b83,weapon,reviewed,,Lello,2026-04-22T09:01:24+00:00,4
img_00000248,images/img_00000248.jpeg,01_kaggle_weapon,kaggle,63c336ccf48c101e03f0fbe249b1a52c5096d5f0b40bc637c73d4f19854facfe,,pending,,,,4
img_00000249,images/img_00000249.jpeg,01_kaggle_weapon,kaggle,74ce871bc526b6868a4ec4767ded07295c55ce7222474f89682d182aa7b7e925,,pending,,,,4
img_00000250,images/img_00000250.jpeg,01_kaggle_weapon,kaggle,332a75449afd5eec17c16a3aa68dba69a448789775e62fe15b85e4135c1b388e,,pending,,,,4
img_00000251,images/img_00000251.jpeg,01_kaggle_weapon,kaggle,ac9a29f0e164a6037adc146e7bd2672081363d1c766c7de18fcfb671428128c4,,pending,,,,4
img_00000252,images/img_00000252.jpeg,01_kaggle_weapon,kaggle,f3f03cd773ab594db65b7b9a2623b004d0047f93bd7ef612581027cf38fe837b,,pending,,,,4
img_00000253,images/img_00000253.jpeg,01_kaggle_weapon,kaggle,d68e07692587ed37871bed323f6e1634f9d509f16acf6527310e0a955a588ce5,,pending,,,,4
img_00000254,images/img_00000254.jpeg,01_kaggle_weapon,kaggle,ff6b7c4add4dae40141d8241c07388b744f7741fc29844c6e18df031dc376bdf,,pending,,,,4
img_00000255,images/img_00000255.jpeg,01_kaggle_weapon,kaggle,a474119041a0116bc86c22168b58665e7a68e4d7a2480926353437800a8b43f3,,pending,,,,4
img_00000256,images/img_00000256.jpeg,01_kaggle_weapon,kaggle,9553dcf0748ab68caeeaa2af3da2a49edcb7a4ee61619e916a3432cccc80056f,,pending,,,,4
img_00000257,images/img_00000257.jpeg,01_kaggle_weapon,kaggle,61249901ccb353e00d1ac86671a2864e0d7c4bd228b406b7c4ec3c0b9915a8bd,,pending,,,,4
img_00000258,images/img_00000258.jpeg,01_kaggle_weapon,kaggle,27dccff0e22e9a165ff41cc6cce128e84b39de74da49f2ebbd671a520fd6be2f,,pending,,,,4
img_00000259,images/img_00000259.jpeg,01_kaggle_weapon,kaggle,1a0793cfea610da4aacca9627459409d1a67db48e083739106ce6505c0610af7,,pending,,,,4
img_00000260,images/img_00000260.jpeg,01_kaggle_weapon,kaggle,1c504ba5d931198e1ca2dc05003329de51c699f1215f677ecba7c88d5c918775,,pending,,,,4
img_00000261,images/img_00000261.jpeg,01_kaggle_weapon,kaggle,4be8234f66dc31fefd7f2de7c501f03d0c9857e241d702dda85a96f54ecf2a9b,,pending,,,,4
img_00000262,images/img_00000262.png,01_kaggle_weapon,kaggle,d6d62d58dedc2b76e19e063b53c5e1132a1989439b77c29205c694bc6afc1871,,pending,,,,4
img_00000263,images/img_00000263.jpeg,01_kaggle_weapon,kaggle,ee6fe5a3bf94e518ebfd14ba1431475d94f72d8e7cbe69f3f7c2aa8fb29a7b4f,ood,reviewed,,Lello,2026-04-22T09:07:22+00:00,4
img_00000264,images/img_00000264.jpeg,01_kaggle_weapon,kaggle,cc64f5e39559875162b27e9d5270e183e2a1147b821d1027c76baf98606c2ad2,,pending,,,,4
img_00000265,images/img_00000265.jpeg,01_kaggle_weapon,kaggle,00b10f8dee1937dd159fee7b268a037b0c68bcf1be380d7660600fd805307d82,,pending,,,,4
img_00000266,images/img_00000266.jpeg,01_kaggle_weapon,kaggle,6cc7b37ef3ba49031347a90d512197b2b97054b3794a1039355e7882e48b941d,,pending,,,,4
img_00000267,images/img_00000267.png,01_kaggle_weapon,kaggle,08dc0c0d2c7db5e4d740017e35493a351ad0d1cffce33dfccafe52f3d00a3ffb,,pending,,,,4
img_00000268,images/img_00000268.jpeg,01_kaggle_weapon,kaggle,98976008222c33a6c64f166e8b10625321345635c8284ba801b468aa1516c93d,,pending,,,,4
img_00000269,images/img_00000269.jpeg,01_kaggle_weapon,kaggle,c1eb64c537f5141d904fb110d70bfe37f34eff3336013b5610203f3a06da49f7,,pending,,,,4
img_00000270,images/img_00000270.jpeg,01_kaggle_weapon,kaggle,ee54bcc88073326df4c380ad23b6ba55cb5805c3ac5a5b1f092c43b0e2edc54f,,pending,,,,4
img_00000271,images/img_00000271.png,01_kaggle_weapon,kaggle,1e1d5d9fac3ba6e7d134ac549a92ae0278e50f8596de5a80b7985aad30b36e89,,pending,,,,4
img_00000272,images/img_00000272.jpeg,01_kaggle_weapon,kaggle,96c403b8e43152f11ae630f4bab16512519e6b0c84103945815855362c2407b6,weapon,reviewed,,Lello,2026-04-22T09:07:26+00:00,4
img_00000273,images/img_00000273.jpeg,01_kaggle_weapon,kaggle,e2af1a2f8c96c980dd420a0c3a9e981da025df5a7ae5cd7668c1f8d4a609314d,weapon,reviewed,,Lello,2026-04-22T09:07:29+00:00,4
img_00000274,images/img_00000274.jpeg,01_kaggle_weapon,kaggle,3822db17442e5913e3196575847fab25d63d702415e8022f8a830feccd8fe445,,pending,,,,4
img_00000275,images/img_00000275.jpeg,01_kaggle_weapon,kaggle,19bb2fd2b01b7e4a7dfdced362d104d3235a0275f027930b4d78779b1f1c2405,,pending,,,,4
img_00000276,images/img_00000276.jpeg,01_kaggle_weapon,kaggle,ebebf68e2e91f98a3bc73eaced9c25a2731ff4b4fbe14f28fceeb58985d7d692,,pending,,,,4
img_00000277,images/img_00000277.jpeg,01_kaggle_weapon,kaggle,ead24d26b20dea8178905933804387dcb032e00ad8bdf254830f0e6561325cc1,,pending,,,,4
img_00000278,images/img_00000278.jpeg,01_kaggle_weapon,kaggle,0e68490f517c2a39cdb17d6d2d8f212a9af70adbb776428b026dbaf3ae086892,,pending,,,,4
img_00000279,images/img_00000279.jpeg,01_kaggle_weapon,kaggle,9f347eee7278a2fc821cebd0fd057c75100db0850b5b9109634ce2c82a4ae4ba,,pending,,,,4
img_00000280,images/img_00000280.jpeg,01_kaggle_weapon,kaggle,7d23780b0cd5dcf9a6ab158f4a0b8da10ffe6ed3ff8d4b80c685142e919d36e7,,pending,,,,4
img_00000281,images/img_00000281.jpeg,01_kaggle_weapon,kaggle,56db8a89a361ed14d99ca4ef3bf95b9420d3dc27d98599ec0bb7abd9053485aa,,pending,,,,4
img_00000282,images/img_00000282.jpeg,01_kaggle_weapon,kaggle,ecc2c7b12187427050f1dcd9593387e5818c11e0c9bb75fb7bd6d3bd21707795,,pending,,,,4
img_00000283,images/img_00000283.jpeg,01_kaggle_weapon,kaggle,b2ba0528bfe8f2a0680215850ab82611a7d4383aceba98a08c149766dc1066c8,,pending,,,,4
img_00000284,images/img_00000284.png,01_kaggle_weapon,kaggle,763ff7a35ef01d74dd9c1c712acd9fe1f666176d98a11563ad40fca9c4daae27,,pending,,,,4
img_00000285,images/img_00000285.jpeg,01_kaggle_weapon,kaggle,8d621dd9f9d461a64fe3684b44edd61a5a221084c51f407a201f0f46656c0944,,pending,,,,4
img_00000286,images/img_00000286.jpeg,01_kaggle_weapon,kaggle,ab8d83a0a1a58e17af3edcfdbde3b74012055ece228132f96f8fa24a81a5ea97,,pending,,,,4
img_00000287,images/img_00000287.jpeg,01_kaggle_weapon,kaggle,77f8c28b916297a829d35403c6c5bbfc24a23b784be498e67f1c44c59d072d71,,pending,,,,4
img_00000288,images/img_00000288.png,01_kaggle_weapon,kaggle,8cf01cfa71fdb00a678d6d7004690e3701dde86fef2711fd00bb091ede59d694,weapon,reviewed,,Lello,2026-04-22T09:07:37+00:00,4
img_00000289,images/img_00000289.jpeg,01_kaggle_weapon,kaggle,f0e283d0ad3c158a15f7b04fe45dfe67e1432b1ef8c4d53096eea5cae2cc1887,,pending,,,,4
img_00000290,images/img_00000290.png,01_kaggle_weapon,kaggle,2d19e4a4a3c4a77ab2150d6bd9ba4580f35fe59e53028bede12b4916bd2b2bb0,,pending,,,,4
img_00000291,images/img_00000291.jpeg,01_kaggle_weapon,kaggle,50776d5397df95cbed42880c75c51bdb7b5c5154c33c6d7ec7e32b5a63f4f532,,pending,,,,4
img_00000292,images/img_00000292.png,01_kaggle_weapon,kaggle,88a5454ae3874530e2c6a53149fb99ccc1d23659837ef2570ce91277d0a17ada,,pending,,,,4
img_00000293,images/img_00000293.jpeg,01_kaggle_weapon,kaggle,da990903eccc877c80b1e07b1561ecf014701fe9d6f7a5a91308664deb85d3b6,weapon,reviewed,,Lello,2026-04-22T09:07:40+00:00,4
img_00000294,images/img_00000294.jpeg,01_kaggle_weapon,kaggle,aaa410f54cc65a6910b53cebf05b28e98871834c962b5770bc9af4277a61d45c,,pending,,,,4
img_00000295,images/img_00000295.jpeg,01_kaggle_weapon,kaggle,d82ee9e62556420053fecb39c0b5e21dece59ee67c20e580d89241ac287ada8c,,pending,,,,4
img_00000296,images/img_00000296.jpeg,01_kaggle_weapon,kaggle,5257d298a80c94da6ac9f825a33d81e4b86a7302d882888680a37afb825c2cd1,,pending,,,,4
img_00000297,images/img_00000297.jpeg,01_kaggle_weapon,kaggle,d7fd42fccb1d14350242b53e9c5ab8b97aeb485ce89c14206afb880dbca62e31,,pending,,,,4
img_00000298,images/img_00000298.jpeg,01_kaggle_weapon,kaggle,39fd5881fb21f81f886cc80fc4847ea5efcccc2d39e3926baece68022e908786,,pending,,,,4
img_00000299,images/img_00000299.jpeg,01_kaggle_weapon,kaggle,15c4e03e8977e4af19b60ef9193c64a894fc69087b9242f1373ffee55ddd7b3b,weapon,reviewed,,Lello,2026-04-22T09:07:45+00:00,4
img_00000300,images/img_00000300.jpeg,01_kaggle_weapon,kaggle,6eefdd5cf7a9c6af7df6a25322cf1710185a79b2761954503afd0c930138ff8a,,pending,,,,4
img_00000301,images/img_00000301.jpeg,01_kaggle_weapon,kaggle,bbf2bf504c1e1986416abbfec8fa31a15b0e15273eba0a019e8fb069c4fffcf1,,pending,,,,4
img_00000302,images/img_00000302.jpeg,01_kaggle_weapon,kaggle,5f4abc3aecf513040c00e1b64b256a2d706f4eb7c3cd4d0b70e598c4a06c7dca,,pending,,,,4
img_00000303,images/img_00000303.jpeg,01_kaggle_weapon,kaggle,35bb18be04a089f35cc339347daf8cdfb713021696331a766f6f01f6f072d4ba,,pending,,,,4
img_00000304,images/img_00000304.jpeg,01_kaggle_weapon,kaggle,ad977932f18ad61980adb94b5df2522d0e786fb4de049424573d069b84316e36,,pending,,,,4
img_00000305,images/img_00000305.png,01_kaggle_weapon,kaggle,afa3aaeb4838cae49c60683ccafdfd6ec60f7ded0c2df9d150aa64659d03957c,,pending,,,,4
img_00000306,images/img_00000306.jpeg,01_kaggle_weapon,kaggle,a81c0d49edd63281e86211919701ec8524cc140dd3188ab8b7704fc833f3c875,,pending,,,,4
img_00000307,images/img_00000307.jpeg,01_kaggle_weapon,kaggle,bc1a2c6380fa99c983dad529ebbfb3700172f9f905f45321f0e17720996959e7,weapon,reviewed,,Lello,2026-04-22T09:07:47+00:00,4
img_00000308,images/img_00000308.jpeg,01_kaggle_weapon,kaggle,c8e1115fe060f453d2211b8c23feeb68241cfdd7c55b572adaacc44b76136060,ood,reviewed,,Lello,2026-04-22T09:07:50+00:00,4
img_00000309,images/img_00000309.jpeg,01_kaggle_weapon,kaggle,ca71aacbf82cebcd54e6499b7525807dbd832ac5fbccd9882fd667691b5530e8,,pending,,,,4
img_00000310,images/img_00000310.jpeg,01_kaggle_weapon,kaggle,dadff641b639a04812ecedabd43c94146857940f7df6e88bc74dc105be17b47e,,pending,,,,4
img_00000311,images/img_00000311.jpeg,01_kaggle_weapon,kaggle,c717d699d877c51a1834e945ae6a94fa12ffecc352c0893b01650b899e42e309,,pending,,,,4
img_00000312,images/img_00000312.jpeg,01_kaggle_weapon,kaggle,3dc642557c8763b88b371764119eca13678ea3dabba12478851eab43c2760c76,ood,reviewed,,Lello,2026-04-22T09:07:55+00:00,4
img_00000313,images/img_00000313.jpeg,01_kaggle_weapon,kaggle,21551cabbe0a4393773eab7ef4796be7183a915ed5b34f2ba2046e2c0c11759c,,pending,,,,4
img_00000314,images/img_00000314.jpeg,01_kaggle_weapon,kaggle,52d6d33d022adae9edfe4609ea397da947776c49af9344dad749d91c0834c247,weapon,reviewed,,Lello,2026-04-22T09:07:58+00:00,4
img_00000315,images/img_00000315.jpeg,01_kaggle_weapon,kaggle,11827b5fa86aa3c64fe28fb5677b759b014100a03e1f88b224364248975f4bdf,weapon,reviewed,,Lello,2026-04-22T09:07:57+00:00,4
img_00000316,images/img_00000316.jpeg,01_kaggle_weapon,kaggle,aeb081ad91114d2c5d6a3d2800d2cb2c6d0c7c8752da1a785464d04c8f9b3532,,pending,,,,4
img_00000317,images/img_00000317.jpeg,01_kaggle_weapon,kaggle,8d40f99a1853bdcc86fb99d7bfccd77c66b1b15cb781ad8ca472c644918bc09c,,pending,,,,4
img_00000318,images/img_00000318.jpeg,01_kaggle_weapon,kaggle,80bc469cb170f1b9f287702199cf48c8649bdc3cfa27c08a6201e2974b366cdf,,pending,,,,4
img_00000319,images/img_00000319.jpeg,01_kaggle_weapon,kaggle,4db16a61f82e51463b3854f595394fba6a1a4247c0a24ff41d948941aba9121f,,pending,,,,4
img_00000320,images/img_00000320.jpeg,01_kaggle_weapon,kaggle,3000cef50f6a07c854c3fa5003b2791b45131b75b20ec134655153c6cf21644f,,pending,,,,4
img_00000321,images/img_00000321.jpeg,01_kaggle_weapon,kaggle,a70e7a97bb7c7de1994db1525dcf260eb1b5ae996e548eee01ab2d44dadcc0ac,,pending,,,,4
img_00000322,images/img_00000322.jpeg,01_kaggle_weapon,kaggle,8bea069fc86139e8ab330c5769b577d7de073aec9af2dda72bd2cae901ff6b61,,pending,,,,4
img_00000323,images/img_00000323.jpeg,01_kaggle_weapon,kaggle,f214fbd3bebd0a6ba0ed9b43446ec8e2f25991c0efba424051c6e8501a4eed55,,pending,,,,4
img_00000324,images/img_00000324.jpeg,01_kaggle_weapon,kaggle,ce7c04050e2b91e68d3c6c6a917115ad776f4af2c46aefe0fcb1f23ae3e58fc2,weapon,reviewed,,Lello,2026-04-22T09:08:08+00:00,4
img_00000325,images/img_00000325.jpeg,01_kaggle_weapon,kaggle,15f7f374bd5d6fe1c7af06acabf4e45e3fc195d4600fd7a3db5bff6dd0784982,weapon,reviewed,,Lello,2026-04-22T09:01:45+00:00,4
img_00000326,images/img_00000326.jpeg,01_kaggle_weapon,kaggle,2df53d09a560d140faf98ec70dc8718847192a6dc1dc91b5812e839e2674170c,ood,reviewed,,Lello,2026-04-22T09:08:05+00:00,4
img_00000327,images/img_00000327.jpeg,01_kaggle_weapon,kaggle,f504972e4cf3e08e91c08fc1ede257879161ee06d706a99fc9c73da915ca5ad7,weapon,reviewed,,Lello,2026-04-22T09:01:42+00:00,4
img_00000328,images/img_00000328.jpeg,01_kaggle_weapon,kaggle,662493391ecfbbebc00405248bc1b502a28a421e7e980f72ef6daaa5403a5b75,,pending,,,,4
img_00000329,images/img_00000329.jpeg,01_kaggle_weapon,kaggle,f18caee8cb94de957b912a744a2542e9083f6a8df38ff41523d7221813f17479,,pending,,,,4
img_00000330,images/img_00000330.jpeg,01_kaggle_weapon,kaggle,71c834dd7b2ad6f84a945a7df19aeaaca90b2e50b545740a3b0e9aa8058adafc,,pending,,,,4
img_00000331,images/img_00000331.jpeg,01_kaggle_weapon,kaggle,c85a8e51a5a998e30dad076cf74dac1dc62e3ac6bf586c94218e993459b27cd8,ood,reviewed,,Lello,2026-04-22T09:08:17+00:00,4
img_00000332,images/img_00000332.jpeg,01_kaggle_weapon,kaggle,b225f01bf8d2a61965446f2f25312f912315acf5d43ed8bf2ed2b58cfa7f812d,,pending,,,,4
img_00000333,images/img_00000333.png,01_kaggle_weapon,kaggle,e0cfafe616f274cb7b2b3790968f5cb8cdb122c2c5560cf1f446709ec6be356e,,pending,,,,4
img_00000334,images/img_00000334.png,01_kaggle_weapon,kaggle,a58768cf6fac2fb5cd6344c42ce9310b02b44d28e34b4096ab58bd540051da29,ood,reviewed,,Lello,2026-04-22T09:08:15+00:00,4
img_00000335,images/img_00000335.jpeg,01_kaggle_weapon,kaggle,cd9d0a261299cea93e17ee7f4b6d5209845c6549b8a1282e84ed776c5a92990e,,pending,,,,4
img_00000336,images/img_00000336.jpeg,01_kaggle_weapon,kaggle,1823069f12ae25d3d1b799b01ec36810f73974299d14111673a105ade8d41aa8,weapon,reviewed,,Lello,2026-04-22T09:08:12+00:00,4
img_00000337,images/img_00000337.jpeg,01_kaggle_weapon,kaggle,96ee1151066fbf871b3629e7555970b9ea7b5b875ca6741da295e1ef6f83c7df,,pending,,,,4
img_00000338,images/img_00000338.jpeg,01_kaggle_weapon,kaggle,b254af8bb6dce12a10ad1d5b98adb06897f07d78cb987f34a405d78386d84497,,pending,,,,4
img_00000339,images/img_00000339.jpeg,01_kaggle_weapon,kaggle,678cf8d88fe784197fe0bfaca54f12d774aff3c66ad3904e92312c234f618f01,ood,reviewed,,Lello,2026-04-22T09:08:21+00:00,4
img_00000340,images/img_00000340.jpeg,01_kaggle_weapon,kaggle,42b0ca23b2cc893ed55e257ebfdbe172ff035f5bea4ac887c35db1d02056bdf5,weapon,reviewed,,Lello,2026-04-22T10:55:39+00:00,4
img_00000341,images/img_00000341.jpeg,01_kaggle_weapon,kaggle,3a4ac1ac452783aef4783e05a6c45c918a20af06f818ec07f78e4bb8519e2b5f,,pending,,,,4
img_00000342,images/img_00000342.jpeg,01_kaggle_weapon,kaggle,d926966d723997b58dcaa6be76c056925580bc0176861275f7a67183f5ab0170,,pending,,,,4
img_00000343,images/img_00000343.jpeg,01_kaggle_weapon,kaggle,1d53289a5268a289f5a7ca96c855944fa6ed73fa02d9eab7ce3357bff83458ed,,pending,,,,4
img_00000344,images/img_00000344.jpeg,01_kaggle_weapon,kaggle,1fa26ec54e1aab5e1f4eecd231f8a01741738ef56b71b9a65a908f3b99629ee0,,pending,,,,4
img_00000345,images/img_00000345.jpeg,01_kaggle_weapon,kaggle,0f424800791af32e78d1b567d04216f068eafce6085319e081c6a614135ea9be,,pending,,,,4
img_00000346,images/img_00000346.jpeg,01_kaggle_weapon,kaggle,dc1930f81a660e45fb85db1f1718758cc3ca141e304ac3a80d457884cbf77e50,,pending,,,,4
img_00000347,images/img_00000347.jpeg,01_kaggle_weapon,kaggle,8e18dbc0e0c759ae5f14b9ad3ee82bfa806c924b52d263388e6b6f6317b6525f,,pending,,,,4
img_00000348,images/img_00000348.jpeg,01_kaggle_weapon,kaggle,edbdb9fdf92bb6f977925a1ed5c221f44cae36d5fca4d2c59b6fbc28db459c4f,,pending,,,,4
img_00000349,images/img_00000349.jpeg,01_kaggle_weapon,kaggle,c05ee7fe0e000772a2c1fafc9b87ddcd0de3da62ee568523b2350f41487323ef,,pending,,,,4
img_00000350,images/img_00000350.jpeg,01_kaggle_weapon,kaggle,cbfec999af98b298c03556c1409ed6e1b56a0b0249b79ed2e9057b322704681b,,pending,,,,4
img_00000351,images/img_00000351.jpeg,01_kaggle_weapon,kaggle,9bfb794b1d14998e7dd0c11ea5855e3fdb878cbe0e43f7efc5f2e77113c8f708,,pending,,,,4
img_00000352,images/img_00000352.jpeg,01_kaggle_weapon,kaggle,44c53e0b31021936482ff984c31342c9fd13e089de76f7b4262f3f6f8682c34a,weapon,reviewed,,Lello,2026-04-22T09:02:01+00:00,4
img_00000353,images/img_00000353.png,01_kaggle_weapon,kaggle,046328b966140a1d0caae07152dcfadd0fead71e18e83248d191c44de62ed8c0,weapon,reviewed,,Lello,2026-04-22T09:02:03+00:00,4
img_00000354,images/img_00000354.jpeg,01_kaggle_weapon,kaggle,a403578886120c5e10a5353086337d1e71ccf3bbe22f82961790f2af96f9ee3f,weapon,reviewed,,Lello,2026-04-22T09:01:59+00:00,4
img_00000355,images/img_00000355.jpeg,01_kaggle_weapon,kaggle,c9e7e10d054bfe2950db847d74258f757f36e14824eda6b68b85ff10266b422a,ood,reviewed,,Lello,2026-04-22T09:08:42+00:00,4
img_00000356,images/img_00000356.jpeg,01_kaggle_weapon,kaggle,03c1cc74b4f7b00ace9df8c2dd813fd4a901b38c62abdd613c2e90f573452afc,ood,reviewed,,Lello,2026-04-22T09:08:44+00:00,4
img_00000357,images/img_00000357.jpeg,01_kaggle_weapon,kaggle,c54b2cef989b191fc9ac3fda6a100f5764b2f37f77cf525a326cb921d810bf75,ood,reviewed,,Lello,2026-04-22T09:01:56+00:00,4
img_00000358,images/img_00000358.jpeg,01_kaggle_weapon,kaggle,6b6d915f9c8beebd312468f123b5a851f50e07adec6ab05e3604ab8340e306af,ood,reviewed,,Lello,2026-04-22T09:02:06+00:00,4
img_00000359,images/img_00000359.jpeg,01_kaggle_weapon,kaggle,98736bd9e5ebd604024bdc6ca7f806c6e66aec30c682d6221d4407c0a0d4733f,ood,reviewed,,Lello,2026-04-22T09:02:09+00:00,4
img_00000360,images/img_00000360.jpeg,01_kaggle_weapon,kaggle,e5f8af1ab72b583f6771f7590378b88b99c132e134a00d5064e0e7a222c654eb,ood,reviewed,,Lello,2026-04-22T09:02:11+00:00,4
img_00000361,images/img_00000361.jpeg,01_kaggle_weapon,kaggle,fdc2c589e5c509ee892aed0a1bfbc922e51191ee19afcdfbea48b20bc2a1134d,,pending,,,,4
img_00000362,images/img_00000362.jpeg,01_kaggle_weapon,kaggle,760470cbf3d271c66fe637eb9df12e40d5dfa380ad78981b91c3c5678fab0b5d,ood,reviewed,,Lello,2026-04-22T09:02:14+00:00,4
img_00000363,images/img_00000363.jpeg,01_kaggle_weapon,kaggle,1a660198564e638630fe777eaf61417b6b952fbb722626e68b0159fc66b01a21,ood,reviewed,,Lello,2026-04-22T09:02:17+00:00,4
img_00000364,images/img_00000364.jpeg,01_kaggle_weapon,kaggle,06597a254884d224330e3c6eb9680742effd76780a08d4562e9ecc404b9f58d6,ood,reviewed,,Lello,2026-04-22T09:02:19+00:00,4
img_00000365,images/img_00000365.jpeg,01_kaggle_weapon,kaggle,ecfaff6b0a82e2da9b6ad851a504144cbd488df6f90d48a9ad92ce37224613ed,ood,reviewed,,Lello,2026-04-22T09:02:22+00:00,4
img_00000366,images/img_00000366.jpeg,01_kaggle_weapon,kaggle,1092d784ad86b3197829861acc750f38b5a3477cff6f5839877372fbf0edd6b3,ood,reviewed,,Lello,2026-04-22T09:02:24+00:00,4
img_00000367,images/img_00000367.jpeg,01_kaggle_weapon,kaggle,581e93ab60322f9a3b645dae2e71c6d5c0449fe39f6946265d4c9a62f90d32a1,ood,reviewed,,Lello,2026-04-22T09:08:48+00:00,4
img_00000368,images/img_00000368.jpeg,01_kaggle_weapon,kaggle,18fd98a110fa0681ef704a0532c2e375eebe0ccef8346253e815dab59646ab2f,ood,reviewed,,Lello,2026-04-22T09:08:51+00:00,4
img_00000369,images/img_00000369.jpeg,01_kaggle_weapon,kaggle,3446d31b042ca2d0dadf9f77bb85f935339acd80c58959178de035a52ead0554,ood,reviewed,,Lello,2026-04-22T09:08:50+00:00,4
img_00000370,images/img_00000370.jpeg,01_kaggle_weapon,kaggle,c0e1d2ae848eec92fb73c3e015099433467a1f1ec6650c2607cc3ab12f2e0708,ood,reviewed,,Lello,2026-04-22T09:08:53+00:00,4
img_00000371,images/img_00000371.jpeg,01_kaggle_weapon,kaggle,2997753a21cb2abf7897d99e1d5fcfe7f52e7cba040f7987ff780cb87fc1311f,ood,reviewed,,Lello,2026-04-22T09:08:56+00:00,4
img_00000372,images/img_00000372.png,01_kaggle_weapon,kaggle,c62a809ddeafc28aaff1ecf4e27c886933bc9914f2081f0e3055c1b4113723e2,ood,reviewed,,Lello,2026-04-22T09:08:58+00:00,4
img_00000373,images/img_00000373.jpeg,01_kaggle_weapon,kaggle,13e2a871073f987e316b70abd2eef6269b7c03a470a4c24007d15b5623b2e8ab,ood,reviewed,,Lello,2026-04-22T09:09:00+00:00,4
img_00000374,images/img_00000374.png,01_kaggle_weapon,kaggle,4f426ba98a1ac455094eec24626bc04416f25dc2a7aaf11c6dd2aee6e81e5020,ood,reviewed,,Lello,2026-04-22T09:09:01+00:00,4
img_00000375,images/img_00000375.jpeg,01_kaggle_weapon,kaggle,200471f64aa9c3fe692c1108771ae18a96bcaf8984f7fd8af346c39ec77cf07e,ood,reviewed,,Lello,2026-04-22T09:09:03+00:00,4
img_00000376,images/img_00000376.jpeg,01_kaggle_weapon,kaggle,9e53c50e5c29366b1bbfbb16ce0d463c16f4381a1a935ff0d11dae7a7d65897d,ood,reviewed,,Lello,2026-04-22T09:09:05+00:00,4
img_00000377,images/img_00000377.jpeg,01_kaggle_weapon,kaggle,4c1cbb53eac9e8ec4fba4bd71aaf9da10796068500c384e0d9e9c2de54f2c021,ood,reviewed,,Lello,2026-04-22T09:09:07+00:00,4
img_00000378,images/img_00000378.jpeg,01_kaggle_weapon,kaggle,887b5420b68f25c076a7d9ba7b4fd57ebee925ea56a00132bb1bb161f42c5cd5,ood,reviewed,,Lello,2026-04-22T09:09:09+00:00,4
img_00000379,images/img_00000379.jpeg,01_kaggle_weapon,kaggle,5536681f9c7aba8b6d33cf61c733df727f97a03d392dbdace3724831c2e71a3e,ood,reviewed,,Lello,2026-04-22T09:09:12+00:00,4
img_00000380,images/img_00000380.jpeg,01_kaggle_weapon,kaggle,95aab1a15ba64d51316e29d2977fbfcddf5120460f91e7008cb9f54bc7eb5e25,ood,reviewed,,Lello,2026-04-22T09:09:15+00:00,4
img_00000381,images/img_00000381.jpeg,01_kaggle_weapon,kaggle,a920ba65c78c7b946f227400cf012ae3b57b1ff5209311b08745398e7a5ca141,ood,reviewed,,Lello,2026-04-22T09:09:24+00:00,4
img_00000382,images/img_00000382.jpeg,01_kaggle_weapon,kaggle,e3e13175c5f89846a2d7101632bd123c741ef3d5e7e781fa10eaab0e3c5e92c0,ood,reviewed,,Lello,2026-04-22T09:09:31+00:00,4
img_00000383,images/img_00000383.jpeg,01_kaggle_weapon,kaggle,465c7418abf53e871d29fffd1f621e568b672278f992c00dcb20a1881cf5988f,,pending,,,,4
img_00000384,images/img_00000384.jpeg,01_kaggle_weapon,kaggle,06d4387725df58189e6376d56b7b4b4069b883b84af33eb86ce4313f25fe8efe,,pending,,,,4
img_00000385,images/img_00000385.jpeg,01_kaggle_weapon,kaggle,1b06c63f47f76ac0a2dad94072e4b3e7b03e5b9843d89f549a0be209635a226b,,pending,,,,4
img_00000386,images/img_00000386.png,01_kaggle_weapon,kaggle,d73ecf8b1c1adbeb41d415628810bc19fbc5560d6dfc7d8f48631955dae7aa27,,pending,,,,4
img_00000387,images/img_00000387.jpeg,01_kaggle_weapon,kaggle,4581b2fa9f346587a2eeb3fcea5b7cb4973c70f68dbd8a9eba594db66149ca86,,pending,,,,4
img_00000388,images/img_00000388.jpeg,01_kaggle_weapon,kaggle,a24db0c9e8641aabe16f11db5feabf1c17683d2420748a92a2bb127852639daf,,pending,,,,4
img_00000389,images/img_00000389.jpeg,01_kaggle_weapon,kaggle,f427e2a486f3d807f684ccaedeb16ad67bc111d6cc50f7363b0884ef21ddda9b,,pending,,,,4
img_00000390,images/img_00000390.jpeg,01_kaggle_weapon,kaggle,095cf95fe33ac35a092c967c22e34f9977ae8b04a11c38419c3e46591d9b721d,,pending,,,,4
img_00000391,images/img_00000391.jpeg,01_kaggle_weapon,kaggle,ff69da5ee3923cc16e0f54ba4cb2a1c08d5d4cdae825c93159b746b4e6c88bfd,,pending,,,,4
img_00000392,images/img_00000392.jpeg,01_kaggle_weapon,kaggle,9579777d9e03c872d10bffc1757f2dc6224f9f46cdfd599f7d2e82f4d0c79e89,,pending,,,,4
img_00000393,images/img_00000393.jpeg,01_kaggle_weapon,kaggle,5ca5b34d87c7ff8d25f9a2b4448339527c22c9291f11ae582a43477456cee941,,pending,,,,4
img_00000394,images/img_00000394.jpeg,01_kaggle_weapon,kaggle,4d0847f6f13f0215232f5751d138e5a82e3b0a80c63cade02c420bcc722c2ab6,,pending,,,,4
img_00000395,images/img_00000395.jpeg,01_kaggle_weapon,kaggle,fc956a0cd2e6077decf5e202f7df6c05885e2bcb641cb496ac461dc72ac42a60,,pending,,,,4
img_00000396,images/img_00000396.jpeg,01_kaggle_weapon,kaggle,fc311103f8a32382525651e229e6682801e439cb41afde0ecb409c6ce394567e,,pending,,,,4
img_00000397,images/img_00000397.jpeg,01_kaggle_weapon,kaggle,7ba1c944eaa9c26042f2c30113c2f126ed95632e75b3ccd74c914326f581d7cd,,pending,,,,4
img_00000398,images/img_00000398.jpeg,01_kaggle_weapon,kaggle,ff3c2b81c070705923fb9f7d01cf840acc831aefb1c8036072b3869b698bafc9,,pending,,,,4
img_00000399,images/img_00000399.jpeg,01_kaggle_weapon,kaggle,dbf6793723a9803d7201207863f3dc466c711cf5f8c03ded606bbb5f2f781673,,pending,,,,4
img_00000400,images/img_00000400.jpeg,01_kaggle_weapon,kaggle,81d29cc33a101aeac499da7d712f05711e6f8830bf9577e51809c95d1521e1a4,,pending,,,,4
img_00000401,images/img_00000401.jpeg,01_kaggle_weapon,kaggle,dc0f06ba395acf13df0a486cc729d20ac1d1caf9034da799cb8a9811187472bf,,pending,,,,4
img_00000402,images/img_00000402.jpeg,01_kaggle_weapon,kaggle,f0420796f9ee04a1dfcd6148bd0cb4bb74c119e9550eb40e6e15031e6d0873c9,,pending,,,,4
img_00000403,images/img_00000403.jpeg,01_kaggle_weapon,kaggle,256828a954f28122eec3e6ab8a8d8da3cc07b56db774dbc5462303969399d9b1,,pending,,,,4
img_00000404,images/img_00000404.jpeg,01_kaggle_weapon,kaggle,72e4886967b6632e66e052e56483573523c3c3ac4fa5b4db99409b8b3d721c60,,pending,,,,4
img_00000405,images/img_00000405.jpeg,01_kaggle_weapon,kaggle,965cc13f3d44cfb2823922b084909661066abbccccc655842a9882b5c75be90f,,pending,,,,4
img_00000406,images/img_00000406.png,01_kaggle_weapon,kaggle,7a824a26475f175cbe338ef6fdd7fe0d6a7a60ddad57be02c3cfd59d861cb6ec,,pending,,,,4
img_00000407,images/img_00000407.jpeg,01_kaggle_weapon,kaggle,cba6d7319555ec1321ac4c6dac6bba8ee65c2b95ca414390913402516bcb64ab,,pending,,,,4
img_00000408,images/img_00000408.jpeg,01_kaggle_weapon,kaggle,1771b12beb260f0ed4d5cd609063568356cf94f88f3f378a3cea4c4dcd3447e4,,pending,,,,4
img_00000409,images/img_00000409.png,01_kaggle_weapon,kaggle,d4a354b2cb871b4da59f78ab08ba1576720f20a1eb87e209a7e158aa81d9a7ca,,pending,,,,4
img_00000410,images/img_00000410.jpeg,01_kaggle_weapon,kaggle,52d426b9e0512ca90a200e7fd8ca02ccd620897a4aa51ad9363079330375fc87,,pending,,,,4
img_00000411,images/img_00000411.png,01_kaggle_weapon,kaggle,105cb0ac2b7f32312c513312e6170011a9e44c127522d9e89abc7a6bd88eb5ff,,pending,,,,4
img_00000412,images/img_00000412.jpeg,01_kaggle_weapon,kaggle,bd1973be7541be5f21b693e002a0c287141e57bb4b6708cc10dd6593b2910fe3,,pending,,,,4
img_00000413,images/img_00000413.jpeg,01_kaggle_weapon,kaggle,1f34538d8d6272805b2cfce0fff386d53240d138adbca17d12d2a09d6d7ea2fb,,pending,,,,4
img_00000414,images/img_00000414.jpeg,01_kaggle_weapon,kaggle,84df81c22429a414b0ec0a21fdcfe7328b5db5c3eb8ae2e0873016a586afc1cf,,pending,,,,4
img_00000415,images/img_00000415.jpeg,01_kaggle_weapon,kaggle,c5d9fee5ef39e515957c32a82ab3cb3c56264e2d8bcd5fe2b8e25da3d38a7ff6,,pending,,,,4
img_00000416,images/img_00000416.jpeg,01_kaggle_weapon,kaggle,b5f37320b8d3ba9005798c0b7a09312d8cc5c7764bdf17566205507139bd09db,,pending,,,,4
img_00000417,images/img_00000417.jpeg,01_kaggle_weapon,kaggle,b43b3b24e6f5728d50d396e513e031f2c09757a1ed628015937c07c0b89c868f,,pending,,,,4
img_00000418,images/img_00000418.png,01_kaggle_weapon,kaggle,4b9ace88436fd5fc684d5e66fcc370eec9aede5c15910d63eaabb90d7e39f6e6,,pending,,,,4
img_00000419,images/img_00000419.jpeg,01_kaggle_weapon,kaggle,7692d6fa82c118c772653f3edd76937d7261bc795ea186206a139c20e0e4ced6,,pending,,,,4
img_00000420,images/img_00000420.jpeg,01_kaggle_weapon,kaggle,8a49dc951c7d6c45bbc9568259cfa8923132d482c0a7c9f886b45d31d15667ae,,pending,,,,4
img_00000421,images/img_00000421.jpeg,01_kaggle_weapon,kaggle,7df2d969256bff826f265e5e266d7926aba6d35c98a6dbff38bc83c25a596f1f,,pending,,,,4
img_00000422,images/img_00000422.jpeg,01_kaggle_weapon,kaggle,d6148672904a77677002c9b7f7e4f084af114ab69fad629d35b1a5a7e04dc9d4,,pending,,,,4
img_00000423,images/img_00000423.jpeg,01_kaggle_weapon,kaggle,eff4fe3c6d52cfa9d70d34fb7994ee516e376aee7cf48f66e3b2decc5f6648ca,,pending,,,,4
img_00000424,images/img_00000424.png,01_kaggle_weapon,kaggle,68b07f055e021217ccc48f3d032d75b3aae0bd7bef748a8dcd3846ac7aac0805,,pending,,,,4
img_00000425,images/img_00000425.jpeg,01_kaggle_weapon,kaggle,391f3ae40714ea57b3600d5ed968abd9a2da570afa9fe05717c9f99e72dba68f,,pending,,,,4
img_00000426,images/img_00000426.jpeg,01_kaggle_weapon,kaggle,dda0acf5fa1165b884e1864f03621d8187561fd8b05b460069e93fb299e2bae6,,pending,,,,4
img_00000427,images/img_00000427.jpeg,01_kaggle_weapon,kaggle,d06d4fbbe8efebedf8b7ba65222f69b59b41fe1be0d93c059c40400e022fb62d,,pending,,,,4
img_00000428,images/img_00000428.jpeg,01_kaggle_weapon,kaggle,b4fa96a31ea6281f0d48610f7d3e4639fb036d26c857ee9c6c9b9c356a103051,,pending,,,,4
img_00000429,images/img_00000429.jpeg,01_kaggle_weapon,kaggle,a640aaaeab35450cd7fb05a3d1559530e7488e65812439228fc18c650171513e,,pending,,,,4
img_00000430,images/img_00000430.jpeg,01_kaggle_weapon,kaggle,c273b2b03a2fbd1100743a6b2b6714b9f1a1027ada281de9da7bb82065f24440,,pending,,,,4
img_00000431,images/img_00000431.jpeg,01_kaggle_weapon,kaggle,16fed9c1d99af6f412ead095fd2d346268fd35dc822f59458cd6a30d29a8fe8d,,pending,,,,4
img_00000432,images/img_00000432.jpeg,01_kaggle_weapon,kaggle,249c848c4fae70113ebeaaa01704e20638ff05608a76de31cff779a35425f909,,pending,,,,4
img_00000433,images/img_00000433.jpeg,01_kaggle_weapon,kaggle,7c9b0b96cd4762c44cd55b161b4f425ed114b06f0bf44109d6f32088d992d48c,,pending,,,,4
img_00000434,images/img_00000434.jpeg,01_kaggle_weapon,kaggle,2a4707afd04229ff7a9c1fee9ca24aa0ebf5a51977ae77b586e6ad24f6dad47b,,pending,,,,4
img_00000435,images/img_00000435.jpeg,01_kaggle_weapon,kaggle,de84d29bdc9b5c0714c6280fe7ba631dbda57042f089c5bc3a5cbc441d28f105,,pending,,,,4
img_00000436,images/img_00000436.jpeg,01_kaggle_weapon,kaggle,8ddfbd68da107b4191e274ea013cc458c9f9880693283c4959ffbf6474b12a78,,pending,,,,4
img_00000437,images/img_00000437.jpeg,01_kaggle_weapon,kaggle,5ee66484b35bcb18b2d21512761532088e365fcc208abddc151ad43e6f82b1b9,,pending,,,,4
img_00000438,images/img_00000438.jpeg,01_kaggle_weapon,kaggle,230c078a87bbba23dda58284940505b9127e831dba07b70f4fc3bf1fe0b5c4d8,,pending,,,,4
img_00000439,images/img_00000439.jpeg,01_kaggle_weapon,kaggle,356fd87968bb5b3ce6e783d5f725151ba371a343c371350628b3beb1372c35df,,pending,,,,4
img_00000440,images/img_00000440.jpeg,01_kaggle_weapon,kaggle,a5262d71e8f850784956cce89b9438419428cd1e239f0190dab48251fb6bc713,,pending,,,,4
img_00000441,images/img_00000441.jpeg,01_kaggle_weapon,kaggle,871bb2e376051a17d185c89baa6577a3eb96b12f4b4ab37be54cd3b6121357c4,,pending,,,,4
img_00000442,images/img_00000442.png,01_kaggle_weapon,kaggle,287f5a6280c0d71cff6da1c76931d2516e764f79c711cc19e32a6e5de34b4fa6,,pending,,,,4
img_00000443,images/img_00000443.jpeg,01_kaggle_weapon,kaggle,8a762efe2ed5fe33e7e226a8d5ffbfa06427267bb6bb23e97be1c25c1ccb9748,,pending,,,,4
img_00000444,images/img_00000444.jpeg,01_kaggle_weapon,kaggle,7616de8f2504d92e309a4fbf8a2db726a5d671dab8af52179ab413307ad88e66,,pending,,,,4
img_00000445,images/img_00000445.jpeg,01_kaggle_weapon,kaggle,76c7616d39be2369524d87dc1238e867ce7ada4893105742a9e1fec2d3a19887,,pending,,,,4
img_00000446,images/img_00000446.jpeg,01_kaggle_weapon,kaggle,f41a3a3d6ef5f401700497c51f7bba1926eb10351c50c9fe044d6c0c63ca4add,,pending,,,,4
img_00000447,images/img_00000447.jpeg,01_kaggle_weapon,kaggle,3610c474019d73b958214755539f282cecf3f0e1178dc81f8acc48114ee36f37,,pending,,,,4
img_00000448,images/img_00000448.jpeg,01_kaggle_weapon,kaggle,6b696cbec737682b0c5cd8633b50db9ef2a17be03ff26d5bc45bb3dcd7216ad6,,pending,,,,4
img_00000449,images/img_00000449.jpeg,01_kaggle_weapon,kaggle,d30405e94a1dc63013c1afd9f403774f9265e5e74e342a3e7213cf98b74319c8,,pending,,,,4
img_00000450,images/img_00000450.jpeg,01_kaggle_weapon,kaggle,bc7213537fb40993465a0b1627b3f4a5837ea2ef44fd93f8cd708facffb69a46,,pending,,,,4
img_00000451,images/img_00000451.jpeg,01_kaggle_weapon,kaggle,08647eed172dbdc5c55d397e7361b8e4213ed256aa1434378334e45552439cee,,pending,,,,4
img_00000452,images/img_00000452.jpeg,01_kaggle_weapon,kaggle,98bfba5b14a0ed31ae48acdcd2219bf4550fce964ca86614cee27d22236b0e73,,pending,,,,4
img_00000453,images/img_00000453.jpeg,01_kaggle_weapon,kaggle,3982876be6a9759a00ca8c94f7ec2c1e8ff76bdf722a48ef437a50ec1d9e3496,,pending,,,,4
img_00000454,images/img_00000454.jpeg,01_kaggle_weapon,kaggle,0da842704c00390c676da1159928bf55bf806f333d2920237d530aa06d8aa6eb,,pending,,,,4
img_00000455,images/img_00000455.jpeg,01_kaggle_weapon,kaggle,93441fa172d711e78ac3d7b05eeb60d6fdef69b5609ce4a97e2dca96de684bc3,,pending,,,,4
img_00000456,images/img_00000456.jpeg,01_kaggle_weapon,kaggle,87f784aa2579f4221883be2e9bbd6b57daca3263707cdb76e95f7bfed87d6d62,,pending,,,,4
img_00000457,images/img_00000457.jpeg,01_kaggle_weapon,kaggle,4439ed61ae593b4c3bb41fe2e5da2887b0becdc21fcc0d0f6bf884056f18e0ac,,pending,,,,4
img_00000458,images/img_00000458.jpeg,01_kaggle_weapon,kaggle,cad49bd5d5c3aeb56117b7331d6a8017c91fc99fe079f8b7b3ea78a00a2817cb,,pending,,,,4
img_00000459,images/img_00000459.jpeg,01_kaggle_weapon,kaggle,bbd36960e0ef3c4f8df16c73c3f681a9a6fc37fad19d30373c49180f20c3bc56,,pending,,,,4
img_00000460,images/img_00000460.png,01_kaggle_weapon,kaggle,2c646dbe449ff0a80b9f5bfdc0aff83c3a83c3de471c526670d57ebf2b4d3ebf,,pending,,,,4
img_00000461,images/img_00000461.jpeg,01_kaggle_weapon,kaggle,5058de0bbdbb544ae9809d803eac19a3a9b9880a6dafaa56b6c8cb3bdb5f7f47,,pending,,,,4
img_00000462,images/img_00000462.jpeg,01_kaggle_weapon,kaggle,3e69526b668a2369b7e05b5b736b873d815de3b6948f3dc1bf58ecadc937c4af,,pending,,,,4
img_00000463,images/img_00000463.jpg,02_deepfirearm,deepfirearm,c2a3404f83e56f45cca41149b0a36f93516ebb4da612e457815d309cee18a62f,,pending,,,,5
img_00000464,images/img_00000464.jpg,02_deepfirearm,deepfirearm,b7c2e9e221ddf29841c4310a78097497f5e9bcd146b82f9516674f080c866841,weapon,reviewed,,Lello,2026-04-22T09:13:13+00:00,5
img_00000465,images/img_00000465.jpg,02_deepfirearm,deepfirearm,9114f32a61d39e3babcffc3bccdd40d5094f080b7b8d1ea4781bd8a12b78466b,weapon,reviewed,,Lello,2026-04-22T09:13:15+00:00,5
img_00000466,images/img_00000466.jpg,02_deepfirearm,deepfirearm,85e0e5c4ae60a0b3c54b9f937c07662b7944b2664b798150410428ce7b3b3ae5,weapon,reviewed,,Lello,2026-04-22T09:13:17+00:00,5
img_00000467,images/img_00000467.jpg,02_deepfirearm,deepfirearm,8a4e003685f43434c485c954b5e4caeae9b8c6ff7d50267452425e47faf30e2c,weapon,reviewed,,Lello,2026-04-22T09:13:18+00:00,5
img_00000468,images/img_00000468.jpg,02_deepfirearm,deepfirearm,91d0261b3afbbff7ec237b32202de316b5df85bf736a0a8941bac49f4e5ee308,weapon,reviewed,,Lello,2026-04-22T09:13:20+00:00,5
img_00000469,images/img_00000469.jpg,02_deepfirearm,deepfirearm,66210ca20cd9f999668a8f5ed61ed959c247ab31ac1dd5c0a4e2655a51aa06a6,weapon,reviewed,,Lello,2026-04-22T09:13:02+00:00,5
img_00000470,images/img_00000470.jpg,02_deepfirearm,deepfirearm,975fe49e06409b9499ccfa716799fb116a9f6ee06e17d77c438c1ecb201ca5f6,,pending,,,,5
img_00000471,images/img_00000471.jpg,02_deepfirearm,deepfirearm,b5e7218e3f65233030f8ef85acf335bf7cda212c00ed1555714eaa70a5ac3d33,weapon,reviewed,,Lello,2026-04-22T09:13:22+00:00,5
img_00000472,images/img_00000472.jpg,02_deepfirearm,deepfirearm,76c01f64484bb21a582ed2204b680f14933105672cab383a9cc17182e6617bd1,weapon,reviewed,,Lello,2026-04-22T09:13:23+00:00,5
img_00000473,images/img_00000473.jpg,02_deepfirearm,deepfirearm,041a382f9c283278e61df1936bc67a0a412a7913a4588f38b8f84a3889358adb,weapon,reviewed,,Lello,2026-04-22T09:13:24+00:00,5
img_00000474,images/img_00000474.jpg,02_deepfirearm,deepfirearm,b29c6fc232c948418364f9c1c7bf0eb9666cb1cd0af8984931116fbfcfd1d97d,weapon,reviewed,,Lello,2026-04-22T09:13:25+00:00,5
img_00000475,images/img_00000475.jpg,02_deepfirearm,deepfirearm,9fc70f6e74e672bbb21fe6cea0822e62e81e2eaa5b9e320947bb0767ddeed2c9,weapon,reviewed,,Lello,2026-04-22T09:13:27+00:00,5
img_00000476,images/img_00000476.jpg,02_deepfirearm,deepfirearm,34616fd56a708a77803cf57f48c7a2b44d25b4b0f620423914ada96c3a41ba9a,weapon,reviewed,,Lello,2026-04-22T09:13:28+00:00,5
img_00000477,images/img_00000477.jpg,02_deepfirearm,deepfirearm,9c800564499292fda0d37a25bffb0cc9daeb693543f9f62fc42689a132906a47,weapon,reviewed,,Lello,2026-04-22T09:13:29+00:00,5
img_00000478,images/img_00000478.jpg,02_deepfirearm,deepfirearm,3486ca40a9fb736697adad42f7ca7efebd1003f7ae2debb58ea7b5596367f8c7,weapon,reviewed,,Lello,2026-04-22T09:13:31+00:00,5
img_00000479,images/img_00000479.jpg,02_deepfirearm,deepfirearm,f747b4cf0f846dd7479cb3cdca7223f15c64634d429b0d07f59d07af54e5f39c,weapon,reviewed,,Lello,2026-04-22T09:13:32+00:00,5
img_00000480,images/img_00000480.jpg,02_deepfirearm,deepfirearm,d4a7d87113910a22c43778086eae0c4b030598dc803bc84b62feabe3611ba2b3,weapon,reviewed,,Lello,2026-04-22T09:13:33+00:00,5
img_00000481,images/img_00000481.jpg,02_deepfirearm,deepfirearm,cd00d3e2dceb9d4def121b54b1bc5b0aaba7a534921c06a61c1b665fcad99f11,weapon,reviewed,,Lello,2026-04-22T09:13:35+00:00,5
img_00000482,images/img_00000482.jpg,02_deepfirearm,deepfirearm,cd9e1efda56d7c122f60a155ee7a4d7ffa6c039703335bd88e38b5b5ce4235e1,weapon,reviewed,,Lello,2026-04-22T09:13:36+00:00,5
img_00000483,images/img_00000483.jpg,02_deepfirearm,deepfirearm,b5154d7cab5994337a1f02afb8dde14970560f9bfabea1f369ded061b129f7fc,weapon,reviewed,,Lello,2026-04-22T09:13:38+00:00,5
img_00000484,images/img_00000484.jpg,02_deepfirearm,deepfirearm,d6deb6edaac66ecc121a44ffa066552514b69168fed7d3cd04e1a6247f1615a1,weapon,reviewed,,Lello,2026-04-22T09:13:40+00:00,5
img_00000485,images/img_00000485.jpg,02_deepfirearm,deepfirearm,26191063174d6a7cb53ace7b49c1b6a75a00a902e7dfed3ebfd2191ee05ef32c,weapon,reviewed,,Lello,2026-04-22T09:13:41+00:00,5
img_00000486,images/img_00000486.jpg,02_deepfirearm,deepfirearm,7bac5836f5be7bd22d44b3794316038f46168ed268269cea05c9128087b6949d,weapon,reviewed,,Lello,2026-04-22T09:13:43+00:00,5
img_00000487,images/img_00000487.jpg,02_deepfirearm,deepfirearm,ec95fa034155ca5f84dcd24db90ab30e4ca8b14804b4e16fd7f460ff41c163a2,weapon,reviewed,,Lello,2026-04-22T09:13:45+00:00,5
img_00000488,images/img_00000488.jpg,02_deepfirearm,deepfirearm,6cd8b4a034c1ae776e84dd16f7988e26393f34744c2dc5aeda68fd0356c6efb9,,pending,,,,5
img_00000489,images/img_00000489.jpg,02_deepfirearm,deepfirearm,7752df591f3fc6ea3d28db1091ad2d33c6cab175c8e448b90af4da355e2e76bc,,pending,,,,5
img_00000490,images/img_00000490.jpg,02_deepfirearm,deepfirearm,d3ab2127e102a205545403b1c789816eea735deebb2fb472c3f49fe2427fba1c,,pending,,,,5
img_00000491,images/img_00000491.jpg,02_deepfirearm,deepfirearm,f9e68018f2230b90c1cd97193545d534520f48fa416cbe4592a841683ccc888e,,pending,,,,5
img_00000492,images/img_00000492.jpg,02_deepfirearm,deepfirearm,a419abfca63a818fb56a2a5623f5ddcfb2028cd3ab966b7372ac00604cb506d5,,pending,,,,5
img_00000493,images/img_00000493.jpg,02_deepfirearm,deepfirearm,d34b805eb94f645c38ee06918c1b2a2df1bfc5b79c752dae861cf0d7bb10ce21,,pending,,,,5
img_00000494,images/img_00000494.jpg,02_deepfirearm,deepfirearm,7cf0c340ba2651a3aa8c282768f911f8ad30fac74fd2ac2dd986d0212c36a65b,,pending,,,,5
img_00000495,images/img_00000495.jpg,02_deepfirearm,deepfirearm,3c7b29b0242d42b1f7fc7ad18c6a7ff22a00200a741b76d420cb822a8de6f654,,pending,,,,5
img_00000496,images/img_00000496.jpg,02_deepfirearm,deepfirearm,f541dd9d06d91663505798121408c82e5fde3a65cfcf596244c96538bdfb28e0,,pending,,,,5
img_00000497,images/img_00000497.jpg,02_deepfirearm,deepfirearm,bf5d658bab3ec5c00a9ca2da82a693090d0eb186074ed16d850dc2e51e3ccf72,,pending,,,,5
img_00000498,images/img_00000498.jpg,02_deepfirearm,deepfirearm,ab5414658c70b06d0ad643418434a34e6d42cf4e325b744a30ba85ff7c0ef135,,pending,,,,5
img_00000499,images/img_00000499.jpg,02_deepfirearm,deepfirearm,e1b11f5fa1d88411fdd82233c8cded29c25525325e443d42473e7d6f00abe22d,,pending,,,,5
img_00000500,images/img_00000500.jpg,02_deepfirearm,deepfirearm,26357f96b5d372d0240f705c78bb8fe2d993f6eef35a276385f4d6a7cff438cb,,pending,,,,5
img_00000501,images/img_00000501.jpg,02_deepfirearm,deepfirearm,213b24096278cb03f722be7a4eb85bba7cfe7e70b3f28ebc312753b449a2162c,,pending,,,,5
img_00000502,images/img_00000502.jpg,02_deepfirearm,deepfirearm,c30f696409eac9f5e5b0ed7c8f4d2410f58d678520c6e457a5c21401f279886c,,pending,,,,5
img_00000503,images/img_00000503.jpg,02_deepfirearm,deepfirearm,eee6bb3d2b910c9ffa9ced1f23f45f34bf0e277f50c75b8676c35139844ab7dd,,pending,,,,5
img_00000504,images/img_00000504.jpg,02_deepfirearm,deepfirearm,6441955c70b6081a26ac4cf13def62e192c91bc65c2aae646e94f077b15c36f4,,pending,,,,5
img_00000505,images/img_00000505.jpg,02_deepfirearm,deepfirearm,934310653db52f9820923e001d61ef244900c4d9543210e632b9dfecd5756de1,,pending,,,,5
img_00000506,images/img_00000506.jpg,02_deepfirearm,deepfirearm,a5cd4b1c1b5fb739b36b485ce6abcb0c240a3216b4ace749c04c99a28377d1e9,,pending,,,,5
img_00000507,images/img_00000507.jpg,02_deepfirearm,deepfirearm,84945aa72b241df55d36715d7ee6e045638a64e3435609e03cd5c9a8378f5006,,pending,,,,5
img_00000508,images/img_00000508.jpg,02_deepfirearm,deepfirearm,32c4a7efb2484b22817196c10b125c828e646a000074bcbede512ca29f159b8a,,pending,,,,5
img_00000509,images/img_00000509.jpg,02_deepfirearm,deepfirearm,0af0e2a57b975bf9d647e418cef57ec941388adebb08359b37786edfc46b12b6,,pending,,,,5
img_00000510,images/img_00000510.jpg,02_deepfirearm,deepfirearm,30147ed938ebd45f1beecd326d25cd895a3ea4c14cc4f7528435cce3ce606832,,pending,,,,5
img_00000511,images/img_00000511.jpg,02_deepfirearm,deepfirearm,d104c25e945b2de5da6df52a260bc9c777df80fb121a706c2b6eaf4974ebe0a0,,pending,,,,5
img_00000512,images/img_00000512.jpg,02_deepfirearm,deepfirearm,4235e38dbcc485b92e30e0f839b575e03684757a6f39a63ca86e95c8f9086b42,,pending,,,,5
img_00000513,images/img_00000513.jpg,02_deepfirearm,deepfirearm,2d528d203e877b011f236ade38e3f2b15863237b0c0cdfe7e825cb6b57521ee9,,pending,,,,5
img_00000514,images/img_00000514.jpg,02_deepfirearm,deepfirearm,b049091308dbdc0fa5a6ce4ec23eaeb2aa364af27fbd791f2b2c4bea08629547,,pending,,,,5
img_00000515,images/img_00000515.jpg,02_deepfirearm,deepfirearm,78ae4cf92d41d3db7745e5412c7784315e21a2ae618e07f27ea1ce8da3f7b143,,pending,,,,5
img_00000516,images/img_00000516.jpg,02_deepfirearm,deepfirearm,022bb422a95e79cb4e2f441d4c0512020e9a0e15c2f86498b6322c8d9bf18d59,,pending,,,,5
img_00000517,images/img_00000517.jpg,02_deepfirearm,deepfirearm,7710fa8e77ee9481770c662eaf2bf95267867ed610d279be1f8f0e63a5a93dfc,,pending,,,,5
img_00000518,images/img_00000518.jpg,02_deepfirearm,deepfirearm,85616f87449d130e31924053829038f3600ac71ca908226b76b522f092a45274,,pending,,,,5
img_00000519,images/img_00000519.jpg,02_deepfirearm,deepfirearm,76c1205e232ee52cc848ad3bd160e113c79a457f0aaf5e84600e6483ea2acf48,,pending,,,,5
img_00000520,images/img_00000520.jpg,02_deepfirearm,deepfirearm,0b205d5c1fd7f93e47f9045dbbb6d03ad0645ce13eba98b78dd0952252e0a9df,,pending,,,,5
img_00000521,images/img_00000521.jpg,02_deepfirearm,deepfirearm,44fd54c9ee15e909bbca392ab23ba865f5d79a13b2849d9eca78c8f349cf33a7,,pending,,,,5
img_00000522,images/img_00000522.jpg,02_deepfirearm,deepfirearm,4012de3211ffa42ddbb688c7b081efde091cecf474d7e6890c765346ed47d999,,pending,,,,5
img_00000523,images/img_00000523.jpg,02_deepfirearm,deepfirearm,fdd89af68c3718d46af227475d87d25e9dc2b6224439845e7605a8d2101f8104,,pending,,,,5
img_00000524,images/img_00000524.jpg,02_deepfirearm,deepfirearm,cbdc286b0dbd16ea3e543cb4c5ade36edb13b612e1596703a8bacff69b736990,,pending,,,,5
img_00000525,images/img_00000525.jpg,02_deepfirearm,deepfirearm,22e7688a11b8bc62ae282a9e50c4fa6263f6bfec5651142bc7cffab4c25608ef,,pending,,,,5
img_00000526,images/img_00000526.jpg,02_deepfirearm,deepfirearm,4608b01f1faf684cb963b348866b6eea4a52a4b4746df674744645f8b3e153e5,,pending,,,,5
img_00000527,images/img_00000527.jpg,02_deepfirearm,deepfirearm,c90762efd4d6bdc32f16a92581c4fe78be55ce9b79dd261c0e85753d32937ca9,,pending,,,,5
img_00000528,images/img_00000528.jpg,02_deepfirearm,deepfirearm,db3f1db008fa2637a13e6f72b58ada82583a03f3e96d42fc73977ef6089e5c94,weapon,reviewed,,Lello,2026-04-22T09:13:54+00:00,5
img_00000529,images/img_00000529.jpg,02_deepfirearm,deepfirearm,0cc5881eb0b1c7363e6a1dc8399fa0a4fa2fc62ddffcf02dceadb76dcb56b56f,,pending,,,,5
img_00000530,images/img_00000530.jpg,02_deepfirearm,deepfirearm,7bd5e2bb243e4e9741d836857437065c1dd4a0213adf3e154e94de2b13e1958e,weapon,reviewed,,Lello,2026-04-22T09:13:56+00:00,5
img_00000531,images/img_00000531.jpg,02_deepfirearm,deepfirearm,ac2029d0f417aff7a9842dea3620e78375c3350d785f1826b319cbf04e223e35,weapon,reviewed,,Lello,2026-04-22T09:13:57+00:00,5
img_00000532,images/img_00000532.jpg,02_deepfirearm,deepfirearm,5e9b3e9807d44007e144c2733fbcd7c8fc64abdbaf4fc144405a8535a0b7c211,weapon,reviewed,,Lello,2026-04-22T09:13:58+00:00,5
img_00000533,images/img_00000533.jpg,02_deepfirearm,deepfirearm,1e2bb575911bf3c4154ffd8198b40d8a2d6cd28a101a400193ee165477a76964,weapon,reviewed,,Lello,2026-04-22T09:14:00+00:00,5
img_00000534,images/img_00000534.jpg,02_deepfirearm,deepfirearm,e8775c1b8b27bb7de276fa889ac1f356ed62a89b59a00a281f318e3e407ac5ee,weapon,reviewed,,Lello,2026-04-22T09:14:01+00:00,5
img_00000535,images/img_00000535.jpg,02_deepfirearm,deepfirearm,c95681d75557072d864bdf84c90c449d83e3e28dc655db550a660ce18e0180b1,weapon,reviewed,,Lello,2026-04-22T09:14:03+00:00,5
img_00000536,images/img_00000536.jpg,02_deepfirearm,deepfirearm,fe0734e152e222387d2fd5aaf60a0128ddaaf49e2a35194566ee3e61c826fef2,,pending,,,,5
img_00000537,images/img_00000537.jpg,02_deepfirearm,deepfirearm,cb3901f7888a3c9da34214d26ad453ae2ae7bd7d8dfad0a9540b06b0cb3ae670,,pending,,,,5
img_00000538,images/img_00000538.jpg,02_deepfirearm,deepfirearm,38ce25803b8bfecf0bf308c34ad6d25512751c64168a65de90177666d1820ffb,,pending,,,,5
img_00000539,images/img_00000539.jpg,02_deepfirearm,deepfirearm,54069f99157f54699d13d20b23a22000ecdee865c52df72a09b152449ab2b117,,pending,,,,5
img_00000540,images/img_00000540.jpg,02_deepfirearm,deepfirearm,18b7064efb2afe649ddf8e1c7896639c8f5ce30e6df05306521290158e976d6f,,pending,,,,5
img_00000541,images/img_00000541.jpg,02_deepfirearm,deepfirearm,2e1ce2e66e7c0f410be9e09cab5fab8866d713356fa16d0af929622d57f2ec6f,,pending,,,,5
img_00000542,images/img_00000542.jpg,02_deepfirearm,deepfirearm,baf88f9dcf25252a2de0391034af83bde528d9a2baa5176964d0cdab5c7113cf,,pending,,,,5
img_00000543,images/img_00000543.jpg,02_deepfirearm,deepfirearm,641b7007f3e2e9c12a4190f7195475d844b550eafd032c18eb35bd8c6960546f,,pending,,,,5
img_00000544,images/img_00000544.jpg,02_deepfirearm,deepfirearm,a78c39eb3593dc8ade829413f36905411e94eabc5a3ededff19ff79dbeb2ccb1,,pending,,,,5
img_00000545,images/img_00000545.jpg,02_deepfirearm,deepfirearm,577bd4ce0b4bea4027d16b544d47c8cff90effe760fa912dbc61a94773adf7e4,,pending,,,,5
img_00000546,images/img_00000546.jpg,02_deepfirearm,deepfirearm,a9aec5fd6d821b008e6df832b3f875990609e1690aafb333a7b64ba5cdc14b3d,,pending,,,,5
img_00000547,images/img_00000547.jpg,02_deepfirearm,deepfirearm,1023d68ace92f511cdbe81a13d2a3918045a550d53e868e4f38f53b0769dc9e9,,pending,,,,5
img_00000548,images/img_00000548.jpg,02_deepfirearm,deepfirearm,f2fa48b550cc0a1b2456dbfad3b67df132d8ed472075d4bebb1979c54600cd09,,pending,,,,5
img_00000549,images/img_00000549.jpg,02_deepfirearm,deepfirearm,ff122bfa267add557fd09ee15546d4749cf192467a128f16e5fa1a890596383c,,pending,,,,5
img_00000550,images/img_00000550.jpg,02_deepfirearm,deepfirearm,f40507e523f395bb90c735e8c2aefc5c5690a68f89f33d538d97a96f50311225,,pending,,,,5
img_00000551,images/img_00000551.jpg,02_deepfirearm,deepfirearm,271319d7256016745f10e5a8732a29e0ba26a4325bf18349c6d06a1e7d2487a4,,pending,,,,5
img_00000552,images/img_00000552.jpg,02_deepfirearm,deepfirearm,f2c697ffdc7b81e1400bfebd08659022ba375b02fd745a3f1217f019b2013220,,pending,,,,5
img_00000553,images/img_00000553.jpg,02_deepfirearm,deepfirearm,6c1dbfd6b5c50e8ea40ec3040dbea232acb6fb6fdac0f898d12f54153eea76b3,,pending,,,,5
img_00000554,images/img_00000554.jpg,02_deepfirearm,deepfirearm,35fbd01833edd45811d179579db3d84a711d7916c96aa847cce4aed8da234622,,pending,,,,5
img_00000555,images/img_00000555.jpg,02_deepfirearm,deepfirearm,f7b39c99aae8a1277ae8a42fecbb67b8899dbcbf5b6b21ff859e52527aa14602,,pending,,,,5
img_00000556,images/img_00000556.jpg,02_deepfirearm,deepfirearm,d0c42a0ffeac0b8c74a8780ee8d0929fb2fffa0ff1e25f0f6ab03cb01c52733c,,pending,,,,5
img_00000557,images/img_00000557.jpg,02_deepfirearm,deepfirearm,45e206d3c9e0e3b04d817f8e817cf50bbf619a8f60e0abecdc10388dc9028e24,,pending,,,,5
img_00000558,images/img_00000558.jpg,02_deepfirearm,deepfirearm,904e23e7aa169ac7ca90e2eb11c328dc1666abb8ffde19aae86ebd3ae5bb0acd,,pending,,,,5
img_00000559,images/img_00000559.jpg,02_deepfirearm,deepfirearm,9b71ef045882f7aaacc3debab7210a231a7e33c3cb8453d895c31fb65d56783a,,pending,,,,5
img_00000560,images/img_00000560.jpg,02_deepfirearm,deepfirearm,c5bdc490a447ce1054b7f6ddcf6582921b3074bed77f238bb954219150347424,,pending,,,,5
img_00000561,images/img_00000561.jpg,02_deepfirearm,deepfirearm,8fdd0648d17b0ff3ef2b3ce2a3b2556a0c7933234cf4806718b9dff5f6b84722,,pending,,,,5
img_00000562,images/img_00000562.jpg,02_deepfirearm,deepfirearm,8aa8bc6ad70810d2d2d8195d46c3ed41d564161b59ab8c2d5a70ec879fb74999,,pending,,,,5
img_00000563,images/img_00000563.jpg,02_deepfirearm,deepfirearm,40e0c96b199ea3a70e77f4b33c75636d5e5f7e20d13e7bb317ad7e18f2381ce7,,pending,,,,5
img_00000564,images/img_00000564.jpg,02_deepfirearm,deepfirearm,62c724c707a8bf629e3808a69c63bfd354c49f2c29e2fe94cfb2796025cafa27,,pending,,,,5
img_00000565,images/img_00000565.jpg,02_deepfirearm,deepfirearm,8545f4f43549a4ed343782013da48e13f8abe1cece23636e6f3671fa0b71d9b0,,pending,,,,5
img_00000566,images/img_00000566.jpg,02_deepfirearm,deepfirearm,cc809eb94f213247fdc69f0eea0ae0851b0848fc9da98cf6f1ad1474590b079e,weapon,reviewed,,Lello,2026-04-22T09:14:08+00:00,5
img_00000567,images/img_00000567.jpg,02_deepfirearm,deepfirearm,1273f815ab9efeea9d8c41dac9d2f9de071e5a094c9df8009f0b9645a7ce34a2,weapon,reviewed,,Lello,2026-04-22T09:14:10+00:00,5
img_00000568,images/img_00000568.jpg,02_deepfirearm,deepfirearm,a27f6f690323dca928dbacbe69a49fd853f755c839f826cc19459cbf2f3ab1f7,weapon,reviewed,,Lello,2026-04-22T09:14:11+00:00,5
img_00000569,images/img_00000569.jpg,02_deepfirearm,deepfirearm,792e19f357f96531fa6e331a27a6f2b2fc0c403debd54bcadf041c1f80aaa3ad,weapon,reviewed,,Lello,2026-04-22T09:14:13+00:00,5
img_00000570,images/img_00000570.jpg,02_deepfirearm,deepfirearm,cedb3ec5554c6f21afe8bd6cf6d09c933397acb201367083e1b90688ddd3bd7e,weapon,reviewed,,Lello,2026-04-22T09:14:14+00:00,5
img_00000571,images/img_00000571.jpg,02_deepfirearm,deepfirearm,ec4216b84af9ed3367e43eeab76c099ce3437e0228aa4ea9204b1bb9e2ae7f9e,,pending,,,,5
img_00000572,images/img_00000572.jpg,02_deepfirearm,deepfirearm,15ae864a0503be266a2e8a1f7685479eba7fc27453d2e0a145bfac4588ecddba,,pending,,,,5
img_00000573,images/img_00000573.jpg,02_deepfirearm,deepfirearm,7f994592353e52b508c8cdec753bde3e89f9f0b9c2f7c87a43796085e8434b91,,pending,,,,5
img_00000574,images/img_00000574.jpg,02_deepfirearm,deepfirearm,a79cf766076f9a2c0b49e12b6b9e1c53ddfb0bf9e8df7ea2abb81ef4fb01d2c9,,pending,,,,5
img_00000575,images/img_00000575.jpg,02_deepfirearm,deepfirearm,e0213947f6717834a594cacb0f66fbe1ca44b89dc86c2df38c09b782f38467f0,,pending,,,,5
img_00000576,images/img_00000576.jpg,02_deepfirearm,deepfirearm,9be5391f40c92c42c4d234e552b22ad89c6d22ec6c8a9ca76b1dc66a080d8268,,pending,,,,5
img_00000577,images/img_00000577.jpg,02_deepfirearm,deepfirearm,e1e765884e6bcaebd714e53f36dd466318823db7cd0b2d8ec468409a31556f7c,,pending,,,,5
img_00000578,images/img_00000578.jpg,02_deepfirearm,deepfirearm,9b208426af02f89c1a185db005d19ecbfa9e67df2693ab64cbe45715dbb6a214,,pending,,,,5
img_00000579,images/img_00000579.jpg,02_deepfirearm,deepfirearm,0aea4446df1241f427bc030480809eea16a22d192a69c4963751cab4c6055921,,pending,,,,5
img_00000580,images/img_00000580.jpg,02_deepfirearm,deepfirearm,d1d9f9e4868b7ac11c8ac000d551cb112c7a26db8ceda8a2c08c0803a2cf0e79,,pending,,,,5
img_00000581,images/img_00000581.jpg,02_deepfirearm,deepfirearm,3e9c6156f4d018efd1a0e71145e18202a1757d354af4c372997e396de3f793f2,,pending,,,,5
img_00000582,images/img_00000582.jpg,02_deepfirearm,deepfirearm,d661d791d14d32fa2df886c198b8728765df06936492313aa57ff592ff32eef5,,pending,,,,5
img_00000583,images/img_00000583.jpg,02_deepfirearm,deepfirearm,4b37715827f6ba177f13a4ad68bbdf70036333b77e4446cdcebcf258f38b8abb,,pending,,,,5
img_00000584,images/img_00000584.jpg,02_deepfirearm,deepfirearm,e11f216024c8bbb5495a605acd96fa35b59c23a1a9889af9b9546828e976cefc,,pending,,,,5
img_00000585,images/img_00000585.jpg,02_deepfirearm,deepfirearm,8afdce42a1d027a84f38de75303b4c0646e4a851f3c83259266621178e78e263,,pending,,,,5
img_00000586,images/img_00000586.jpg,02_deepfirearm,deepfirearm,5b4fda5627f2bca0ba322e0e268e26fd94c3e8cb973f32306647fc12329af2e4,,pending,,,,5
img_00000587,images/img_00000587.jpg,02_deepfirearm,deepfirearm,39a878b11d9f571be1e02d8e1adc2a67532916ecd96fdcf6f8c20ec27f2e4046,,pending,,,,5
img_00000588,images/img_00000588.jpg,02_deepfirearm,deepfirearm,fa7b83bec6d79eef526497f42aa16ecbbeec9ec22816965aad5fc05d454d677e,,pending,,,,5
img_00000589,images/img_00000589.jpg,02_deepfirearm,deepfirearm,292e86f86a85746f2ac5d29773864385e05851f3109fefa4cfeb3803cfba1c10,,pending,,,,5
img_00000590,images/img_00000590.jpg,02_deepfirearm,deepfirearm,96be65855c4c50fccd372700caf51f457c5308323ee8b6293ef0a8e36cf6a5cb,,pending,,,,5
img_00000591,images/img_00000591.jpg,02_deepfirearm,deepfirearm,c587a29729818a1e059636a89707cd404ba80fa47c617c11c470de71f5db6e37,,pending,,,,5
img_00000592,images/img_00000592.jpg,02_deepfirearm,deepfirearm,bef668ab86b957b05f38710be6b330a985ae1fa8bac8c65a013bea2a2971eeb1,,pending,,,,5
img_00000593,images/img_00000593.jpg,02_deepfirearm,deepfirearm,2b6a6abb9720c2821a9f0bbea45e9832fa1fc85b3738a72fc6f5f448abd80b15,,pending,,,,5
img_00000594,images/img_00000594.jpg,02_deepfirearm,deepfirearm,5c8ae2cca4372cf9428630dece70b43fc22cf4ecf36e34bac4d9707555bcf859,,pending,,,,5
img_00000595,images/img_00000595.jpg,02_deepfirearm,deepfirearm,56da19a0536ec97ce7a49b0ff3df8e28ac1efe54d8776940b4bb06f1dd48da8a,,pending,,,,5
img_00000596,images/img_00000596.jpg,02_deepfirearm,deepfirearm,3daf6d2e463b9b0af3f67d6aa3de617ffe0b74602ad01cedb4abbadb442ec4b1,,pending,,,,5
img_00000597,images/img_00000597.jpg,02_deepfirearm,deepfirearm,64bedc1bb2a2412efb9924515fb7b9d20da413d1d018090c260a3f5a3e653165,,pending,,,,5
img_00000598,images/img_00000598.jpg,02_deepfirearm,deepfirearm,a18432fda7904f4e0360da5f3e63772ebf3ef85e77d8535417c032c479d39981,,pending,,,,5
img_00000599,images/img_00000599.jpg,02_deepfirearm,deepfirearm,8c0877f50316e3b5097c3845f3b38660bea61e925f43ab6a6166bd3541d128b9,,pending,,,,5
img_00000600,images/img_00000600.jpg,02_deepfirearm,deepfirearm,bf38596817a529a668cb1e1d0e37a782a46c24a74d8092515b9f7187688f1d6e,,pending,,,,5
img_00000601,images/img_00000601.jpg,02_deepfirearm,deepfirearm,4c540d528209e07453747dc4af74be13d2c91925dec92cff784f3f4c8113bafe,weapon,reviewed,,Lello,2026-04-22T09:14:19+00:00,5
img_00000602,images/img_00000602.jpg,02_deepfirearm,deepfirearm,7356874bbbd543f46c431ab0245e4832fc6ca5b1780a0331c4167b9aa28e2691,weapon,reviewed,,Lello,2026-04-22T09:14:21+00:00,5
img_00000603,images/img_00000603.jpg,02_deepfirearm,deepfirearm,22a41f152e583f50ee655c7af605407ea78cab3bf658c031735f3d88fb38ccbb,weapon,reviewed,,Lello,2026-04-22T09:14:22+00:00,5
img_00000604,images/img_00000604.jpg,02_deepfirearm,deepfirearm,c9f07f3b670cb546adc577f7311f9012350b03196bcf079ac690bb1fe48d0f87,weapon,reviewed,,Lello,2026-04-22T09:14:24+00:00,5
img_00000605,images/img_00000605.jpg,02_deepfirearm,deepfirearm,8372fa6f67f79b47ff2a5407b9adcf685b9aaec0ab32ba7a9ead55c22684c30a,weapon,reviewed,,Lello,2026-04-22T09:14:25+00:00,5
img_00000606,images/img_00000606.jpg,02_deepfirearm,deepfirearm,f222d49240b1157a39bbfcf28aa28e946e9bf54981b5640fe0d22db3b7d891fe,,pending,,,,5
img_00000607,images/img_00000607.jpg,02_deepfirearm,deepfirearm,ba8dd677711d096c2904f6c57eca76a1b6c0f3a91c117c088f5809c1901b4916,,pending,,,,5
img_00000608,images/img_00000608.jpg,02_deepfirearm,deepfirearm,df4cdf1f209e6e61636147a061cbc2abf7d5be9c7d24ee68cddb4f646b8ed30c,,pending,,,,5
img_00000609,images/img_00000609.jpg,02_deepfirearm,deepfirearm,b06e1bf6f45704715d14c0b7928e057d87a95ef09abff2010d6baba66d799c6e,,pending,,,,5
img_00000610,images/img_00000610.jpg,02_deepfirearm,deepfirearm,9829c2a6878cb6de591b2909644aebffdf640d29cad3d771ec49f7930688ceb8,,pending,,,,5
img_00000611,images/img_00000611.jpg,02_deepfirearm,deepfirearm,7d0d1f5c5bcb352ee78a096fc47206dc9cde232e94b05bcfc6cc5f9b325c6a4c,,pending,,,,5
img_00000612,images/img_00000612.jpg,02_deepfirearm,deepfirearm,bdc31db5e97ef9f145f822ddcc56ef1301392317de4d3ba613a63d72685313d1,,pending,,,,5
img_00000613,images/img_00000613.jpg,02_deepfirearm,deepfirearm,7ba6be7d9a311055f8aee8a7480c74f79332c671905081ec73e6cb378dc36193,,pending,,,,5
img_00000614,images/img_00000614.jpg,02_deepfirearm,deepfirearm,820938d3cee4b07a0de26ad82af03cb954719182266b3a7cfe06abc0c7337009,,pending,,,,5
img_00000615,images/img_00000615.jpg,02_deepfirearm,deepfirearm,9842c3e919e0831ff67472a7981fdc8d635938d4fd3a51690e001ee0c0f96619,,pending,,,,5
img_00000616,images/img_00000616.jpg,02_deepfirearm,deepfirearm,75220d4565efdac28ca90c394332f23af52f06fa2f9b69b0870b323f0e72477c,,pending,,,,5
img_00000617,images/img_00000617.jpg,02_deepfirearm,deepfirearm,8b7fd58351a9187af9492f96c1ff2f3cf2f7fa1820726a1db9379b536f09eff8,,pending,,,,5
img_00000618,images/img_00000618.jpg,02_deepfirearm,deepfirearm,321ff91958b6b9d5a582e41985936067e65659af83c99f9bb86ed91ecedbb1af,,pending,,,,5
img_00000619,images/img_00000619.jpg,02_deepfirearm,deepfirearm,e536dc71b554cacdbf86586553a272249b984f3178bf0815cae66b7452c18b8f,,pending,,,,5
img_00000620,images/img_00000620.jpg,02_deepfirearm,deepfirearm,5ec1a88a6b7fea8412ab4eda7d9db9d0b35858829c70e144a3b19296bc2e6890,,pending,,,,5
img_00000621,images/img_00000621.jpg,02_deepfirearm,deepfirearm,c9f2b1f4dcb549911f6e3372d4f85cc7bc3d98f7c3d6d787cafcbbb59b2b2056,,pending,,,,5
img_00000622,images/img_00000622.jpg,02_deepfirearm,deepfirearm,e7ed48c62ab867e670cc26d0713fece53aed6e99ba1fc981e5fa6bcdde6d589c,,pending,,,,5
img_00000623,images/img_00000623.jpg,02_deepfirearm,deepfirearm,4be7c963fac7d710c2ee4a1c6cdf8d2a7b504ef5ba5a56c4c3f94e3c8f3f67e0,,pending,,,,5
img_00000624,images/img_00000624.jpg,02_deepfirearm,deepfirearm,6e4f3317c9c6a5a0e26b2c7f01d30819e00493c6cef72f080542b38285b085b6,,pending,,,,5
img_00000625,images/img_00000625.jpg,02_deepfirearm,deepfirearm,f63caca17895a86d29f0ddff463b94ae651fdc47f7a91da1129ba94b0bf87853,,pending,,,,5
img_00000626,images/img_00000626.jpg,02_deepfirearm,deepfirearm,80d430d03b822c3917532ea5fb85e770118599c51d29a131c0ae3937ee2b937a,,pending,,,,5
img_00000627,images/img_00000627.jpg,02_deepfirearm,deepfirearm,2caa318366ff2fb770d65c99ce59c67bc221d4542987556dfe291f7756b2dffe,,pending,,,,5
img_00000628,images/img_00000628.jpg,02_deepfirearm,deepfirearm,f1f7d299fc21d95dcd78eb2650e1317090ada479186da7ee2d4be713408aca0f,,pending,,,,5
img_00000629,images/img_00000629.jpg,02_deepfirearm,deepfirearm,d154767912d58e7610e3782a16d5630f0fca17d77bc4bd273f006746052a876a,,pending,,,,5
img_00000630,images/img_00000630.jpg,02_deepfirearm,deepfirearm,5408ca5807b10721b653b7ee7d1a7289f51693a31cccacf4271e1b28b0bd35e6,,pending,,,,5
img_00000631,images/img_00000631.jpg,02_deepfirearm,deepfirearm,1b1756ac7ec735df0885b1e86d4ec98799e91946d55d3e71a8db8ef3e12e7322,,pending,,,,5
img_00000632,images/img_00000632.jpg,02_deepfirearm,deepfirearm,d91c33c9db7b4a8d3e67fa0403033dd444eb33385def5e2f0b1798ea52043265,,pending,,,,5
img_00000633,images/img_00000633.jpg,02_deepfirearm,deepfirearm,c6d4be0f789069c1a7f283af44486e8a783c6dc89da2bd22139ed1545081e062,,pending,,,,5
img_00000634,images/img_00000634.jpg,02_deepfirearm,deepfirearm,229b5d284adc1e526b505d0fa4d818f27b0e1140545732eecfd79ba62fd12c75,,pending,,,,5
img_00000635,images/img_00000635.jpg,02_deepfirearm,deepfirearm,f67052d26c34afdd6c3e92eed9e9ec8edadbb441defc80a8ae3bbf1c71eecaee,,pending,,,,5
img_00000636,images/img_00000636.jpg,02_deepfirearm,deepfirearm,586cff63159774d31788fcc466b3e663b71e7550771d2695db55f9014ec2424c,,pending,,,,5
img_00000637,images/img_00000637.jpg,02_deepfirearm,deepfirearm,1cff66d7ff57568426c5d9b1bd86474f8ea8295863bf147630b7e1c4150b5973,,pending,,,,5
img_00000638,images/img_00000638.jpg,02_deepfirearm,deepfirearm,f6df723963d66f7242c6fed77e5dd88206855446e6b0dc396269875125969542,,pending,,,,5
img_00000639,images/img_00000639.jpg,02_deepfirearm,deepfirearm,670fb5ece3781c898b9324964fcdaf23a5c15a64ad1328abd1b76438ba77a094,,pending,,,,5
img_00000640,images/img_00000640.jpg,02_deepfirearm,deepfirearm,3d46a2a18db6255016bd7ed14aa3c898a5986a1673ac705d25ddd92f7ac71804,,pending,,,,5
img_00000641,images/img_00000641.jpg,02_deepfirearm,deepfirearm,612959efeeee5b9805ef3932bc2f9f1abace97401cb06693e07dbc5447b2342d,,pending,,,,5
img_00000642,images/img_00000642.jpg,02_deepfirearm,deepfirearm,ce497c1f5bcccd1a979b9b33657871ea0385073e3d9e8225b593ee34b92f2d0d,,pending,,,,5
img_00000643,images/img_00000643.jpg,02_deepfirearm,deepfirearm,d38efae36cfd04cb5eddcd7322a4b3b06595ac914e215bc1626e4c2dcb754603,,pending,,,,5
img_00000644,images/img_00000644.jpg,02_deepfirearm,deepfirearm,67a06bf2a211a6711e664c6c3bf8ccd0cd9b73e395b2ee4f34ba50f37e9c05f5,,pending,,,,5
img_00000645,images/img_00000645.jpg,02_deepfirearm,deepfirearm,4ff8d9a3a27d8dfa86f100d15ba6a1a6ea8da3d091ef2669cde6acf295502cf1,,pending,,,,5
img_00000646,images/img_00000646.jpg,02_deepfirearm,deepfirearm,81fbdac4f88fe5e0052599a2ad67370e54ef0d34cf54b8a94da40b0443bb58c9,weapon,reviewed,,Lello,2026-04-22T09:14:34+00:00,5
img_00000647,images/img_00000647.jpg,02_deepfirearm,deepfirearm,a08274a020a007cf75c2cda796693039804c4713c83558619c74c71b70e0c0cd,weapon,reviewed,,Lello,2026-04-22T09:14:35+00:00,5
img_00000648,images/img_00000648.jpg,02_deepfirearm,deepfirearm,0e4e546acd21c1cceebfbf242fea839fc2a5309cb86c98c4e1ed8fa501355eeb,weapon,reviewed,,Lello,2026-04-22T09:14:37+00:00,5
img_00000649,images/img_00000649.jpg,02_deepfirearm,deepfirearm,c2064749de933aaa1bc2480a70e1b72be2599754e92ff0b203cdaa01c08bd0c8,weapon,reviewed,,Lello,2026-04-22T09:14:38+00:00,5
img_00000650,images/img_00000650.jpg,02_deepfirearm,deepfirearm,9d07d8fd57fe560be49fceb0f9ef0010d9d53052ec780fab1fc944f6ad6f7b7a,weapon,reviewed,,Lello,2026-04-22T09:14:40+00:00,5
img_00000651,images/img_00000651.jpg,02_deepfirearm,deepfirearm,dc9996c02eb67129d9d3f843f427cff1f84a3f6c555bcfc9e74732d69cd2ff43,,pending,,,,5
img_00000652,images/img_00000652.jpg,02_deepfirearm,deepfirearm,3c7ae89c192b2923b2cc2bfcefe16b4277e1a8055ae5306d7463654e237dba4d,,pending,,,,5
img_00000653,images/img_00000653.jpg,02_deepfirearm,deepfirearm,abef1fa22390991f28cec375363ee049ac7b709838faf6a98335490429bf83cc,,pending,,,,5
img_00000654,images/img_00000654.jpg,02_deepfirearm,deepfirearm,557f70aebb5407eebabd71a5805d00b9efe9c3b409be561de856cfbd9e281038,,pending,,,,5
img_00000655,images/img_00000655.jpg,02_deepfirearm,deepfirearm,91906a27f0d52badc6300ebf82f0d9ddcc455a30297c0fcf0f88b2ae59952504,,pending,,,,5
img_00000656,images/img_00000656.jpg,02_deepfirearm,deepfirearm,6368c6478827d6e67e6d0c101d36faec51a107d52c933d7c01b6c597f6defddd,,pending,,,,5
img_00000657,images/img_00000657.jpg,02_deepfirearm,deepfirearm,6fa89b71bec45e614b3e4ab7e78b0dca99d351774255319553d2cf37866a7d2b,,pending,,,,5
img_00000658,images/img_00000658.jpg,02_deepfirearm,deepfirearm,000e678a02be390be413cde12e517af260e6bd68e69664e208b8542c580dc50c,,pending,,,,5
img_00000659,images/img_00000659.jpg,02_deepfirearm,deepfirearm,5e28ecc65be3725086f56497a8b0f95cc7ddb5e77a45aad94236c5cac250d5db,,pending,,,,5
img_00000660,images/img_00000660.jpg,02_deepfirearm,deepfirearm,aab2d756d238c56cc99d5183d5949fadacb36ef58b9a8e1a0c28407f47869acd,,pending,,,,5
img_00000661,images/img_00000661.jpg,02_deepfirearm,deepfirearm,f4f7ddc870aa2e28cb8d226aae6749cad66bd8dddbf3e37f936904b1d204c238,,pending,,,,5
img_00000662,images/img_00000662.jpg,02_deepfirearm,deepfirearm,6c48602c395a1d2cddb3f35ee1743502b68e7f85e2a44d35ac9f9e3f88e23a41,,pending,,,,5
img_00000663,images/img_00000663.jpg,02_deepfirearm,deepfirearm,69caaded8c4463e37052dae3b5cf3207e448992cb7f4ad1f1e2d8d5829119a1b,,pending,,,,5
img_00000664,images/img_00000664.jpg,02_deepfirearm,deepfirearm,3d2fb7e6a802447bf85ef061047b6c0f10ded3dde640da68791c2cbaaab140ca,,pending,,,,5
img_00000665,images/img_00000665.jpg,02_deepfirearm,deepfirearm,5601f952d66328ff7c93fe32cf6698e90d78d4a1ab2fc3b4795573f392b19a4b,,pending,,,,5
img_00000666,images/img_00000666.jpg,02_deepfirearm,deepfirearm,dfcf6a5be4128c42d89cfe1f7168bd3cc2e3d7e7deb9d4b6543242ca3137e438,,pending,,,,5
img_00000667,images/img_00000667.jpg,02_deepfirearm,deepfirearm,5059cef1e9204e48d5ae403099e9bd62fcb377783013326f5c34b61e64324277,,pending,,,,5
img_00000668,images/img_00000668.jpg,02_deepfirearm,deepfirearm,ba890b96d2654f57f8dac65112e71c67856b646ff9c19bd32c7ea3a590443d8f,,pending,,,,5
img_00000669,images/img_00000669.jpg,02_deepfirearm,deepfirearm,9698633402d461eeac1551daee51efb9d9a6a420bd5808284fa888458b1fc60c,,pending,,,,5
img_00000670,images/img_00000670.jpg,02_deepfirearm,deepfirearm,05e43210c5896768995442949e161cef2cd1036000655274aeda9ba073a6c2d1,,pending,,,,5
img_00000671,images/img_00000671.jpg,02_deepfirearm,deepfirearm,fa3902544ab4fbc900c92da90a3e14f6932ad0725fcd703bedfc3c5f5d167cc3,,pending,,,,5
img_00000672,images/img_00000672.jpg,02_deepfirearm,deepfirearm,765426c2c2ebaec8843cc1ce92de6a7d2e636fc6ecbcb75c992279f76152d703,,pending,,,,5
img_00000673,images/img_00000673.jpg,02_deepfirearm,deepfirearm,f4d14dcb3b2c65df2b29579e176d45ebc64396464205549477b65677cd9822d7,,pending,,,,5
img_00000674,images/img_00000674.jpg,02_deepfirearm,deepfirearm,93853d11535db45a7368ff5061f70a5c4b320c29a9bafd5db2072fe2a20237e0,,pending,,,,5
img_00000675,images/img_00000675.jpg,02_deepfirearm,deepfirearm,199ce1aad22570ecf970a4f2b598f3119496b01b99dcbbc0dc4e58ba095e42c0,,pending,,,,5
img_00000676,images/img_00000676.jpg,02_deepfirearm,deepfirearm,b00646b6406656edbcc8549ff2416f76d0160b430fe99ac7c7c4c6e8e7b0d13c,,pending,,,,5
img_00000677,images/img_00000677.jpg,02_deepfirearm,deepfirearm,9aa708a1d2dbdcafd673e0fee038ec0ea516f2441c7331d0fa4c2bf766374f87,,pending,,,,5
img_00000678,images/img_00000678.jpg,02_deepfirearm,deepfirearm,ff9276fe0e673150de9375c9bb28dd674fe936eb1410909c302c69b98652f7dc,,pending,,,,5
img_00000679,images/img_00000679.jpg,02_deepfirearm,deepfirearm,7da326c7f1c264feea152a81c50c11e30c48d94c4026d4d1c56bd657814a8cd3,,pending,,,,5
img_00000680,images/img_00000680.jpg,02_deepfirearm,deepfirearm,a83f0bf4853fb6d312217491b6c08a00658183f1c37b628ecdab0d9e41b58bf9,,pending,,,,5
img_00000681,images/img_00000681.jpg,02_deepfirearm,deepfirearm,f140110856e733a061c658b17c7567e0e835ec4d1cc35c9ca4e6113ef84020e6,,pending,,,,5
img_00000682,images/img_00000682.jpg,02_deepfirearm,deepfirearm,9d679418485a47c4622c2324a030051728ab5fa6695d6b7103b2307075803fb7,,pending,,,,5
img_00000683,images/img_00000683.jpg,02_deepfirearm,deepfirearm,fea912574b3a45f33fbe76bca04d7fb8cb040e40f71d52e60d35472cd05cef55,,pending,,,,5
img_00000684,images/img_00000684.jpg,02_deepfirearm,deepfirearm,8635b2b0bcecaea7831afe3907a2c6cb51facdfbd18b6a9ec3074a22fa32a8c1,,pending,,,,5
img_00000685,images/img_00000685.jpg,02_deepfirearm,deepfirearm,5cba63be0baa5bd30a55e5fc46aa380eb1f33e6fefae5763334509eb1fb14383,,pending,,,,5
img_00000686,images/img_00000686.jpg,02_deepfirearm,deepfirearm,96a1e5fcb9145566b88f39078f476e2098ff831f6739bf9842436b3a251e0ab8,,pending,,,,5
img_00000687,images/img_00000687.jpg,02_deepfirearm,deepfirearm,da90b010e5545d6db013e0107154d8ba6e932efa02fed5bf3d049f2449a243d0,weapon,reviewed,,Lello,2026-04-22T09:14:48+00:00,5
img_00000688,images/img_00000688.jpg,02_deepfirearm,deepfirearm,deb0efe0f1d67e76a3e2ed76b9f914b969f82317b4b99647f3c9d333e05bb838,,pending,,,,5
img_00000689,images/img_00000689.jpg,02_deepfirearm,deepfirearm,b4a8fc664b418cb6514a514d26fd3b8a73850043caeef89db2cd459c6940454b,,pending,,,,5
img_00000690,images/img_00000690.jpg,02_deepfirearm,deepfirearm,7aab4135bdcca64eb06c413853bd23009ddd783d6b2d6c0b16505bffa7e5c0a4,,pending,,,,5
img_00000691,images/img_00000691.jpg,02_deepfirearm,deepfirearm,8762c17a5fde0266dfce73fc60c3bf10eb025b1f0ab5d9fa7fa49c3ffc432d98,,pending,,,,5
img_00000692,images/img_00000692.jpg,02_deepfirearm,deepfirearm,45208b6bdeff3763d2d663cd30f1601172ed6d2beaab2c60df71ddc877aefcef,weapon,reviewed,,Lello,2026-04-22T09:14:52+00:00,5
img_00000693,images/img_00000693.jpg,02_deepfirearm,deepfirearm,424c0847e1706a05bb06599e984f12c6dcfed03f8a9ff16b432b7975cc233504,weapon,reviewed,,Lello,2026-04-22T09:14:54+00:00,5
img_00000694,images/img_00000694.jpg,02_deepfirearm,deepfirearm,0941feb290d3bd41a4f5416a147a0859b590fed1616c34814f34418df40d2cb2,weapon,reviewed,,Lello,2026-04-22T09:14:56+00:00,5
img_00000695,images/img_00000695.jpg,02_deepfirearm,deepfirearm,0b1b960f90b738ccf2bfab237ab55ba0a9a15aef56ed938a7af0893110ce967f,weapon,reviewed,,Lello,2026-04-22T09:14:57+00:00,5
img_00000696,images/img_00000696.jpg,02_deepfirearm,deepfirearm,07faa2f87436d8e88369652396788010c2aece32243fe93f5b1b3a754465aaf7,,pending,,,,5
img_00000697,images/img_00000697.jpg,02_deepfirearm,deepfirearm,989125880155e3334903e96b8549ded2f765660a966c7be8d8c0ec92e84cb3c9,,pending,,,,5
img_00000698,images/img_00000698.jpg,02_deepfirearm,deepfirearm,629a773fd06285f93929adb9063148199454fa279a7d6936174a2e9c6da75fed,,pending,,,,5
img_00000699,images/img_00000699.jpg,02_deepfirearm,deepfirearm,bb8fd8bcc0182dc0ec15b8c0e0eae09b43296c52846685fe37118b7d1b835751,,pending,,,,5
img_00000700,images/img_00000700.jpg,02_deepfirearm,deepfirearm,dcb7cae15432c48e4339e98c975cfa8b8ffb865a088b6d9c0463ca24599ab53a,,pending,,,,5
img_00000701,images/img_00000701.jpg,02_deepfirearm,deepfirearm,d696f09f810b234bb3ff5123dcf730bc0d0f77c590e49ada27edf83b1be84771,,pending,,,,5
img_00000702,images/img_00000702.jpg,02_deepfirearm,deepfirearm,a16acd7f06662ff4e48d954c202afef0b3b9091d8cbfbebfdc230cba8caa5765,,pending,,,,5
img_00000703,images/img_00000703.jpg,02_deepfirearm,deepfirearm,dd7c3de8db3ea0497221240a4bc946ee0aba59198aebfbb8564c941c6846539d,,pending,,,,5
img_00000704,images/img_00000704.jpg,02_deepfirearm,deepfirearm,d747d57eac0db0ff7f17e42b74b299e5f54bd3854ac1c14fc7f3fa9ac88c3b55,,pending,,,,5
img_00000705,images/img_00000705.jpg,02_deepfirearm,deepfirearm,e7082aae8d1aa35d23883cfdf251c93a439fe0091c7815d33a31ad96a8fb86c1,,pending,,,,5
img_00000706,images/img_00000706.jpg,02_deepfirearm,deepfirearm,808543adb2a59646e3058d9002e4759f67fa56d7e5bcbb442164e128b6fe9dc3,,pending,,,,5
img_00000707,images/img_00000707.jpg,02_deepfirearm,deepfirearm,5e2e2999365dfb6bdc2116ac8d48177393ce1b34f3f9cf83197f7e87daa2d7b2,,pending,,,,5
img_00000708,images/img_00000708.jpg,02_deepfirearm,deepfirearm,ff5a49f787c34b825fc1d06e23c6d8469df75c44d263fc077a7f7f2bd8a53e6e,,pending,,,,5
img_00000709,images/img_00000709.jpg,02_deepfirearm,deepfirearm,84e40a6defdee64112d36829314269996f5ff1165b6d9d279e5bd7175bd065c1,,pending,,,,5
img_00000710,images/img_00000710.jpg,02_deepfirearm,deepfirearm,5c0648627bee6d8c8f499651fff6d146807c13391c09cb3b8040872208ded4b9,,pending,,,,5
img_00000711,images/img_00000711.jpg,02_deepfirearm,deepfirearm,e1c0654772337ef7c50271dba059dbc64ee2d181573193433a9459c127735352,,pending,,,,5
img_00000712,images/img_00000712.jpg,02_deepfirearm,deepfirearm,215c00330f488b7c72316b42d0115a6d75ece95d78d208c157e478d282f3db54,,pending,,,,5
img_00000713,images/img_00000713.jpg,02_deepfirearm,deepfirearm,4e3f210b13ad3d66ed954d3d18ea182dff2fd8c2e54beb3ceab91c74a0813018,,pending,,,,5
img_00000714,images/img_00000714.jpg,02_deepfirearm,deepfirearm,4514bbe53f01deaf06298c2f0ed32739d920af8dcc9f0adf9b0171d1531af8bf,,pending,,,,5
img_00000715,images/img_00000715.jpg,02_deepfirearm,deepfirearm,1586ef2f844cd6e9030a519e20851a8758ee20fac2cf863281d58c30afbfcc72,,pending,,,,5
img_00000716,images/img_00000716.jpg,02_deepfirearm,deepfirearm,cd05cacbeb7d44d42c30523328eb82b1d7c9c22852d44d666161f8ef740483e9,,pending,,,,5
img_00000717,images/img_00000717.jpg,02_deepfirearm,deepfirearm,7b5a7a1015eaf793504aadeb342651c7e1542e402f04de4d9ffec41c05b87f84,,pending,,,,5
img_00000718,images/img_00000718.jpg,02_deepfirearm,deepfirearm,fdd224e9bf9e0b41b38e519a76ad4cea103905a64aaf2c6f1c18520200602d47,,pending,,,,5
img_00000719,images/img_00000719.jpg,02_deepfirearm,deepfirearm,6a6dd64113ab48db6aa00bf6ceeccd897991d4e0cb9d26d345bae2a0f15f0cee,,pending,,,,5
img_00000720,images/img_00000720.jpg,02_deepfirearm,deepfirearm,e0cb34f9a3fb41380b155b5a694c58d880eb5d79f70c38c88c97570f9afd4fab,,pending,,,,5
img_00000721,images/img_00000721.jpg,02_deepfirearm,deepfirearm,d69ebe7e4915951c02a91ec265df2961478892df9f1da51316db1b0825dfd75e,,pending,,,,5
img_00000722,images/img_00000722.jpg,02_deepfirearm,deepfirearm,696812b0f6d3d0f712f2399ea8081383784576cc6070fb0f697b27913fd5c8ef,,pending,,,,5
img_00000723,images/img_00000723.jpg,02_deepfirearm,deepfirearm,943e10baa937beebfc2be7a941b6bdb3cb23c548db2277a89531e19c399c4ae5,,pending,,,,5
img_00000724,images/img_00000724.jpg,02_deepfirearm,deepfirearm,697db71206be7640026bf12c069e04dd0edc2907fc3c1f901d88ff7a04b055ca,,pending,,,,5
img_00000725,images/img_00000725.jpg,02_deepfirearm,deepfirearm,95b8993932abc7a983991df2c43dc768eb45b40fc714ef7887b1d84bd4956aa8,,pending,,,,5
img_00000726,images/img_00000726.jpg,02_deepfirearm,deepfirearm,f04a97136f5d244140792f1ce29575647304708afcb76295ce2a6107d9926034,,pending,,,,5
img_00000727,images/img_00000727.jpg,02_deepfirearm,deepfirearm,9bce1f510afdcd3a612fa47f821020cd9668ae4ad7894f672b27d8b1e9b28907,weapon,reviewed,,Lello,2026-04-22T09:15:05+00:00,5
img_00000728,images/img_00000728.jpg,02_deepfirearm,deepfirearm,fa24be71202410f4fdb79f075c3443344f1951187f4cfb944dd4ce88ea65f1ba,weapon,reviewed,,Lello,2026-04-22T09:15:06+00:00,5
img_00000729,images/img_00000729.jpg,02_deepfirearm,deepfirearm,cc31a9a0143cf7680659433eb3f2f1b123deb2ab8729959477eeebde4a81b6b1,weapon,reviewed,,Lello,2026-04-22T09:15:07+00:00,5
img_00000730,images/img_00000730.jpg,02_deepfirearm,deepfirearm,301b9a103dc3fd6e19208216c4a7721f53f099542ffa7f9a0ae42f198e6947c0,weapon,reviewed,,Lello,2026-04-22T09:15:09+00:00,5
img_00000731,images/img_00000731.jpg,02_deepfirearm,deepfirearm,7dedbc30eb59cc2bf2930d19940d4f0a5be45e39ee600cae966f06d110fff9a6,weapon,reviewed,,Lello,2026-04-22T09:15:10+00:00,5
img_00000732,images/img_00000732.jpg,02_deepfirearm,deepfirearm,c86fbbc9c9aaca7e48e802cd3bfa161fd74643d086942e32bcbcc75e326892ec,,pending,,,,5
img_00000733,images/img_00000733.jpg,02_deepfirearm,deepfirearm,435317364e39f8677dd69f1b873d133347e377288856126ab05ee4dbbb4cb067,,pending,,,,5
img_00000734,images/img_00000734.jpg,02_deepfirearm,deepfirearm,3493e2f602ada1c73a67cd3f0ab8f642a16ca78eb311f81f376cbaeafac3952f,,pending,,,,5
img_00000735,images/img_00000735.jpg,02_deepfirearm,deepfirearm,0ce873a555eb62d6549a0f38b709ca78180b019173483e2359e978e5d266ecb1,,pending,,,,5
img_00000736,images/img_00000736.jpg,02_deepfirearm,deepfirearm,99936dc85a72527a371e4d5e622fa3d4f21460446344494124156d1bd1e59cf9,,pending,,,,5
img_00000737,images/img_00000737.jpg,02_deepfirearm,deepfirearm,979655dca2ebd9648b2b3a55ba404dcdd8542abe3f74675fb94a1670ae2070ab,,pending,,,,5
img_00000738,images/img_00000738.jpg,02_deepfirearm,deepfirearm,b059bf6bce3afbe3ad272d4068dab33316a56f05b7d26b21272ec1ed4088026a,,pending,,,,5
img_00000739,images/img_00000739.jpg,02_deepfirearm,deepfirearm,6368cea29310aa6a4dc304e4496c050559176d13e9b176f7f585295291227ed7,,pending,,,,5
img_00000740,images/img_00000740.jpg,02_deepfirearm,deepfirearm,db20cf8c8a21d356dbb5ff75df5441ff8ffeded278f26402f9e56d2ec9b23790,,pending,,,,5
img_00000741,images/img_00000741.jpg,02_deepfirearm,deepfirearm,bfa58b53929c686e8311caef373550f1acf46272faa096bcf661082a12a055f1,,pending,,,,5
img_00000742,images/img_00000742.jpg,02_deepfirearm,deepfirearm,ddfca84a609365270f5910e612368ec0d61fecfc928d5c3c5bf827fe7a79725f,,pending,,,,5
img_00000743,images/img_00000743.jpg,02_deepfirearm,deepfirearm,0c16cf6288f4723c8fb299bfeaa9f234a76301dbefda7e6e7c2355787cf3b5b4,,pending,,,,5
img_00000744,images/img_00000744.jpg,02_deepfirearm,deepfirearm,f587704b4643cc5b7deca8d415d6ad5fa2df47bdb19b4110d4110521a18a2192,,pending,,,,5
img_00000745,images/img_00000745.jpg,02_deepfirearm,deepfirearm,df32802ec44fd67f46c54106319d479dbf77b98d29576aabfb0206dec4b3a32c,,pending,,,,5
img_00000746,images/img_00000746.jpg,02_deepfirearm,deepfirearm,c773ca4bbcfac6503e178efb35c023adfebbf737a24c4cc6e99dbbd5fefbe84b,,pending,,,,5
img_00000747,images/img_00000747.jpg,02_deepfirearm,deepfirearm,fa5d97771dc7b17d29903a27e80d2fee6c7fbb7905ea5142e7f6840715a2cd4c,,pending,,,,5
img_00000748,images/img_00000748.jpg,02_deepfirearm,deepfirearm,41046864e9e927850dc411d480f4d6553fd068299cabb9af2c9737dc694a8337,,pending,,,,5
img_00000749,images/img_00000749.jpg,02_deepfirearm,deepfirearm,78b04b8edf0d268569a06e1ca77a2399ea87073d71e5fb39f54d9373b1af6be6,,pending,,,,5
img_00000750,images/img_00000750.jpg,02_deepfirearm,deepfirearm,cd1aa3d56c7fca62369633d959f5c2b9d5d6cff8dec473dc8b19739040a3a86c,,pending,,,,5
img_00000751,images/img_00000751.jpg,02_deepfirearm,deepfirearm,af8e8e69939ea074e3405a4f7bdc1e074788d7169102600f27bfbaa6b69e5ad2,,pending,,,,5
img_00000752,images/img_00000752.jpg,02_deepfirearm,deepfirearm,ac41f759ebb55f3df30cec4c270d836f1b05bd1bc520ce6931bf5adc8af975e2,,pending,,,,5
img_00000753,images/img_00000753.jpg,02_deepfirearm,deepfirearm,8e505efe1578acb5b9ae2a7cad609601fa5895334d52980320346ea63e59c946,,pending,,,,5
img_00000754,images/img_00000754.jpg,02_deepfirearm,deepfirearm,14ca83f3b9f4ff3b2266432b7780dc27b6fbb8da4092d0bfafc91e1b7ada58ce,,pending,,,,5
img_00000755,images/img_00000755.jpg,02_deepfirearm,deepfirearm,63c5a76a74ccd46c5cf7100b16ee9ac7f1d520ecc34457770e2ecd16561e2b56,,pending,,,,5
img_00000756,images/img_00000756.jpg,02_deepfirearm,deepfirearm,28409d99b85a89492841602e0f22a1e2c48b11de60ed9949b1817ba06bd623e2,,pending,,,,5
img_00000757,images/img_00000757.jpg,02_deepfirearm,deepfirearm,2126935c3b2fb0d423b8c9be57b3d0156ef4213077acd87304ff87bcd18585e0,,pending,,,,5
img_00000758,images/img_00000758.jpg,02_deepfirearm,deepfirearm,e161b17be1b8e3e825887be8c42ddcb5c239e72171196f8619c10df898dedc42,,pending,,,,5
img_00000759,images/img_00000759.jpg,02_deepfirearm,deepfirearm,9f93276ec72f9e90762060f17ef03988f30b4470b51a7fbebb7ff8546f0c74c7,,pending,,,,5
img_00000760,images/img_00000760.jpg,02_deepfirearm,deepfirearm,cfe4348563c74a56e6aafae84d9da6164e420c886dd4ec9bcabf37e0627fabae,,pending,,,,5
img_00000761,images/img_00000761.jpg,02_deepfirearm,deepfirearm,f3517a68c94360b9f6cd8ea47b2c1394f20fcaead13793f2510d0a08252e9371,,pending,,,,5
img_00000762,images/img_00000762.jpg,02_deepfirearm,deepfirearm,c04a1db955a6554cca004881a51396ef0bc4beea642959c71aa27a7591911f25,,pending,,,,5
img_00000763,images/img_00000763.jpg,02_deepfirearm,deepfirearm,b082e1e8f87a47f96a44a8a8f3fcd7b25827f997ca83e8866a3de3cd89365ef6,,pending,,,,5
img_00000764,images/img_00000764.jpg,02_deepfirearm,deepfirearm,2361064ec0fe1f4a015a29a1135817ef94f4fb83df85de3f80dd50d62a50f61d,,pending,,,,5
img_00000765,images/img_00000765.jpg,02_deepfirearm,deepfirearm,537efd576a970915ac4d53e1d5a10896bf991c313464a2dffcf3b7af09369872,,pending,,,,5
img_00000766,images/img_00000766.jpg,02_deepfirearm,deepfirearm,58c214ffe13e36f41947a29254d3ea3febf06a6193d4663ea6140537d36e7033,,pending,,,,5
img_00000767,images/img_00000767.jpg,02_deepfirearm,deepfirearm,d78043d54476ed80d455cb5034acc14fb57b279658e41e2cb5876994ad64dcd1,,pending,,,,5
img_00000768,images/img_00000768.jpg,02_deepfirearm,deepfirearm,23b9b299a75675072451328919b6f0ddd2dfd260b95d8f40fd76f622083cee47,,pending,,,,5
img_00000769,images/img_00000769.jpg,02_deepfirearm,deepfirearm,85d730c2f9843a742e7103e01cf99f54162e1e2a67340b58e6327f49e4ca6d49,,pending,,,,5
img_00000770,images/img_00000770.jpg,02_deepfirearm,deepfirearm,476f17c06e2eec0360371a034c15fa5f1892b8f98448921b06a947b68b27e55f,,pending,,,,5
img_00000771,images/img_00000771.jpg,02_deepfirearm,deepfirearm,98d37bd22b3722de931f2d5795f6ae1df68eb070dd6cfc5d64080f446e91a407,,pending,,,,5
img_00000772,images/img_00000772.jpg,02_deepfirearm,deepfirearm,d8a6b9634499b2fd31a7213f03a55003dbeaa404d2c548e55d41a6fbad37780e,,pending,,,,5
img_00000773,images/img_00000773.jpg,02_deepfirearm,deepfirearm,1b951908ad034451bf933c2a5d5e41ebb5eed61dd6dcbcaeb8595b62ea5b9fef,,pending,,,,5
img_00000774,images/img_00000774.jpg,02_deepfirearm,deepfirearm,4c298e81b72552c29c074645a1384503d8d3030c9b182fd149ce6ffabc5e2860,,pending,,,,5
img_00000775,images/img_00000775.jpg,02_deepfirearm,deepfirearm,00a6a80d2bf34cd4f3ade4ee08d006c4c054fdd753ebe946309a7e8ae5e2676f,,pending,,,,5
img_00000776,images/img_00000776.jpg,02_deepfirearm,deepfirearm,817b16ee8da49656b3bc97eb8eb80c59278184de94d703ae0f5fb447c177bd52,,pending,,,,5
img_00000777,images/img_00000777.jpg,02_deepfirearm,deepfirearm,a20f5f0a16064550157d5ad8cd68ad27eb53f8f2ff977944c1d9a327abb2dfe9,,pending,,,,5
img_00000778,images/img_00000778.jpg,02_deepfirearm,deepfirearm,d6d3aace78bdf5acbb493eed508080be116733f459c1072b9fa36601e21e26ea,,pending,,,,5
img_00000779,images/img_00000779.jpg,02_deepfirearm,deepfirearm,0abdea84138136043810503418260017de29dac6193ae8c2f336be08c2e88243,,pending,,,,5
img_00000780,images/img_00000780.jpg,02_deepfirearm,deepfirearm,71df1208b924a694a847a1749bf6af1b87303fd8afb3a44acf51b3b83b6fadc0,,pending,,,,5
img_00000781,images/img_00000781.jpg,02_deepfirearm,deepfirearm,3efeb49bbfb284a75b2c12621610881c15dc53fe52a973ca3342483f6f6b9a6f,,pending,,,,5
img_00000782,images/img_00000782.jpg,02_deepfirearm,deepfirearm,d312f180f3068e20f21206975cd6927b6cae9530e3d58473438803cc9d4f9e66,,pending,,,,5
img_00000783,images/img_00000783.jpg,02_deepfirearm,deepfirearm,a650df1381ea70e3ff4a1cae3d8c3e5ddc40e70fcc41031e7c5b3abd308f6140,,pending,,,,5
img_00000784,images/img_00000784.jpg,02_deepfirearm,deepfirearm,c0b12dcac07affac7ba367ab58069926714e01a0a59210319b401c088eaa96e7,,pending,,,,5
img_00000785,images/img_00000785.jpg,02_deepfirearm,deepfirearm,dda177378f14ccebd12b6280251d670bf2e622556633acf4eae3002c5adb4fc6,,pending,,,,5
img_00000786,images/img_00000786.jpg,02_deepfirearm,deepfirearm,950bae1bea20dc7a5e8b51b2670605d1a73202b66b1502859070a3202344eb1f,,pending,,,,5
img_00000787,images/img_00000787.jpg,02_deepfirearm,deepfirearm,2af3bdb2d76a3057820951207a846123625ed7845d09ab883387f70e64da52b3,,pending,,,,5
img_00000788,images/img_00000788.jpg,02_deepfirearm,deepfirearm,3cabe6cfbfdd819f733a0534e22583df151077e3561dad1642f8e13bfbd8b04b,,pending,,,,5
img_00000789,images/img_00000789.jpg,02_deepfirearm,deepfirearm,611f08c9150a3aaa9a215a2fabf1ce63648d2a31116b928b3188b1bb14d85d1e,,pending,,,,5
img_00000790,images/img_00000790.jpg,02_deepfirearm,deepfirearm,533f68fcf454980826668e7336926d2bf19b997bd245db0aeb23f63f3f54d0eb,,pending,,,,5
img_00000791,images/img_00000791.jpg,02_deepfirearm,deepfirearm,06071282c1471de474f8922cdb7f3307a7515f6cb7fe89c07fd146716005b7c7,,pending,,,,5
img_00000792,images/img_00000792.jpg,02_deepfirearm,deepfirearm,cb5a86dae5fe0f9e067286c5863c5374f592c81526014eb171ccc32ba946e5a3,weapon,reviewed,,Lello,2026-04-22T09:15:20+00:00,5
img_00000793,images/img_00000793.jpg,02_deepfirearm,deepfirearm,6308db5ec06cdac9419d0b511251f3010f2682eff3bd32d6fc372f3dbd5272ff,,pending,,,,5
img_00000794,images/img_00000794.jpg,02_deepfirearm,deepfirearm,78cb46a49782d925167d9a9f841dfef02734dadeda24cedc4762e329d0514783,,pending,,,,5
img_00000795,images/img_00000795.jpg,02_deepfirearm,deepfirearm,764b257ba0eed6c911f3b12d1ba7a93bffd03b4251626f6ce259de019218a644,,pending,,,,5
img_00000796,images/img_00000796.jpg,02_deepfirearm,deepfirearm,32e82821b049a3e2993ebac20cc79c0d24682cc052b8446902ff282a15a9f4c9,,pending,,,,5
img_00000797,images/img_00000797.jpg,02_deepfirearm,deepfirearm,40bad6b2a585a04ad7411dd280c1b5bd6e7ed4a9862031a871818b615a618b84,,pending,,,,5
img_00000798,images/img_00000798.jpg,02_deepfirearm,deepfirearm,b8530c99fdac7f0a90741737a7973ace2de8bc3b78e747a57a0d43b3812f70ba,,pending,,,,5
img_00000799,images/img_00000799.jpg,02_deepfirearm,deepfirearm,66d3052b0d6be1b591658ee45b011c32162ca1f8cddca02de20456ac1149dfef,,pending,,,,5
img_00000800,images/img_00000800.jpg,02_deepfirearm,deepfirearm,ca105ddc2ea1ae1515d739f227756022d80e71a5e530e88074155ea7cf042f52,,pending,,,,5
img_00000801,images/img_00000801.jpg,02_deepfirearm,deepfirearm,7df602b5d2a92f1a237722f46c564d9329d07a1d057b6057918a972daa70f89c,,pending,,,,5
img_00000802,images/img_00000802.jpg,02_deepfirearm,deepfirearm,3716ab00401b474ae26de591981610c4328704c9f30fdb92c48cb4fbee20751e,,pending,,,,5
img_00000803,images/img_00000803.jpg,02_deepfirearm,deepfirearm,7141a81e2e879ac3a072234d3df3d1295b57d28c699ec58b486facdfb5aa622a,weapon,reviewed,,Lello,2026-04-22T09:15:23+00:00,5
img_00000804,images/img_00000804.jpg,02_deepfirearm,deepfirearm,395f92e222b9ce0822bd7ed0f86fc49a2c55ead003cfe4ec8dbd742ae7774225,,pending,,,,5
img_00000805,images/img_00000805.jpg,02_deepfirearm,deepfirearm,ddd1f3554586303777d20002d10ab9858af9338b64e29893c97206c23aac6002,,pending,,,,5
img_00000806,images/img_00000806.jpg,02_deepfirearm,deepfirearm,03264fe03ce2923f349e2cf95a95646574e8ea92e2a9a0685fbddd8c162840d5,,pending,,,,5
img_00000807,images/img_00000807.jpg,02_deepfirearm,deepfirearm,5c04db190d06174f0590c576461a66c08fd6287519a3fd4776b5da442854bee1,,pending,,,,5
img_00000808,images/img_00000808.jpg,02_deepfirearm,deepfirearm,4fcd0c1da1a21abac2427ffcc433ba3be81d6319c2f926293710109382ec3964,,pending,,,,5
img_00000809,images/img_00000809.jpg,02_deepfirearm,deepfirearm,2db26c7c5ab1dc863838b4acbf61e19a7863d416fe98acf1861d65edf8750068,,pending,,,,5
img_00000810,images/img_00000810.jpg,02_deepfirearm,deepfirearm,2cc913f011c4589c38468701a8636a2f2f2238f1fb94f1fad842330147bcb1f1,,pending,,,,5
img_00000811,images/img_00000811.jpg,02_deepfirearm,deepfirearm,1abe9058e34c5a3906da943f8f7a827c9735d070a9193e6af3cf1d6b59d8d447,,pending,,,,5
img_00000812,images/img_00000812.jpg,02_deepfirearm,deepfirearm,ddaabbdef6758f3a0c51ae5dfb6da2e105c2ff694c5e59ccdc6e16a5c49df652,,pending,,,,5
img_00000813,images/img_00000813.jpg,02_deepfirearm,deepfirearm,bef0f28c475ae94fbe8f99ff51ad23d498ab9e46a0122d6dcde6e95290c024b8,,pending,,,,5
img_00000814,images/img_00000814.jpg,02_deepfirearm,deepfirearm,2dddb568e6bae7817b8c4d7f35067ff91720d16f2f3aee8a0d4732b7e960af7d,weapon,reviewed,,Lello,2026-04-22T09:15:26+00:00,5
img_00000815,images/img_00000815.jpg,02_deepfirearm,deepfirearm,ec367c703ea946b1b1053db38ddbe0a57e9359a5d7ec06267799e312cfd0ba06,weapon,reviewed,,Lello,2026-04-22T09:15:27+00:00,5
img_00000816,images/img_00000816.jpg,02_deepfirearm,deepfirearm,68bb98a9484942d089865d8b06e9fb2debbf3776dc877059230f2c883903fedf,weapon,reviewed,,Lello,2026-04-22T09:15:28+00:00,5
img_00000817,images/img_00000817.jpg,02_deepfirearm,deepfirearm,ac7088d4e87f30d35fa0a89c689ca09c7965abff0c9e1379fac61a5e1178cf63,,pending,,,,5
img_00000818,images/img_00000818.jpg,02_deepfirearm,deepfirearm,cf35da87b63441c6fd311e1a2581270f546c090f2bba28c06cdb56add1dc9b79,,pending,,,,5
img_00000819,images/img_00000819.jpg,02_deepfirearm,deepfirearm,d8f85e3b8d62a685a030099601b16e92bf7397027d06a7477a8eccc1a2ef9f8f,,pending,,,,5
img_00000820,images/img_00000820.jpg,02_deepfirearm,deepfirearm,3922e498ba6398f8f47a6b7bc29d6312562e0c8d3924216bbdf223ac55e7266b,,pending,,,,5
img_00000821,images/img_00000821.jpg,02_deepfirearm,deepfirearm,58842e93641e269eec0cae1faa9ed0ed366ec7eade5902f72cb09a6e3bd3b043,,pending,,,,5
img_00000822,images/img_00000822.jpg,02_deepfirearm,deepfirearm,d5e047fffd206fbaf1810eef0c145ce0b64f6214c782af7bf19bfffc20f1c6c4,,pending,,,,5
img_00000823,images/img_00000823.jpg,02_deepfirearm,deepfirearm,d9faee1ea809b0f7defef280f12841ff012d100f9afd362157b85e9ec93a7c88,,pending,,,,5
img_00000824,images/img_00000824.jpg,02_deepfirearm,deepfirearm,37f67a21af6abfc3ec216763dd642d9cbab1591cee6c00c34b00a3774a90218e,,pending,,,,5
img_00000825,images/img_00000825.jpg,02_deepfirearm,deepfirearm,608ad72f881d1783dc3ab05e418b6053ad6159c02df6249b8057ba3af105fd38,,pending,,,,5
img_00000826,images/img_00000826.jpg,02_deepfirearm,deepfirearm,fb1b105a671b252baf2ef56af0c7200cd9798c929946eacd57df6cc401c8d236,,pending,,,,5
img_00000827,images/img_00000827.jpg,02_deepfirearm,deepfirearm,eeeb34cd0a1d66cef7ac07920243603e9c444f646a25424767e57786404a65ea,,pending,,,,5
img_00000828,images/img_00000828.jpg,02_deepfirearm,deepfirearm,ab6c9f74a3b5af19b9ad5ba788797fe9a8216946cb9a51cbb017e5b3b8715da3,,pending,,,,5
img_00000829,images/img_00000829.jpg,02_deepfirearm,deepfirearm,0b1e543c41de63817b4cec354f4c6dfdc70c10feebcdefe1a3c86503fed70def,,pending,,,,5
img_00000830,images/img_00000830.jpg,02_deepfirearm,deepfirearm,21875b3e865162b9221aef916d7f02af5cfeb78b9703c51bf013cbdca728569b,,pending,,,,5
img_00000831,images/img_00000831.jpg,02_deepfirearm,deepfirearm,3449e083b75e50dc293f669ede211ddfa0b92cdd24ac144a84db5c5a2b967612,,pending,,,,5
img_00000832,images/img_00000832.jpg,02_deepfirearm,deepfirearm,622a1f053d3f6b96308a26436e3fd2632dff2036b9bb8505521ff4db5e940f31,,pending,,,,5
img_00000833,images/img_00000833.jpg,02_deepfirearm,deepfirearm,ea95fa59a08ddcc2fc11a832a055fec5c0ae44fc91cfff7b14d605169aa670b3,,pending,,,,5
img_00000834,images/img_00000834.jpg,02_deepfirearm,deepfirearm,0a6c4338023d11133c56131fb5dcf7f2eb3104c9ce62bfcc2f6c6eff1f0655dc,,pending,,,,5
img_00000835,images/img_00000835.jpg,02_deepfirearm,deepfirearm,168416488173ad744f3b83b2323c923a91662bb400eb756e5efa6ea49fe283bc,,pending,,,,5
img_00000836,images/img_00000836.jpg,02_deepfirearm,deepfirearm,5c44b6e10ef114575364103778a4e2b7ad0f1c758c37ea96daca87b61a5a1d5c,,pending,,,,5
img_00000837,images/img_00000837.jpg,02_deepfirearm,deepfirearm,73745737c25d1fb159fe5f79d26979baeaca4a88befc66cb38b67576ca56e81e,weapon,reviewed,,Lello,2026-04-22T09:15:33+00:00,5
img_00000838,images/img_00000838.jpg,02_deepfirearm,deepfirearm,0b110c143264aa99ba2c6da7867ce8dc44ac015433fcab7ad361be22871b353f,weapon,reviewed,,Lello,2026-04-22T09:15:34+00:00,5
img_00000839,images/img_00000839.jpg,02_deepfirearm,deepfirearm,ec4165704034b52c29a81826682fdcb2f982804ef3c2c3cfd4be9ddc3eaca6dd,weapon,reviewed,,Lello,2026-04-22T09:15:36+00:00,5
img_00000840,images/img_00000840.jpg,02_deepfirearm,deepfirearm,e036acc79813589b59e5fc9d78eb2a866b40dcdf17c37361e282ef7e2635f0ef,weapon,reviewed,,Lello,2026-04-22T09:15:38+00:00,5
img_00000841,images/img_00000841.jpg,02_deepfirearm,deepfirearm,5d09c6023af9f70230b453f68f5a28c4afa4fd42c74027791d3d19ab03caa086,weapon,reviewed,,Lello,2026-04-22T09:15:40+00:00,5
img_00000842,images/img_00000842.jpg,02_deepfirearm,deepfirearm,e43832cc5ce6f020846c6f75ab45968b42b934fe085834235ee08b224c6db21b,,pending,,,,5
img_00000843,images/img_00000843.jpg,02_deepfirearm,deepfirearm,4ed24f8506b4c3c78391a7bb90b7b8c8e60ae066fb1ca87af322755d707c62cb,,pending,,,,5
img_00000844,images/img_00000844.jpg,02_deepfirearm,deepfirearm,1a1fd5e8e02f0c31b6ec58f3d7118382633703fa293f5cea29604ed33f9418c9,,pending,,,,5
img_00000845,images/img_00000845.jpg,02_deepfirearm,deepfirearm,eda1aa9f0078d39f0dffc32d08c5d7e58d30aa4f2915da2fa507996da5e98157,,pending,,,,5
img_00000846,images/img_00000846.jpg,02_deepfirearm,deepfirearm,4e6adea13404909ca6ccfbcd6c429de6210fc509b37e7ea1cfc29fe83f3ee049,,pending,,,,5
img_00000847,images/img_00000847.jpg,02_deepfirearm,deepfirearm,3c65c3dff499596dcd4cc4193d01ad9cee3e82298ac994ef16197583349a7cc6,,pending,,,,5
img_00000848,images/img_00000848.jpg,02_deepfirearm,deepfirearm,76f812732ed61e03ae8ff9644ad92d5bf281f306c0ac4c34360edab2ac559549,,pending,,,,5
img_00000849,images/img_00000849.jpg,02_deepfirearm,deepfirearm,1aed51f1d22b52e7f6c3a0632b727c2e54d7750db482baf2ce577390a67f0c2c,,pending,,,,5
img_00000850,images/img_00000850.jpg,02_deepfirearm,deepfirearm,de1254c26958159dc6c673c1c1bf6770a7a91a6895b841735ea497c0ddc9f39b,,pending,,,,5
img_00000851,images/img_00000851.jpg,02_deepfirearm,deepfirearm,f8803eebe545e33a97cf040e186bb9e91553fcabd7cf221b3e14710051d7c971,,pending,,,,5
img_00000852,images/img_00000852.jpg,02_deepfirearm,deepfirearm,941aa669bc5e6df21f272b1995aba2c0a097e099c6bc416baee71b93ff6641f0,,pending,,,,5
img_00000853,images/img_00000853.jpg,02_deepfirearm,deepfirearm,e4ee407165a00f1f61105395e9284441b29c8854dcc1a98762c839ceac23be10,,pending,,,,5
img_00000854,images/img_00000854.jpg,02_deepfirearm,deepfirearm,8dc98562db0b5515d4f3a746fc418c944f1de349c5bdfb957d1b4b428b0b74fc,,pending,,,,5
img_00000855,images/img_00000855.jpg,02_deepfirearm,deepfirearm,d68df0fc5f0239c8209cf8062023e8cb8d453f6efc56ba2f84210dc92134256e,,pending,,,,5
img_00000856,images/img_00000856.jpg,02_deepfirearm,deepfirearm,3f974c47f116553842478d2b95fdc53d4c5614166503ca6d6bfdc95bb5974286,,pending,,,,5
img_00000857,images/img_00000857.jpg,02_deepfirearm,deepfirearm,3f81d0e8d7e43eee1fe462beb03997f75aa83213e2fb81edbed519da19bf2eef,,pending,,,,5
img_00000858,images/img_00000858.jpg,02_deepfirearm,deepfirearm,af35796a4eb2a05829371f617c818c435642a8ad7a7a2b0aff48fb0456c5f1e8,,pending,,,,5
img_00000859,images/img_00000859.jpg,02_deepfirearm,deepfirearm,cdcc538aab16c73a4ad1d0f6d8d41f4e8e5e20e39b2204f00eec74b23c5dccd6,,pending,,,,5
img_00000860,images/img_00000860.jpg,02_deepfirearm,deepfirearm,e04092b2616d1028b9b48a2fd591aa800ebe5c7a4c94ce00a98be9586ddc8ff5,,pending,,,,5
img_00000861,images/img_00000861.jpg,02_deepfirearm,deepfirearm,1e35746832e5883401181e3176173e343a052b960b30b8d2f1921c9c9d16d246,,pending,,,,5
img_00000862,images/img_00000862.jpg,02_deepfirearm,deepfirearm,3b047d966d548b170ab708c1f158f65df1cf249d90367b7fd51ca7ebfad3631a,,pending,,,,5
img_00000863,images/img_00000863.jpg,02_deepfirearm,deepfirearm,1bbd15720f8552045767de2f8dc871e2750ee255805b6e74b9b8b3f2ad0040ab,,pending,,,,5
img_00000864,images/img_00000864.jpg,02_deepfirearm,deepfirearm,5bc2611a59053a3de00af479d75f99fa5d7cee0aed2371329584309eded278a7,,pending,,,,5
img_00000865,images/img_00000865.jpg,02_deepfirearm,deepfirearm,b9a7bbdabc7b651be9ed609660819db22a69afcc9b20e3f28b5526d56f74b509,,pending,,,,5
img_00000866,images/img_00000866.jpg,02_deepfirearm,deepfirearm,29f7f3993dc5e663c171f6cd5e984a51fe14155b674c15f1f2b8e93540f55ee9,,pending,,,,5
img_00000867,images/img_00000867.jpg,02_deepfirearm,deepfirearm,022a05b76b45a10b915e7b2977513c80f38e3ab9827a97ea82a27020d5b27e86,,pending,,,,5
img_00000868,images/img_00000868.jpg,02_deepfirearm,deepfirearm,e5929f8202e551c35133eb99db895be4bb44c7d8b0196a8018c8ecff043fc44e,,pending,,,,5
img_00000869,images/img_00000869.jpg,02_deepfirearm,deepfirearm,af4b2f7ba4ce298074f2146280d4498034de53d0e4e0b073a86373e982826d51,,pending,,,,5
img_00000870,images/img_00000870.jpg,02_deepfirearm,deepfirearm,83b65ae9da6c8c90fc8b5defa7a52dc706df579808b480594638a54246e8bf48,,pending,,,,5
img_00000871,images/img_00000871.jpg,02_deepfirearm,deepfirearm,7ecf7f1dd4a83852de68637f2a23a435e56811d512b68f2aa6f36ae1b9edf2d6,,pending,,,,5
img_00000872,images/img_00000872.jpg,02_deepfirearm,deepfirearm,2b1a0d982c84007782c6e6144bad8bf22ad2d964ee4aa55aa2d7d8ea79082b64,,pending,,,,5
img_00000873,images/img_00000873.jpg,02_deepfirearm,deepfirearm,0bc2025f4382860886999f8b75c63badf3f3979d398f72e0301f183bf186dd6e,,pending,,,,5
img_00000874,images/img_00000874.jpg,02_deepfirearm,deepfirearm,4efdfd01f0275499cf39455f09e0fe9241123a233c07dfbc9f35dfb08339bed2,,pending,,,,5
img_00000875,images/img_00000875.jpg,02_deepfirearm,deepfirearm,7af456efda78c31473293fe1295af48ad14ced19737e4688e104d45a9d257802,,pending,,,,5
img_00000876,images/img_00000876.jpg,02_deepfirearm,deepfirearm,f75811a72e898f3e2ed992bfe723be1045c88251015a24a17e4ea5e50e3d604d,,pending,,,,5
img_00000877,images/img_00000877.jpg,02_deepfirearm,deepfirearm,b4f516d6dd5802a6266e19cc3866359bea2c908d6c2996931edd3d1d7587cb7b,,pending,,,,5
img_00000878,images/img_00000878.jpg,02_deepfirearm,deepfirearm,35052c9ba3101fcc5b7924e0d462ea0009a64e618077663fbe6e30cc9964ee3e,,pending,,,,5
img_00000879,images/img_00000879.jpg,02_deepfirearm,deepfirearm,10b77337aada6c6e241a2e44a7f6b7ca1aa004f341882433265dd2c1dead94fc,,pending,,,,5
img_00000880,images/img_00000880.jpg,02_deepfirearm,deepfirearm,b5d92d780ee7dd1421f2d3539908c2ada9a02360bf3471d88f865305f20f559b,,pending,,,,5
img_00000881,images/img_00000881.jpg,02_deepfirearm,deepfirearm,8ebed00740d50a8500690425afd34d1eebae2d0a4782ad0fcb6103a45a32d882,,pending,,,,5
img_00000882,images/img_00000882.jpg,02_deepfirearm,deepfirearm,9804736b155e9a6f19a9a90f93091bbe8c4caf87d1701651d770716b558d6a68,,pending,,,,5
img_00000883,images/img_00000883.jpg,02_deepfirearm,deepfirearm,20614300e0c366c125b17161e191297d42823664cd038e18196d08f697b09000,,pending,,,,5
img_00000884,images/img_00000884.jpg,02_deepfirearm,deepfirearm,7e987ac11c12e5a230dd73c6c3f6e46638da1ec10c042c0d5f7e16b6cb833f76,,pending,,,,5
img_00000885,images/img_00000885.jpg,02_deepfirearm,deepfirearm,db66fed4c05baf0d4f63f537b152032badb27d8ba3b90df940eee5078410f1ab,,pending,,,,5
img_00000886,images/img_00000886.jpg,02_deepfirearm,deepfirearm,d2ea361a6882520cd91ebe956ed580e643336ebfdeb1642c6be14dadd5c23470,,pending,,,,5
img_00000887,images/img_00000887.jpg,02_deepfirearm,deepfirearm,402ed022af7f21ed5a6f92420c27410843a8b6a65740b86f813c1241a0d16568,,pending,,,,5
img_00000888,images/img_00000888.jpg,02_deepfirearm,deepfirearm,a26ea3f634eeeeb3b207fb6600f1c43f8fa7b838333729b50749cbb671281d49,,pending,,,,5
img_00000889,images/img_00000889.jpg,02_deepfirearm,deepfirearm,1820f223c502ad0796072d15e7d3156c504fb20502e32d61921a41f2378744cf,,pending,,,,5
img_00000890,images/img_00000890.jpg,02_deepfirearm,deepfirearm,6c0b15785314ede27adc9f2cfb3077a09ddfa6eb948c936d3430305e60d6e62f,,pending,,,,5
img_00000891,images/img_00000891.jpg,02_deepfirearm,deepfirearm,088124a0be8237e669888faae8af114b712cdb88001fb41b9251f7006bdca87e,,pending,,,,5
img_00000892,images/img_00000892.jpg,02_deepfirearm,deepfirearm,817e2d1e8157b2fac4a8f7f78225ec9be5d06591babf364883652f1d121b53a7,,pending,,,,5
img_00000893,images/img_00000893.jpg,02_deepfirearm,deepfirearm,b24f1ac6eef1128ce01bae90e57fad10be98d00ef32ea766fe6ac670e0fa782c,,pending,,,,5
img_00000894,images/img_00000894.jpg,02_deepfirearm,deepfirearm,4a9d24a43f1145c622f0428f2884b918a46213e0652e014fbb8f1f7c89140b50,,pending,,,,5
img_00000895,images/img_00000895.jpg,02_deepfirearm,deepfirearm,ff12be75687ce34006c20ca9b7112b7a7c5ce952c5b9cfc49f012bf46e5c394f,,pending,,,,5
img_00000896,images/img_00000896.jpg,02_deepfirearm,deepfirearm,c72e48210a31411527b628110eb4ddf87b862c2c1b83dd8dd25996b0183e40cf,,pending,,,,5
img_00000897,images/img_00000897.jpg,02_deepfirearm,deepfirearm,38df90b0c1c547776385fe3727316b9457bd949eaae15fa9a742854b109e3932,,pending,,,,5
img_00000898,images/img_00000898.jpg,02_deepfirearm,deepfirearm,dd3106555b1b0586258392db40da319a3b80ff0c8eb496347a022d8fe7a1a96d,,pending,,,,5
img_00000899,images/img_00000899.jpg,02_deepfirearm,deepfirearm,10794bf716f8cf8699204c6613bd6d45eefd531e146f582e577eb51fbe78d962,,pending,,,,5
img_00000900,images/img_00000900.jpg,02_deepfirearm,deepfirearm,49a5ab4578c263891c528bf9e94411112bda8eb65f76229d832f9ae333983f6c,,pending,,,,5
img_00000901,images/img_00000901.jpg,02_deepfirearm,deepfirearm,34680a72f37509ec3bc75d4c4a6efb4a4663312e03a353da3d9b2c8b842fb724,,pending,,,,5
img_00000902,images/img_00000902.jpg,02_deepfirearm,deepfirearm,e4c3388d971c54d75f7b33adde75048b464be910f0ccd4cb10adc8ee179c256d,,pending,,,,5
img_00000903,images/img_00000903.jpg,02_deepfirearm,deepfirearm,7367f0bf72e63d4c5c98c23691f01462517a87966fd944f0da0aa16bc9681da7,,pending,,,,5
img_00000904,images/img_00000904.jpg,02_deepfirearm,deepfirearm,55be8e02965b5dd8b7996593d9a31aee8db6f42ece49bce5ecef63472a3652c1,,pending,,,,5
img_00000905,images/img_00000905.jpg,02_deepfirearm,deepfirearm,aed46a4f9f1e76da9af9adc89741ffebf2b3508a0c2bc15225587d1a7bbfe84a,,pending,,,,5
img_00000906,images/img_00000906.jpg,02_deepfirearm,deepfirearm,3e3786dbf63de1ac2d78342863196780fafb2ba5adc2b27ebf69f77cff536648,,pending,,,,5
img_00000907,images/img_00000907.jpg,02_deepfirearm,deepfirearm,f060712b2a50ff634994b8bc559c3e09e444fa1fe30ef54b0250f241cc29e297,,pending,,,,5
img_00000908,images/img_00000908.jpg,02_deepfirearm,deepfirearm,d221cc837e773a990c900c3b2b6f55b51a95fd7df2a897cb7266830977e05854,,pending,,,,5
img_00000909,images/img_00000909.jpg,02_deepfirearm,deepfirearm,949502eb8ba9d96ada9d8181d3c2faf5dd2a95c8ca01c1b5706ec98adb50d037,,pending,,,,5
img_00000910,images/img_00000910.jpg,02_deepfirearm,deepfirearm,392485254a3be831334755351793e9f3eb96e288d206419ae1a4a56c0a50a961,,pending,,,,5
img_00000911,images/img_00000911.jpg,02_deepfirearm,deepfirearm,2fc94c4cda697a5789548f459227d9ef4cc089b9d3d2a4eacccddeac9b43e71c,,pending,,,,5
img_00000912,images/img_00000912.jpg,02_deepfirearm,deepfirearm,f798ef841d01f4faf293c48ea03d1996d1b0ed4ffb4bd6309cca78e508fe63c3,,pending,,,,5
img_00000913,images/img_00000913.jpg,02_deepfirearm,deepfirearm,a674283915024e09c63aec5883aa47f20576c07319d141357047bb7729ca9051,,pending,,,,5
img_00000914,images/img_00000914.jpg,02_deepfirearm,deepfirearm,ac6fb00161a10a179ac9d3b79144eba6b186445adc8b85b40cdd82262e3be2f4,,pending,,,,5
img_00000915,images/img_00000915.jpg,02_deepfirearm,deepfirearm,11ec4544463d615a8c07aad56ee4b41b73c1d91bbc6df76eeb67314470d57cac,,pending,,,,5
img_00000916,images/img_00000916.jpg,02_deepfirearm,deepfirearm,6167525cb2826ba86d6063f3775385137a12c042089183d9a6877f0940234202,,pending,,,,5
img_00000917,images/img_00000917.jpg,02_deepfirearm,deepfirearm,1ebd0ef34e14552abe840cfade09d36c282083637aad6658f8f78793eb04145d,,pending,,,,5
img_00000918,images/img_00000918.jpg,02_deepfirearm,deepfirearm,d10e881785e4f2bea4ffeddc457e065d6d5653d16161e82d4763049fa71e48c7,,pending,,,,5
img_00000919,images/img_00000919.jpg,02_deepfirearm,deepfirearm,723bf1db83dc56b2f77f4ff34472ab0085cac26961a897648f7c6aceec761554,,pending,,,,5
img_00000920,images/img_00000920.jpg,02_deepfirearm,deepfirearm,e7a9d5be17d034bf48ba581f986cae114efffad262fa06e26e8bc2f429ad15d8,,pending,,,,5
img_00000921,images/img_00000921.jpg,02_deepfirearm,deepfirearm,020a3e13c9045df1985dd7273cf7612cdc3b53b5f7c5a9c46272b373ec23f395,,pending,,,,5
img_00000922,images/img_00000922.jpg,02_deepfirearm,deepfirearm,b65475c49baa4f5a8822efea4229552d674d58c63fbcd2c9770d1050055daa7b,,pending,,,,5
img_00000923,images/img_00000923.jpg,02_deepfirearm,deepfirearm,29de0b1f30ca3a5195bf67f2cbd0726fcf8e927333930181f3c826e2ac5ae3a9,,pending,,,,5
img_00000924,images/img_00000924.jpg,02_deepfirearm,deepfirearm,c0ffd53937919af3064fd658c2da7344c81afdafbfbf4de15d31f993b548960e,,pending,,,,5
img_00000925,images/img_00000925.jpg,02_deepfirearm,deepfirearm,82f5d24b8771b3dad9692780a7059c21782b93c693134494f94dfeec7df36463,,pending,,,,5
img_00000926,images/img_00000926.jpg,02_deepfirearm,deepfirearm,aae2f47cdd4c77dd74ffea6b7bf268649a4a9df017cd08591e87a36142efa364,,pending,,,,5
img_00000927,images/img_00000927.jpg,02_deepfirearm,deepfirearm,9129d7700a9067908d5ef7d271fa15c941e0399f43fc1321779cedcfaa27d38c,,pending,,,,5
img_00000928,images/img_00000928.jpg,02_deepfirearm,deepfirearm,4992d82ba1d53a0c9ae784d4bbf8c5037eb38dc7249bab17bf4c851d3789167b,,pending,,,,5
img_00000929,images/img_00000929.jpg,02_deepfirearm,deepfirearm,a7190d080e42f9884335b9baf001545ff2523ad0bb95fa110de29ae3689bb8c6,,pending,,,,5
img_00000930,images/img_00000930.jpg,02_deepfirearm,deepfirearm,ccbb4bb1dc7885c577353a86adfb221094b320b6519acc6f42dbed29671141fb,,pending,,,,5
img_00000931,images/img_00000931.jpg,02_deepfirearm,deepfirearm,5dc3e362d931fa7613b24bcb1671b2d1b4b2541b3fe2f84a6c5561bb2adfa659,,pending,,,,5
img_00000932,images/img_00000932.jpg,02_deepfirearm,deepfirearm,b72ff712ea1725d232617bd17357190c9daad177c1078a41645eb24ad8435cb2,,pending,,,,5
img_00000933,images/img_00000933.jpg,02_deepfirearm,deepfirearm,09f1612234edc33925e98eb64df5ef53444f223e4f333334bc76234c3e082155,,pending,,,,5
img_00000934,images/img_00000934.jpg,02_deepfirearm,deepfirearm,e7e27ae574e8209c1d7ed2964a00cc8f7fb3f96209eb48273f7b224aa08fc5e3,,pending,,,,5
img_00000935,images/img_00000935.jpg,02_deepfirearm,deepfirearm,936aae27d3c0b29336496e5b7ad879b5afc7ef89072bf4b2b4ee5e466cadf376,,pending,,,,5
img_00000936,images/img_00000936.jpg,02_deepfirearm,deepfirearm,e7e546ecabd087174c5e687a18c6edf0d8c593f7124be6bd06d3720a7742e5a6,,pending,,,,5
img_00000937,images/img_00000937.jpg,02_deepfirearm,deepfirearm,30b3d958e2aac3b06da99bd461c4dbbb23ed0a6938df4b8aea4c50e6b49e5ff5,,pending,,,,5
img_00000938,images/img_00000938.jpg,02_deepfirearm,deepfirearm,2f159fc22adb6a9555f8a686155d31737bd25783ea3b0b45c7a55236dc4eadd7,,pending,,,,5
img_00000939,images/img_00000939.jpg,02_deepfirearm,deepfirearm,6ccdcd7cdee26c5858bebaf9005ac1082a9f8684f72b69e89bdc0f9ac6b73b1c,,pending,,,,5
img_00000940,images/img_00000940.jpg,02_deepfirearm,deepfirearm,227888c7014fcf3355fe577dfabac9f19070127a6b748bc5a7893c7bae49fb7c,,pending,,,,5
img_00000941,images/img_00000941.jpg,02_deepfirearm,deepfirearm,bc7cb0af5dc4e40a4deca2906798bf38bb7bce564e59550ca401ffef0f1aa2cf,,pending,,,,5
img_00000942,images/img_00000942.jpg,02_deepfirearm,deepfirearm,080aab67e63171192147c2375ed67c1884edef9a5693494d5db91b49798ce5b3,,pending,,,,5
img_00000943,images/img_00000943.jpg,02_deepfirearm,deepfirearm,cd231f0ba0456275601967797ad82d615ba5f8185e85691bc16bd8ce5ff9e88b,,pending,,,,5
img_00000944,images/img_00000944.jpg,02_deepfirearm,deepfirearm,59d0ca6465dc4b88227610db6ea3d36bbb88490e334e89f68baf81ad520249ec,,pending,,,,5
img_00000945,images/img_00000945.jpg,02_deepfirearm,deepfirearm,eed80dbabb355b4d36dd1784d48d994644309447528c8d9574a433c90270fced,,pending,,,,5
img_00000946,images/img_00000946.jpg,02_deepfirearm,deepfirearm,c5bf86c40b5d032dc146fd15308d838a4a59d4e740c1f09082e18eb343cd9b3f,,pending,,,,5
img_00000947,images/img_00000947.jpg,02_deepfirearm,deepfirearm,a09a57eca67c4d7a4394d08f78af8009492d39be39ee8659de0bc40b84caf1a1,,pending,,,,5
img_00000948,images/img_00000948.jpg,02_deepfirearm,deepfirearm,6c1f455cd5c91eae44d7691fac38ddf48270390c18ea1f91141c87a05729641a,,pending,,,,5
img_00000949,images/img_00000949.jpg,02_deepfirearm,deepfirearm,a478ad4ee0b9e06d7468d22d9b10abeeea1bf21f26c1cad7874991619491e6f6,,pending,,,,5
img_00000950,images/img_00000950.jpg,02_deepfirearm,deepfirearm,d137ef5354699ba35715ca856347b4b6ce929061d6883f9a88a6dc11db91998a,,pending,,,,5
img_00000951,images/img_00000951.jpg,02_deepfirearm,deepfirearm,2e65aa482d9200c3347106bf4a885ca0f6d4b834383444f309944c9f205ae748,,pending,,,,5
img_00000952,images/img_00000952.jpg,02_deepfirearm,deepfirearm,7705dc7c7eedf8e9144a4f38d55434ea2df6c71d8166e9f30a127c25177e6c9f,,pending,,,,5
img_00000953,images/img_00000953.jpg,02_deepfirearm,deepfirearm,8b5d781681e09c418370cbfe7c24fc873e3d96f2f7f912964e74c01ee5931ab2,,pending,,,,5
img_00000954,images/img_00000954.jpg,02_deepfirearm,deepfirearm,f09e81256b9090c8481bd149bda78905da06895711b27f0f82e62e4ca70d83bc,,pending,,,,5
img_00000955,images/img_00000955.jpg,02_deepfirearm,deepfirearm,1b9dfa2d424ea28d8298fdbf24f2eda6b5fcd30dbc3d4ae136cdbd573e81957f,,pending,,,,5
img_00000956,images/img_00000956.jpg,02_deepfirearm,deepfirearm,710835afe1f26a97325cb67996cba350881b0ef97553b6fc1668fa0f619a75ad,,pending,,,,5
img_00000957,images/img_00000957.jpg,02_deepfirearm,deepfirearm,31fd1956a1c065bc87a7a182479466016f9d91626ab37670cf558eceaa0380c1,,pending,,,,5
img_00000958,images/img_00000958.jpg,02_deepfirearm,deepfirearm,09ec6a848a95150b1d4b628a578a6ebe71e622376187d6f78eaef2e98520917b,,pending,,,,5
img_00000959,images/img_00000959.jpg,02_deepfirearm,deepfirearm,c69a8c02a02c83cb84963aecdee2b6777fd5109c751e2d6b0cf75bef164e682a,,pending,,,,5
img_00000960,images/img_00000960.jpg,02_deepfirearm,deepfirearm,c9a33f6de1941970613f7f6821b76122231327b5578cbd8f409c1328bb5c46a1,,pending,,,,5
img_00000961,images/img_00000961.jpg,02_deepfirearm,deepfirearm,76f7aa05403c3e8dcacc6d7f5c7f2c1feabd3fd31e5f3c480a7657a392f4b62b,,pending,,,,5
img_00000962,images/img_00000962.jpg,02_deepfirearm,deepfirearm,4dab1de80d50c644ca4cb92d0a90a444e58fc6fb6dab4d0487d3884e206e5818,,pending,,,,5
img_00000963,images/img_00000963.jpg,02_deepfirearm,deepfirearm,081ed0afb93f6edead37a1779eccf28c78e62d00cea26f4cc7c3b67257ec3d59,,pending,,,,5
img_00000964,images/img_00000964.jpg,02_deepfirearm,deepfirearm,7b8683a592866b6deb45f12752255474e80e02f4d303f4d15a492a018728e9f7,,pending,,,,5
img_00000965,images/img_00000965.jpg,02_deepfirearm,deepfirearm,8b6a78a9cd743daa9082dec550c4c1bb94b1b6cf265c95e9942abc2942cf4a5b,,pending,,,,5
img_00000966,images/img_00000966.jpg,02_deepfirearm,deepfirearm,dde99aa6b010ca61c03043fd2618a000743d463cd473123e897bb9da9a22851a,,pending,,,,5
img_00000967,images/img_00000967.jpg,02_deepfirearm,deepfirearm,9b4097aff1a0325dc62f5300a1f9e446f72a225e5784988727f52359de7bce1e,,pending,,,,5
img_00000968,images/img_00000968.jpg,02_deepfirearm,deepfirearm,a556ec3807008940a25a8c620d9627e7b5bb8da983aac196ade2cfc6cb0aa814,,pending,,,,5
img_00000969,images/img_00000969.jpg,02_deepfirearm,deepfirearm,8836b66e8979d778a32b985efab62f81ab8e64ca4655c452524adc4d6ca33301,,pending,,,,5
img_00000970,images/img_00000970.jpg,02_deepfirearm,deepfirearm,cb3770f0f0bcd3ad58ec4a0ba1cb00d4932a1e436cfa9f11149994f7b9dcd43a,,pending,,,,5
img_00000971,images/img_00000971.jpg,02_deepfirearm,deepfirearm,532ca6e788896b6b0d82f80b194d3fc02c0a64033115cbce655a7d84874e03fb,,pending,,,,5
img_00000972,images/img_00000972.jpg,02_deepfirearm,deepfirearm,d3c9468bcd57b83dc16fee75656eee92562b0b1b3b6d711c23dbceafba5dda4a,,pending,,,,5
img_00000973,images/img_00000973.jpg,02_deepfirearm,deepfirearm,18665198e35293049c053be9edd6361089b88b4c8bbe6367934bfa989e9c37ef,,pending,,,,5
img_00000974,images/img_00000974.jpg,02_deepfirearm,deepfirearm,a7677e4434b0bd97c5b04541bf8cadb0e027974968f0535b517ed6d1f1c976a9,,pending,,,,5
img_00000975,images/img_00000975.jpg,02_deepfirearm,deepfirearm,ba8cd04c0e50bb518b32293cfcef34f6906bef1bf5598bb97fd7f00aa966ea0f,,pending,,,,5
img_00000976,images/img_00000976.jpg,02_deepfirearm,deepfirearm,0af5ca3ff945cd9f75885ac01e3201b420c30943ca6fcbe41714faf17a1752e8,,pending,,,,5
img_00000977,images/img_00000977.jpg,02_deepfirearm,deepfirearm,ce1bd6fc2e9395cfa0e7d36d63957d1cf628d5149132e8e5498d9ae75ed9524a,,pending,,,,5
img_00000978,images/img_00000978.jpg,02_deepfirearm,deepfirearm,a7fb89b98dbe0d50d49e2a8eee92a76d8baf5797a383cdafedfe193f67442f45,,pending,,,,5
img_00000979,images/img_00000979.jpg,02_deepfirearm,deepfirearm,13197a4ee4742cbd1b098eec72307858edee307e0808dbf7b873bb7e4563260f,,pending,,,,5
img_00000980,images/img_00000980.jpg,02_deepfirearm,deepfirearm,4c10b3a8574eb97ec6588f3e853ed704d72cf2ce9d9bc8609d47348405259c78,,pending,,,,5
img_00000981,images/img_00000981.jpg,02_deepfirearm,deepfirearm,5b8ed4ff7855914a01db93d4f49f2100b36711c5e3bfd671dcf6fa179fb7ee48,,pending,,,,5
img_00000982,images/img_00000982.jpg,02_deepfirearm,deepfirearm,4d6a3667e9bedf0a99e19722d01289002ba95b73a0bbee130e95629c2d0a84db,,pending,,,,5
img_00000983,images/img_00000983.jpg,02_deepfirearm,deepfirearm,675734a2d091402a17285a65a4e353c5faa6bd8b60b583f17819b0d38f43a2a0,,pending,,,,5
img_00000984,images/img_00000984.jpg,02_deepfirearm,deepfirearm,1eadf7c6c06279a5b63166cfa0a169974eaf7af35d69942386d6057f51e22d52,,pending,,,,5
img_00000985,images/img_00000985.jpg,02_deepfirearm,deepfirearm,4c5c49db8f7385bdddbf435651860ae9a350d9ecdc039bb86f55290d87f62d35,,pending,,,,5
img_00000986,images/img_00000986.jpg,02_deepfirearm,deepfirearm,7a681163a63b8d6033c6fd88619b2a6b19e734edfbc7a1a58386836f737a2fe9,,pending,,,,5
img_00000987,images/img_00000987.jpg,02_deepfirearm,deepfirearm,188ed5cea3253d9d4502114c737bbe53873f3d03cc2a054e10745264310724fa,,pending,,,,5
img_00000988,images/img_00000988.jpg,02_deepfirearm,deepfirearm,33b77ff760f547022f892e2ce33901bd5599f55671fc8c11d32e1485352ff9c3,,pending,,,,5
img_00000989,images/img_00000989.jpg,02_deepfirearm,deepfirearm,6b4481a155ff2d1b81dcaadca2670ffd291031618498c172bd8f780305bfc324,,pending,,,,5
img_00000990,images/img_00000990.jpg,02_deepfirearm,deepfirearm,926623bc937d8c5705a1c9db34f4ef6bd5ae48697969e4df532ef36fee4aa0d9,,pending,,,,5
img_00000991,images/img_00000991.jpg,02_deepfirearm,deepfirearm,e7c3a215110211108fda08fb9a11c2f17af4f33f3f2f453c18e6867ad35dfb5f,,pending,,,,5
img_00000992,images/img_00000992.jpg,02_deepfirearm,deepfirearm,9327967bf99a4c2ebeaa1789cdb60ff00cc03df809baf786021b9fbf3868920a,,pending,,,,5
img_00000993,images/img_00000993.jpg,02_deepfirearm,deepfirearm,3c4b43aba5488399398643dfbec097dba78b773cb84f25b33d202afffb20ed6f,,pending,,,,5
img_00000994,images/img_00000994.jpg,02_deepfirearm,deepfirearm,915cc5a9fb154c4cc340b23c381153af5b229453791121d8caa5678c66721f6a,,pending,,,,5
img_00000995,images/img_00000995.jpg,02_deepfirearm,deepfirearm,82d2f467620bbc08f4f93693cd5cc63c543cc68539b3ec387b8d1f79d69e22e7,,pending,,,,5
img_00000996,images/img_00000996.jpg,02_deepfirearm,deepfirearm,accdd3da186b875b22253fe5276d7c7c40075eba0c4b8ef0a7abc5621a900c6e,,pending,,,,5
img_00000997,images/img_00000997.jpg,02_deepfirearm,deepfirearm,65c1ee7caa675ceffbd8a494c2d1ee1508e6efbccecc6f8c21e247ab62a01ac4,,pending,,,,5
img_00000998,images/img_00000998.jpg,02_deepfirearm,deepfirearm,ab7323108ba7f30acf9ae1630335e7c08fec050cb82a4fea529f34df1f7646bc,,pending,,,,5
img_00000999,images/img_00000999.jpg,02_deepfirearm,deepfirearm,47904c62ec602db4a0f72ef076eb0f868500ab06e646a0025f90a835f14e812c,,pending,,,,5
img_00001000,images/img_00001000.jpg,02_deepfirearm,deepfirearm,354f81751c1ae2ed854cfa61c62e1fdb1c60d838fa0d0f9d8082f8b3d314311d,,pending,,,,5
img_00001001,images/img_00001001.jpg,02_deepfirearm,deepfirearm,12aa1ce6b8616d569552b2e210c40bb438e2ee2416a1b1049279fc66d2e0227d,,pending,,,,5
img_00001002,images/img_00001002.jpg,02_deepfirearm,deepfirearm,774ede9486d276cf2b8972c60036e3b5d4821cc63f5e3bf1bd4d2121b2e4311c,,pending,,,,5
img_00001003,images/img_00001003.jpg,02_deepfirearm,deepfirearm,f44c61ca622ced0ced2667b872f5588dfe4f1b950434de0d537be551043870a8,,pending,,,,5
img_00001004,images/img_00001004.jpg,02_deepfirearm,deepfirearm,a1574b36bc5430731e712212c7d41e7351ddacbe8d6f74c966eb5c129e6b69b3,,pending,,,,5
img_00001005,images/img_00001005.jpg,02_deepfirearm,deepfirearm,ef1867b093d169b13f819ac0b45f90ea5ef777c9e9fee0d5532ed941f13ce248,,pending,,,,5
img_00001006,images/img_00001006.jpg,02_deepfirearm,deepfirearm,21292598e82101790781fdfbb99bf39a0b8f8908e11c9d51df0698c9c55e26ac,,pending,,,,5
img_00001007,images/img_00001007.jpg,02_deepfirearm,deepfirearm,49661262b4e42841473394e754c49af63908547db1e42da49d14ae3266c2b65b,,pending,,,,5
img_00001008,images/img_00001008.jpg,02_deepfirearm,deepfirearm,2f5b1612de486b3426280add4186f68219488ab348caf36671bfae984f2aede5,,pending,,,,5
img_00001009,images/img_00001009.jpg,02_deepfirearm,deepfirearm,b374832bc4abcaaeb87c1fd502e363182b359c2f0ceabbacdead02643b56f11e,,pending,,,,5
img_00001010,images/img_00001010.jpg,02_deepfirearm,deepfirearm,c387bc01cd3e9ba51fff726eb99616fe34b30ea79352a1b2e0ed3759bab147fd,,pending,,,,5
img_00001011,images/img_00001011.jpg,02_deepfirearm,deepfirearm,e8bf9b21c2050a467a237c38511c5d5d6bee2556564a88825c15ba0bbff655a8,,pending,,,,5
img_00001012,images/img_00001012.jpg,02_deepfirearm,deepfirearm,46f8768a7b68ac2122cd41429a243a9b8d251da3c7d42a6bcf3dd1ad8d0c1a18,,pending,,,,5
img_00001013,images/img_00001013.jpg,02_deepfirearm,deepfirearm,6a1665e77a4a8938fcee5bb0edb4c6b504c11d9777aa8b6087c31fcd60bc5f6a,,pending,,,,5
img_00001014,images/img_00001014.jpg,02_deepfirearm,deepfirearm,9663a0955466b0bb88893dd7a2f6c6c4e1e7a4841ff92dd133604b0d553a6b77,,pending,,,,5
img_00001015,images/img_00001015.jpg,02_deepfirearm,deepfirearm,a02c6fc489bd11d6d87832707e5660ddfdd5092d066986a494e392dde94a866d,,pending,,,,5
img_00001016,images/img_00001016.jpg,02_deepfirearm,deepfirearm,f6d2880c6e1de84a1c3df4b28daf3e3de4fdd8d943f88cf801d6fb18f584f445,,pending,,,,5
img_00001017,images/img_00001017.jpg,02_deepfirearm,deepfirearm,2e28b69c5ddf9bec23e10694d155a5e438c8381bcac98e3a704b272ae043251f,,pending,,,,5
img_00001018,images/img_00001018.jpg,02_deepfirearm,deepfirearm,d05ba619b377a3f40a794efdd4726bfb6fdad0449bc785ffd37a2b06536633dd,,pending,,,,5
img_00001019,images/img_00001019.jpg,02_deepfirearm,deepfirearm,9ac1f91bad539a7615fe0e65913846fea984d81715261b077a674be150e58dfc,,pending,,,,5
img_00001020,images/img_00001020.jpg,02_deepfirearm,deepfirearm,68615d67ca6f0478bc3b573cad758618a5906f7850cfa5b7a8a1aceaacd60efd,,pending,,,,5
img_00001021,images/img_00001021.jpg,02_deepfirearm,deepfirearm,23dee7e30bcbadf481f8f6cafdb275899a3e657bb45d6d1de651b39734da7642,,pending,,,,5
img_00001022,images/img_00001022.jpg,02_deepfirearm,deepfirearm,04af936501fbb3333a1f0b41e965b1f1e635baf5e2973951178f033390f35fc4,,pending,,,,5
img_00001023,images/img_00001023.jpg,02_deepfirearm,deepfirearm,e8318d06e9b177ad1eaad0507221296750363f5e8c19f53cfe6b17715c4665a0,,pending,,,,5
img_00001024,images/img_00001024.jpg,02_deepfirearm,deepfirearm,a6067315473dec0e2f120f683e8057e3fb759c1e1aab9e76a6b1accb09719df5,,pending,,,,5
img_00001025,images/img_00001025.jpg,02_deepfirearm,deepfirearm,2b441a3858b879948033d173df677153d6faee18f752a8ad007acec74f8b2082,,pending,,,,5
img_00001026,images/img_00001026.jpg,02_deepfirearm,deepfirearm,d59c737bb700266a7efceb476538114bc2b8fa03e02dedf780dd43c15ad60dbc,,pending,,,,5
img_00001027,images/img_00001027.jpg,02_deepfirearm,deepfirearm,fb90ab7b035b07a422a9ac11441ef018971a5c3bb3ed11c6f8c1ab9af80de472,,pending,,,,5
img_00001028,images/img_00001028.jpg,02_deepfirearm,deepfirearm,5edb4b6bf586e3b5f72a4bee33126e0937b062e868970791b85e821cdd70f7ed,,pending,,,,5
img_00001029,images/img_00001029.jpg,02_deepfirearm,deepfirearm,6443c94d3a804b496fd644aa0ef72c1e5230c79d88e71f977f9d2942d1efb107,,pending,,,,5
img_00001030,images/img_00001030.jpg,02_deepfirearm,deepfirearm,968018503361788752fbcd2ced0006fbb643d794ba7c2ce14ecbd50118ab5355,,pending,,,,5
img_00001031,images/img_00001031.jpg,02_deepfirearm,deepfirearm,00a66ce5dd711917119d1fcefb80c3be045cc670f749690efd43f9b1b32aac54,,pending,,,,5
img_00001032,images/img_00001032.jpg,02_deepfirearm,deepfirearm,6def58b5094be75d8ad43a20b60e6b5c7e1c22b5316be7cc92710e596f5e98ed,,pending,,,,5
img_00001033,images/img_00001033.jpg,02_deepfirearm,deepfirearm,d9f7f2159d5cff5138c4a80864f2483249f7efb775b0d299bafa0d492931ef59,,pending,,,,5
img_00001034,images/img_00001034.jpg,02_deepfirearm,deepfirearm,37ede1e00d76f83202ea44e7a05928bdf52288574d66bb7df7e6461d603e7baf,,pending,,,,5
img_00001035,images/img_00001035.jpg,02_deepfirearm,deepfirearm,84ba43ca30ff90cc744b28a5fa4c53086f3852bf532ae66ca9c0273e482437e0,,pending,,,,5
img_00001036,images/img_00001036.jpg,02_deepfirearm,deepfirearm,f5460c2de5ffab4cca0f960981c21a19a10200d2a5e7d42431f3fee7c8b46f7f,,pending,,,,5
img_00001037,images/img_00001037.jpg,02_deepfirearm,deepfirearm,fcf29ee86138258920ec1d3a8c89cc5e3eabd48d74a6e8122d6e4d8907dbcc40,,pending,,,,5
img_00001038,images/img_00001038.jpg,02_deepfirearm,deepfirearm,487dfe513a1a0db621578827a74fbf8986c887c51f08e50483afad0d11a368b4,,pending,,,,5
img_00001039,images/img_00001039.jpg,02_deepfirearm,deepfirearm,63e09f556381e3ab17f3c8842948736f8a7d7f106cb04cbf9d2e368b773ebbe0,,pending,,,,5
img_00001040,images/img_00001040.jpg,02_deepfirearm,deepfirearm,879321bbde754c04b681c60d665f65d575c5e687d2c8f6e41ad016d6e89c3ee4,,pending,,,,5
img_00001041,images/img_00001041.jpg,02_deepfirearm,deepfirearm,0be04d7c01ce407d70c3c684882a4ababcb67cb9ee9110dc3b0f621df28a1700,,pending,,,,5
img_00001042,images/img_00001042.jpg,02_deepfirearm,deepfirearm,63da77d94cb32281d4fa8769606d61e0b8afcb32ea942226ab1caa187f2ea3ea,,pending,,,,5
img_00001043,images/img_00001043.jpg,02_deepfirearm,deepfirearm,4f04bbb405f193d6ea910ac61b73eac87f6875fc75e1275ba2f3df7bd2e28067,,pending,,,,5
img_00001044,images/img_00001044.jpg,02_deepfirearm,deepfirearm,16d36ee88621be565a68d4be54744ab350a73563e1fc5d6f69c3bb790997ca72,,pending,,,,5
img_00001045,images/img_00001045.jpg,02_deepfirearm,deepfirearm,12e61874c7510cfd292abc8b41b43a539eae33a3c2f8db508377c27f9af2ab8d,,pending,,,,5
img_00001046,images/img_00001046.jpg,02_deepfirearm,deepfirearm,5692e20dc51d7e1e91205e3ad7a247e73540375dce5de755b5d491d474297996,,pending,,,,5
img_00001047,images/img_00001047.jpg,02_deepfirearm,deepfirearm,0265c09edd53992b8610693af088850610f93ab458c673405c48a3b4bb5c766d,,pending,,,,5
img_00001048,images/img_00001048.jpg,02_deepfirearm,deepfirearm,0b410ca3a7880a4155214c4988d9d202e064af1963a24b11c09a7eda49441771,,pending,,,,5
img_00001049,images/img_00001049.jpg,02_deepfirearm,deepfirearm,e91cba9ff082f6aacee713aa28eeebc7c49e8b73e8d9b5c9e364ad0ab57cffdf,,pending,,,,5
img_00001050,images/img_00001050.jpg,02_deepfirearm,deepfirearm,9fe3b6447cae9009ed402de38c9ce890f309b107c84329abd92ed226a262591f,,pending,,,,5
img_00001051,images/img_00001051.jpg,02_deepfirearm,deepfirearm,f42a85154ffab6d3239632573aded70bbe33fb6a7da64720fc8e1f181b63f49e,,pending,,,,5
img_00001052,images/img_00001052.jpg,02_deepfirearm,deepfirearm,edd3fa43f37325cef20ca80cae5f1f48105720adcf5b62fbaca315e356e62d85,,pending,,,,5
img_00001053,images/img_00001053.jpg,02_deepfirearm,deepfirearm,a7fc117b074b850afdd762ce9ba3cc4755b50e3a53023dedda746f7e2e9898af,,pending,,,,5
img_00001054,images/img_00001054.jpg,02_deepfirearm,deepfirearm,599084d0cdc7d81cb4041ddcde1d7622e84a19f75394535cedd14bec1b4ae1e7,,pending,,,,5
img_00001055,images/img_00001055.jpg,02_deepfirearm,deepfirearm,24da6814162a25f1e71fb83a70f1fdd433f522434184fc60672905e0bba3f3e2,,pending,,,,5
img_00001056,images/img_00001056.jpg,02_deepfirearm,deepfirearm,b2316ed93587b6f9bbeeb5c483d9b593260f0d4d39812968799ce898052b069e,,pending,,,,5
img_00001057,images/img_00001057.jpg,02_deepfirearm,deepfirearm,9e0b5c7ef780cc01fe9dd4ceb64eafeddb87d37fb4247c4d17b0dfd7705d4103,,pending,,,,5
img_00001058,images/img_00001058.jpg,02_deepfirearm,deepfirearm,34587f67b9a8a312fb63778c1b5477eab46cea0506869ef68e891b7b92d73998,,pending,,,,5
img_00001059,images/img_00001059.jpg,02_deepfirearm,deepfirearm,392bd3ebde724bc9eb20dc0847fa711ed0c4316d7c528f2cadbb7628a2b09b8c,,pending,,,,5
img_00001060,images/img_00001060.jpg,02_deepfirearm,deepfirearm,d69349f85545bca43cd449c57714e240c1b966f7bf56c64ed09faa3cb1ae9a6f,,pending,,,,5
img_00001061,images/img_00001061.jpg,02_deepfirearm,deepfirearm,94e1f0fa1a148669bc9d2d9072dd2cd6fe66d66d3894bf1ee34302758e207cd1,,pending,,,,5
img_00001062,images/img_00001062.jpg,02_deepfirearm,deepfirearm,778f96e2d949dafd798aa92a932349b19f93a172a13d914ce0ae1ac169cce5af,,pending,,,,5
img_00001063,images/img_00001063.jpg,02_deepfirearm,deepfirearm,323168ab290c4d20fb60f5e3ecc9c783ea56882b7e93da032f4d529908bf93ab,,pending,,,,5
img_00001064,images/img_00001064.jpg,02_deepfirearm,deepfirearm,a1a2d731dc6b57227b99b9752b072e05c6d3ecd671bac18b0d8c2fc83edf9eea,,pending,,,,5
img_00001065,images/img_00001065.jpg,02_deepfirearm,deepfirearm,b986473aea33a887b3b0ae8069d54b14800c5f1f2b4961ee2e6034a896863b48,,pending,,,,5
img_00001066,images/img_00001066.jpg,02_deepfirearm,deepfirearm,4e176ded76decd564607113c12c4f915b3fe979739064992b774e739e108a90d,,pending,,,,5
img_00001067,images/img_00001067.jpg,02_deepfirearm,deepfirearm,3929bfefe564c747d30748703413e591e15ab81bf74d45e9afcd30295cec077f,,pending,,,,5
img_00001068,images/img_00001068.jpg,02_deepfirearm,deepfirearm,f2f2b32d1429f54df725337650095ceb68692587fc14a8635ec5e39482a6b897,,pending,,,,5
img_00001069,images/img_00001069.jpg,02_deepfirearm,deepfirearm,39648f74e628377aadc0d5b05e2d140206fd1038e6085123f82642b2e1232552,,pending,,,,5
img_00001070,images/img_00001070.jpg,02_deepfirearm,deepfirearm,53afaa399e36db65314844e2546202372e928f221489746a4b258074aa3feaa9,,pending,,,,5
img_00001071,images/img_00001071.jpg,02_deepfirearm,deepfirearm,09bb9efa9abae1bd817f238fda942c98bde686215cda7154ca07adb280fac5aa,,pending,,,,5
img_00001072,images/img_00001072.jpg,02_deepfirearm,deepfirearm,951f671e080aa439fa91ee37882cfa235fee4cb2babf00172c6411f1cb9c68c2,,pending,,,,5
img_00001073,images/img_00001073.jpg,02_deepfirearm,deepfirearm,e7c47c47bae31215d8a707e5468f544e7ca3e1c3ebf68c5bac9191bfe3ad9116,,pending,,,,5
img_00001074,images/img_00001074.jpg,02_deepfirearm,deepfirearm,28f36d4dc4834e669a12ea5f0ea76fd56514d3b5473b67416b5d99f9db49873d,,pending,,,,5
img_00001075,images/img_00001075.jpg,02_deepfirearm,deepfirearm,8e11b3d228c57320e6a21b5047df2cafa23421e36f9b89f71592788915e743b6,,pending,,,,5
img_00001076,images/img_00001076.jpg,02_deepfirearm,deepfirearm,f1947abf382b010176e73492111db15bed00cbdc12987e13812d08948e5526e1,,pending,,,,5
img_00001077,images/img_00001077.jpg,02_deepfirearm,deepfirearm,88ac1113fbe88066d530b37f3384dd7de058486114f6f7ce4b057e6d7191be03,,pending,,,,5
img_00001078,images/img_00001078.jpg,02_deepfirearm,deepfirearm,4ea7b8949d78652d4eb3dfbf67bd614a980bf4284fe522b1f0a2d6634d86eae5,,pending,,,,5
img_00001079,images/img_00001079.jpg,02_deepfirearm,deepfirearm,19ec3775e38e0ae8d713a485f1d7a6da9b27082f49c9ff28e5696ca8b837a193,,pending,,,,5
img_00001080,images/img_00001080.jpg,02_deepfirearm,deepfirearm,5f1896e52316c894abe69825e605930256d8907b3e2ff58d349aef8ac880d02a,,pending,,,,5
img_00001081,images/img_00001081.jpg,02_deepfirearm,deepfirearm,eadc79c3f6c2813fd9993c3ec9e4931c21be012adf8272e370922a70095b5b44,,pending,,,,5
img_00001082,images/img_00001082.jpg,02_deepfirearm,deepfirearm,ba347c98b58087c1273949f6711e19b156dc98ca1486e79140d6d8b4e62f7a74,,pending,,,,5
img_00001083,images/img_00001083.jpg,02_deepfirearm,deepfirearm,2812cf766ca6fbb8bb3bad6c39fd78e18999b2d7a8261d8f21b1749a0aab91f5,,pending,,,,5
img_00001084,images/img_00001084.jpg,02_deepfirearm,deepfirearm,a0534fd1710203304f4f8f032a6a8fa6570c92230d781547be8be25d350f7785,,pending,,,,5
img_00001085,images/img_00001085.jpg,02_deepfirearm,deepfirearm,a4a6c340340724946e3394e4634feadecd5c8e7540fbf6f359284156b1f6bb99,,pending,,,,5
img_00001086,images/img_00001086.jpg,02_deepfirearm,deepfirearm,9c2aa960869403a0f7dd14fc5505110589491badf0eb6fbeacd6c87f3decfb3e,,pending,,,,5
img_00001087,images/img_00001087.jpg,02_deepfirearm,deepfirearm,9ec97398105ae20c2af556e377956cd7045becd4253a4704ac28871f82ef6be3,,pending,,,,5
img_00001088,images/img_00001088.jpg,02_deepfirearm,deepfirearm,f19110ce749a50ed7f380c1c81a7eb47565a33b2ea51096dabcb7f738a2c1d30,,pending,,,,5
img_00001089,images/img_00001089.jpg,02_deepfirearm,deepfirearm,fecd6c783da986d8d58c23980b4b77760165213e83c48b1bea38ed203434d035,,pending,,,,5
img_00001090,images/img_00001090.jpg,02_deepfirearm,deepfirearm,dab10943da7b4bdd1caac2d73be6ae4bb110f8f2d46581b4c36f12d85a8ded2a,,pending,,,,5
img_00001091,images/img_00001091.jpg,02_deepfirearm,deepfirearm,0396eb3aa7fa85250b2eac0955ac98df6e5c47d54f0747efeba5486641224ba4,,pending,,,,5
img_00001092,images/img_00001092.jpg,02_deepfirearm,deepfirearm,43fb48ce2b803e7c939a112c4473b872587b11455048af42737c322ab80e2da7,,pending,,,,5
img_00001093,images/img_00001093.jpg,02_deepfirearm,deepfirearm,36f067191fb3aa4f41e3d700b34f88bf89c81431b7e9365f286aa660084f6522,,pending,,,,5
img_00001094,images/img_00001094.jpg,02_deepfirearm,deepfirearm,d5854a69cd04a0ecb0c8d2583072d78dbccc4395b847e658d69709a6fd9d5e47,,pending,,,,5
img_00001095,images/img_00001095.jpg,02_deepfirearm,deepfirearm,45dfc26290717f683434897077c1423b120f7f9580a73d56a6cc0260d9a7a630,,pending,,,,5
img_00001096,images/img_00001096.jpg,02_deepfirearm,deepfirearm,58dd497104e776eca652b9b42ea9e7e37ea8a0fc459ef2b8de3ab76ff376881e,,pending,,,,5
img_00001097,images/img_00001097.jpg,02_deepfirearm,deepfirearm,a8a8307b351999c5ce52567460ed81519860cdb2f4f9f789b445bc301ed999ba,,pending,,,,5
img_00001098,images/img_00001098.jpg,02_deepfirearm,deepfirearm,b9de7e32e03b219d905e5664a2f31c1d16b5856edb65e588842c1f4cb18e3be7,,pending,,,,5
img_00001099,images/img_00001099.jpg,02_deepfirearm,deepfirearm,02e391a35bc9c124c62cc39790e262972005eeab07adaad33c54b99b82117e0a,,pending,,,,5
img_00001100,images/img_00001100.jpg,02_deepfirearm,deepfirearm,fe1bd96537f30b5f5b8d07c34c017a163f1fe745a0bca067443f5e78d2a5a09a,,pending,,,,5
img_00001101,images/img_00001101.jpg,02_deepfirearm,deepfirearm,263856bef2a295ad40eae588071dcbaceb2aa37268b122c02c6965eadad6a80a,,pending,,,,5
img_00001102,images/img_00001102.jpg,02_deepfirearm,deepfirearm,3dc85b3a804ddd8914fe84d5de5b847d107a35c298ef363054d2ac07bfb4312b,,pending,,,,5
img_00001103,images/img_00001103.jpg,02_deepfirearm,deepfirearm,49bc986b76ccc831e1f0a349494417344fbb89c25a308084216fd2510db1c116,,pending,,,,5
img_00001104,images/img_00001104.jpg,02_deepfirearm,deepfirearm,1bf6070a52d46d4578348135c14e7570ce39f94eb0ee56146dea207a046665ba,,pending,,,,5
img_00001105,images/img_00001105.jpg,02_deepfirearm,deepfirearm,35f18d3c9659034b421dc0978e5747a1e1d1c71b6fb2baa3cd13d1309a327361,,pending,,,,5
img_00001106,images/img_00001106.jpg,02_deepfirearm,deepfirearm,864ceb258c51b090459fb89fa56c4add8a63df73fd0df8da7372ba286d1d55ef,,pending,,,,5
img_00001107,images/img_00001107.jpg,02_deepfirearm,deepfirearm,48c3ed3ed7f13dc3dd42735444769830574c41c14c68c0f835feaac4c44f5883,,pending,,,,5
img_00001108,images/img_00001108.jpg,02_deepfirearm,deepfirearm,dcc8a342b3e4738c6515fabf22955b5f643cfea0e3dead58c568af8c6ed5a757,,pending,,,,5
img_00001109,images/img_00001109.jpg,02_deepfirearm,deepfirearm,f4f9d26e1e3a4c617fa2da4ce5d6cce6cb3ea75415374ab282dde06a5ce7d528,,pending,,,,5
img_00001110,images/img_00001110.jpg,02_deepfirearm,deepfirearm,f5711097d54f3260b895ee71301762e6360317601ccd6bb6d57033f2b47381e1,,pending,,,,5
img_00001111,images/img_00001111.jpg,02_deepfirearm,deepfirearm,1ab22d2251dfaeb91d37e4b5248a866ece0280ad2bc8dbaf85f738bbf4a84867,,pending,,,,5
img_00001112,images/img_00001112.jpg,02_deepfirearm,deepfirearm,0561b98f81fbf11c91791e6301e0dc23a8823cd2260c7e5b73d8ba810f398f30,,pending,,,,5
img_00001113,images/img_00001113.jpg,02_deepfirearm,deepfirearm,17feca0ee671497852ac710acad9a08ebc27e56ace280570d3ab27c31a7429a1,,pending,,,,5
img_00001114,images/img_00001114.jpg,02_deepfirearm,deepfirearm,20270553bc34c5dccc6248c7cfe8d0593bd04c5d55338e58c617283f25fca845,,pending,,,,5
img_00001115,images/img_00001115.jpg,02_deepfirearm,deepfirearm,7b810f4bb96f1b5e522ce019400564ca709e675b6c776bbc85a355cc3bc6a781,,pending,,,,5
img_00001116,images/img_00001116.jpg,02_deepfirearm,deepfirearm,b6c97f6a5f8ce3d11a2a48d8dddcf4c077e49bb5a48aa74b3d5ca18e55095449,,pending,,,,5
img_00001117,images/img_00001117.jpg,02_deepfirearm,deepfirearm,8cf435ec120d45c41f5fa9e2a46c84911dd911f2a9a35352ee687f8958df25eb,,pending,,,,5
img_00001118,images/img_00001118.jpg,02_deepfirearm,deepfirearm,6cfaf02ef237b4cc2a16b2a937f9caac43f1ba17bb3c732cbb496f679b26875b,,pending,,,,5
img_00001119,images/img_00001119.jpg,02_deepfirearm,deepfirearm,41944ee449b9cc16cfc587a7718b4eb48d0d64a4ee7175a7051be3d3227f0cb2,,pending,,,,5
img_00001120,images/img_00001120.jpg,02_deepfirearm,deepfirearm,07a867004d857af0166e6d03233d19ffbdb49c750d3929911864ddfaee19f8a0,,pending,,,,5
img_00001121,images/img_00001121.jpg,02_deepfirearm,deepfirearm,0a5b9dfd77f278be20888aabf22b77a5eaa7f07a02c937187b14032e5569093f,,pending,,,,5
img_00001122,images/img_00001122.jpg,02_deepfirearm,deepfirearm,a246d3e39894355092f64447bd21fe95fc6662c1d04b33b4892a0a78558a7cd3,,pending,,,,5
img_00001123,images/img_00001123.jpg,02_deepfirearm,deepfirearm,5192cbff5c130fe1f64573087015a3f37b2232278c5692f14f35ed2a997461bc,,pending,,,,5
img_00001124,images/img_00001124.jpg,02_deepfirearm,deepfirearm,05b4c7ee55b3c2d5672f62218880c38a5b152342fe7f80d1199554e8e49745d3,,pending,,,,5
img_00001125,images/img_00001125.jpg,02_deepfirearm,deepfirearm,ff10eabe9fbb5217a36d76646d43113b7fcfbedde7345488bc243694628953ad,,pending,,,,5
img_00001126,images/img_00001126.jpg,02_deepfirearm,deepfirearm,6467475b815128a57c160ffc67bf6b7fb2870df7e379ed7dd6ba762f167d0c6f,,pending,,,,5
img_00001127,images/img_00001127.jpg,02_deepfirearm,deepfirearm,9e9645904484402b9c9538bd3e3b42e77f0bc7705222226ecbc8ee9e1f60602c,,pending,,,,5
img_00001128,images/img_00001128.jpg,02_deepfirearm,deepfirearm,809517347669c610cfbed3c96cbffdde7fca33fa41f1b2abba904da182cb3793,,pending,,,,5
img_00001129,images/img_00001129.jpg,02_deepfirearm,deepfirearm,16b433c4fe3c4625c7434bd8f1fa7cc0d223d40fbb5ea995be19e002e5b20d72,,pending,,,,5
img_00001130,images/img_00001130.jpg,02_deepfirearm,deepfirearm,eb221b230d8a82c11f2fb3c1cd98d0db8fccf6899c72dd6a790723d9cf5d6eea,,pending,,,,5
img_00001131,images/img_00001131.jpg,02_deepfirearm,deepfirearm,61bfa44a77c702aff38ec16966d5c01261b70e9a1bf8bc9a8123d76a4fe1ccff,,pending,,,,5
img_00001132,images/img_00001132.jpg,02_deepfirearm,deepfirearm,030f5fd7af7660c8dec6810c1b6eac3a3ce86713b2fa31047824c2f76d2be1f7,weapon,reviewed,,Lello,2026-04-22T09:16:31+00:00,5
img_00001133,images/img_00001133.jpg,02_deepfirearm,deepfirearm,9707fad140299927a0c04645f85b20c335932cd6e0787f4ce7a2960546eacfa1,,pending,,,,5
img_00001134,images/img_00001134.jpg,02_deepfirearm,deepfirearm,6aa95233e9199b792b6dedcbc8ec613aac8db8201ac793c037f54712d204ecba,,pending,,,,5
img_00001135,images/img_00001135.jpg,02_deepfirearm,deepfirearm,3a92a53d0d5b19015f1d8d4adb3f3b78eb87af358dd3e01c55a9f63c8833b0a8,,pending,,,,5
img_00001136,images/img_00001136.jpg,02_deepfirearm,deepfirearm,079d129d6420f50b8139627e1c77eba7097092e562ca88660a038cb31a65aa98,,pending,,,,5
img_00001137,images/img_00001137.jpg,02_deepfirearm,deepfirearm,169a18ecb25cd981e508e392c5498f138fe3104abea7e7113760f9bf3a841245,,pending,,,,5
img_00001138,images/img_00001138.jpg,02_deepfirearm,deepfirearm,a715842bb4fd532680a0c45edda9b3a17e99254d0ec5dc62f67a978bcb125815,,pending,,,,5
img_00001139,images/img_00001139.jpg,02_deepfirearm,deepfirearm,5985735ce54c371c9825bd918756c62aa1116d95ea560fafda3b634f47bc9402,,pending,,,,5
img_00001140,images/img_00001140.jpg,02_deepfirearm,deepfirearm,e379a155eb4042dcc0047b5f3b50dcb049f229b52b94b27a776fa0165cda79ee,,pending,,,,5
img_00001141,images/img_00001141.jpg,02_deepfirearm,deepfirearm,47b00abf952de1fbc101123198c9f6b46b3799a2d89b8fad41cebbf81ef8fec8,,pending,,,,5
img_00001142,images/img_00001142.jpg,02_deepfirearm,deepfirearm,d94ca35fa57e560aa8229a6f6cb93c83511f0c7c20805501c94c15d1fac0e633,,pending,,,,5
img_00001143,images/img_00001143.jpg,02_deepfirearm,deepfirearm,e523e9a71f745ad3b918a133ad0b82727481816f686e9a53c9a89fede83fa76f,weapon,reviewed,,Lello,2026-04-22T09:16:35+00:00,5
img_00001144,images/img_00001144.jpg,02_deepfirearm,deepfirearm,30a1951817405d218e720a248e567c4d465ee06c495b8aba3244f559643c8824,weapon,reviewed,,Lello,2026-04-22T09:16:37+00:00,5
img_00001145,images/img_00001145.jpg,02_deepfirearm,deepfirearm,7c3a4ba27fb265b0b5f552a441e272b6343495e338a1ea5005b1885ea52242bd,,pending,,,,5
img_00001146,images/img_00001146.jpg,02_deepfirearm,deepfirearm,042708cf5afd6758be8dbfde5f1c0a23a7b367c9ed0e29c61c78151c38afc736,,pending,,,,5
img_00001147,images/img_00001147.jpg,02_deepfirearm,deepfirearm,fc76cdc92630550505639e845b5963787b648562c3b9cdb81aad69195975ca0a,,pending,,,,5
img_00001148,images/img_00001148.jpg,02_deepfirearm,deepfirearm,18fa576854ae3b59e858a0d21812d89a517232f80802d828b5469ddc40dc4a6b,,pending,,,,5
img_00001149,images/img_00001149.jpg,02_deepfirearm,deepfirearm,87cc900ef48c221b3645c474e26df744694fbc79ae1d6eb48649330d6ddbfc06,,pending,,,,5
img_00001150,images/img_00001150.jpg,02_deepfirearm,deepfirearm,1a0a29cdd7a81c7504e986cdb224807495af9e911cd03c4e91235b1c773eb337,,pending,,,,5
img_00001151,images/img_00001151.jpg,02_deepfirearm,deepfirearm,551c9313e30a6fc4f8a4664f13c06ad11d639d48f54c6e3bcd7ef5d745b6699e,,pending,,,,5
img_00001152,images/img_00001152.jpg,02_deepfirearm,deepfirearm,df548175832cb29762656f85964af5cafa4c19f18b04ce48dd5a188d630c34a5,,pending,,,,5
img_00001153,images/img_00001153.jpg,02_deepfirearm,deepfirearm,4b85f38d0a0646df3616968c069d1e2154fb2380b05f8a4a4bb555bbf38553f0,,pending,,,,5
img_00001154,images/img_00001154.jpg,02_deepfirearm,deepfirearm,382229c2893331f9a831141bf4cc072cb3d0889ba75e86d8b11d71dbe184964a,,pending,,,,5
img_00001155,images/img_00001155.jpg,02_deepfirearm,deepfirearm,e1024d8552d610435b0f4309ab5dba6f7af7157db2d7538ad708c2207987d145,,pending,,,,5
img_00001156,images/img_00001156.jpg,02_deepfirearm,deepfirearm,e08cdd8ce7dcdb09fe8c7b2e73d17d3cd2fd7e2ad183c6db975f5f75b1deb888,,pending,,,,5
img_00001157,images/img_00001157.jpg,02_deepfirearm,deepfirearm,95c9612888a9896c69bfa0bfebcb00fbcb8dc7973ca85be663732d75f505b125,,pending,,,,5
img_00001158,images/img_00001158.jpg,02_deepfirearm,deepfirearm,febf21c9713af01ef1ec3260c31d40860000f02d31bbc7c4904091285a7f0f2c,,pending,,,,5
img_00001159,images/img_00001159.jpg,02_deepfirearm,deepfirearm,e8285e3c0640ddad9526e91a7a1ee865a0145eaa6ff534ddd93dc3320fe87d9b,,pending,,,,5
img_00001160,images/img_00001160.jpg,02_deepfirearm,deepfirearm,a2fdeafb2cccc0f0ea77483af64f222a8dfb73b17f3894d220e425f39fbf6bc9,,pending,,,,5
img_00001161,images/img_00001161.jpg,02_deepfirearm,deepfirearm,71ca24103d68a343df8ed0bfd8d405e9edb03ac6cca9830b122b11cf7c966c88,,pending,,,,5
img_00001162,images/img_00001162.jpg,02_deepfirearm,deepfirearm,24a8106b2cf345527954da8a85ad645bceed71c29896c775711f298d0efe9c04,,pending,,,,5
img_00001163,images/img_00001163.jpg,02_deepfirearm,deepfirearm,3c69db8e550ad0052ab50613c203e87b88c63d49aaff8f11e11c606bc7bae174,,pending,,,,5
img_00001164,images/img_00001164.jpg,02_deepfirearm,deepfirearm,0de77bf8fd9211488d39bc4c8ddd42e64ded7b9b53ee7cf903edc1e84f71ebbb,,pending,,,,5
img_00001165,images/img_00001165.jpg,02_deepfirearm,deepfirearm,66d7afcbefe504b15c2080a13ea362fc961c5f32d64473a21e3fdac42e6e35a1,,pending,,,,5
img_00001166,images/img_00001166.jpg,02_deepfirearm,deepfirearm,4e4bb8dc27e1735c64bedb89546c515cc74e33b5f6305d05f43c4faa7372cf85,,pending,,,,5
img_00001167,images/img_00001167.jpg,02_deepfirearm,deepfirearm,6094f26d4ce0470f98fd51f51c6af7776cd52aa6a7b929c539251343d5414abe,,pending,,,,5
img_00001168,images/img_00001168.jpg,02_deepfirearm,deepfirearm,d5095eeb2a53f254b315f6dcdb9c7c46cb9c12e34a5f1b8c89981a672e1ff91c,,pending,,,,5
img_00001169,images/img_00001169.jpg,02_deepfirearm,deepfirearm,e17edd7844e8dee57f57d37a6a299be8c0b71c1985f0be4e042cc3d9d42497f5,,pending,,,,5
img_00001170,images/img_00001170.jpg,02_deepfirearm,deepfirearm,58488d68e7d460242bcb066c66bbaf6c878096f3b00628a912196cf2d0b68b19,,pending,,,,5
img_00001171,images/img_00001171.jpg,02_deepfirearm,deepfirearm,2ad606b14cc6c48a7151ba39584d02bf736a82ebe2d917e86f98d025d1253da2,,pending,,,,5
img_00001172,images/img_00001172.jpg,02_deepfirearm,deepfirearm,e35c4e8b773c1c5f5d4471d689a0cd96780018a4c430b3132c6e722eb81266db,,pending,,,,5
img_00001173,images/img_00001173.jpg,02_deepfirearm,deepfirearm,2191b3ba17e37d9df39775d69a57e6a5f00bbbdb188c9c796033bac884730a9d,,pending,,,,5
img_00001174,images/img_00001174.jpg,02_deepfirearm,deepfirearm,30ba995483f14aa1c8241bae1c3f0eeeef462f6eac98106925553bb844681e9b,,pending,,,,5
img_00001175,images/img_00001175.jpg,02_deepfirearm,deepfirearm,f4f26ea05ed2b0910881a349dddc53bdb44597685c17fbc5a8a2176dcb37c2b1,,pending,,,,5
img_00001176,images/img_00001176.jpg,02_deepfirearm,deepfirearm,6359f63648938d2c2774bd2d10ff81139a8d3d75bed9a9546e2fc62ce511b014,,pending,,,,5
img_00001177,images/img_00001177.jpg,02_deepfirearm,deepfirearm,d2a9f9006933f43fccb05a84971a27a03a21ca1ff8f661ef5545a737f164d6f9,,pending,,,,5
img_00001178,images/img_00001178.jpg,02_deepfirearm,deepfirearm,701ce359cdd5684fc68bd4ea504fe414dd5fec4164b278219d8415b133acb086,,pending,,,,5
img_00001179,images/img_00001179.jpg,02_deepfirearm,deepfirearm,1d5d5acbbef18c12be067e781f7f635f2b32ffb6f9fdec6aeca9c85e39bc65d8,,pending,,,,5
img_00001180,images/img_00001180.jpg,02_deepfirearm,deepfirearm,a2849b1da3d1b1d21c143c6a24d16f578326192003c692f3f160232db371087e,,pending,,,,5
img_00001181,images/img_00001181.jpg,02_deepfirearm,deepfirearm,568796ec5af852251fddf653a56b74fef96987159a2f9c56becfb4ef440beb60,,pending,,,,5
img_00001182,images/img_00001182.jpg,02_deepfirearm,deepfirearm,77fd032cd7a6d6a1497061721773a7361c62b239e7537259fd73276fe07e998a,,pending,,,,5
img_00001183,images/img_00001183.jpg,02_deepfirearm,deepfirearm,31c9c7ff768b6dc16e1a78d736f4b61b5e4aabca3e3934e9d9d5d15f11c704f5,,pending,,,,5
img_00001184,images/img_00001184.jpg,02_deepfirearm,deepfirearm,be57367d94cb8300450b5eb0fad6ddbfcdc2aa930499422de74ff899f7f9e2c8,,pending,,,,5
img_00001185,images/img_00001185.jpg,02_deepfirearm,deepfirearm,7443224b4c2132f104251f5a8c33c8a06f33cc8b4a908174f77bf7ea5077367b,,pending,,,,5
img_00001186,images/img_00001186.jpg,02_deepfirearm,deepfirearm,1c3518627e41f2714467c3ab1c8abed89064149037f34017dc6728af24485c39,,pending,,,,5
img_00001187,images/img_00001187.jpg,02_deepfirearm,deepfirearm,7227d79dbea40e507eb6d11250873428d7d082a9272b24e7aea8adb05f2afcea,,pending,,,,5
img_00001188,images/img_00001188.jpg,02_deepfirearm,deepfirearm,cc3cc11c68fdef258ae201668ea553cb5d4e4a70438218eef33c9d7f8120b611,,pending,,,,5
img_00001189,images/img_00001189.jpg,02_deepfirearm,deepfirearm,af0451472b120df006099e00c26011cb79c928e15375a04ae8fc0ca3c7e189f4,,pending,,,,5
img_00001190,images/img_00001190.jpg,02_deepfirearm,deepfirearm,fe921033622c20b3e6cc613f5c9c434035a9686b38fd3aa83c06089a78b1eb37,,pending,,,,5
img_00001191,images/img_00001191.jpg,02_deepfirearm,deepfirearm,eb0ce7fa1459b87a3cbcc0adc87de734b76cb7a683d4c4c149b7f5c821720836,,pending,,,,5
img_00001192,images/img_00001192.jpg,02_deepfirearm,deepfirearm,0f37e2e20d429d0da6a3cd4945eef042dbecdbed5767ce1039367e7e8c591eec,,pending,,,,5
img_00001193,images/img_00001193.jpg,02_deepfirearm,deepfirearm,60d8498958580d168ad6c0378e2ae90d3e911ca45d8a300b3ecb6ba3e29a78f4,,pending,,,,5
img_00001194,images/img_00001194.jpg,02_deepfirearm,deepfirearm,027337dcb5a2ef56b436869882333e9652c35feeef6deec6a12ff90a427c4192,,pending,,,,5
img_00001195,images/img_00001195.jpg,02_deepfirearm,deepfirearm,aecf47337070b63ebed5fc6e5a8f1370b364256c0a420886528825f5ce75fc3a,,pending,,,,5
img_00001196,images/img_00001196.jpg,02_deepfirearm,deepfirearm,94584890cc448394649499d521eac2c42f9492420767621fd278c0fb88a7f10d,,pending,,,,5
img_00001197,images/img_00001197.jpg,02_deepfirearm,deepfirearm,7a1376154368743810e4695af5db3a62fc42e857d7b4e2f14631e2ac70d0d097,,pending,,,,5
img_00001198,images/img_00001198.jpg,02_deepfirearm,deepfirearm,6c90b297a0e16caa895ee8199df133726d0ce9eb92676e489894ce7a5abdd760,,pending,,,,5
img_00001199,images/img_00001199.jpg,02_deepfirearm,deepfirearm,8ab2745e5ac73ff88671f57a54fcfe483da5d742db4e2236c3df729f2ab6c83f,,pending,,,,5
img_00001200,images/img_00001200.jpg,02_deepfirearm,deepfirearm,0fed897d6d4750eb08e1c3e91e981239ed4ac0ec56787f6fa0a413bcee9a1564,,pending,,,,5
img_00001201,images/img_00001201.jpg,02_deepfirearm,deepfirearm,f82b6e64ff81e3f8da39a8ee3c9feff5d373300f30e919ce86fb1cc18eb88683,,pending,,,,5
img_00001202,images/img_00001202.jpg,02_deepfirearm,deepfirearm,d6e2b517d9eee6b6742b4702b96f51f54f408990111d61650a9adca3bd31af4b,,pending,,,,5
img_00001203,images/img_00001203.jpg,02_deepfirearm,deepfirearm,e1f5eabeeda1293b70ee09d6df54d6dbeaa2f74869511e9fef34b39917ac7a37,,pending,,,,5
img_00001204,images/img_00001204.jpg,02_deepfirearm,deepfirearm,536fa3bbef42ce88e0ca284817b178a8e432d5537ee25d506936b46774d7843f,,pending,,,,5
img_00001205,images/img_00001205.jpg,02_deepfirearm,deepfirearm,de96c45f785c311ad0ae12a7bdb42a8482f7802339d86ee1d618bfe1fc348f34,,pending,,,,5
img_00001206,images/img_00001206.jpg,02_deepfirearm,deepfirearm,28e4572b7c87ea4022e6842e06547a0b543d3729090e29e080796f360155e455,,pending,,,,5
img_00001207,images/img_00001207.jpg,02_deepfirearm,deepfirearm,7e8dd231a1076e60cc28cd78541bed8c1b6fa0e4f1207633a2a7e654b422fa24,,pending,,,,5
img_00001208,images/img_00001208.jpg,02_deepfirearm,deepfirearm,f770037f84cac4939c6f29749044d9367012bfd3f6c9629847c5862f26030a5b,,pending,,,,5
img_00001209,images/img_00001209.jpg,02_deepfirearm,deepfirearm,17238588d673938e831679cfe013e100d226bc0c62d8342fac09771aea50c9d0,,pending,,,,5
img_00001210,images/img_00001210.jpg,02_deepfirearm,deepfirearm,62f2a9c05ff15cedd5179d8a27524469cce8b50abadd43dea472780ae5f14ee3,,pending,,,,5
img_00001211,images/img_00001211.jpg,02_deepfirearm,deepfirearm,4c7a2b373461baeb0f018c5336fdac61569c65e01e41bbc97441a3a7790b3a5d,,pending,,,,5
img_00001212,images/img_00001212.jpg,02_deepfirearm,deepfirearm,a63df31b6cbe6ebd96a2081d67030c4077447e9343edaca11d85f718cb1ae314,,pending,,,,5
img_00001213,images/img_00001213.jpg,02_deepfirearm,deepfirearm,ce90b24b8b7522924858c27243895544577ad70e2326c54295196f90bfc6e331,,pending,,,,5
img_00001214,images/img_00001214.jpg,02_deepfirearm,deepfirearm,469516834d6ab2ed3393219ba98e7bcad74fc5a18646c51978cc5140c0692cb6,,pending,,,,5
img_00001215,images/img_00001215.jpg,02_deepfirearm,deepfirearm,ac99097c448dac75657b23d1e553a88d6503a9e582b91cdaacc4420d06ac0b1c,,pending,,,,5
img_00001216,images/img_00001216.jpg,02_deepfirearm,deepfirearm,385dadef6927debabb6ef7ba527135f3be99994540805bace3542e3b09339592,,pending,,,,5
img_00001217,images/img_00001217.jpg,02_deepfirearm,deepfirearm,539ab5854d8be777bb1b5b85089e1b8ac308e03992919ab57a28a28900b25fd0,,pending,,,,5
img_00001218,images/img_00001218.jpg,02_deepfirearm,deepfirearm,92250c8519ff2818488368fe2367feea07aa4496e174410a34423e7573fc836e,,pending,,,,5
img_00001219,images/img_00001219.jpg,02_deepfirearm,deepfirearm,f7b0a6279a816889230a60eef02840aa64f212da8af5b7442e41dd77779575cc,,pending,,,,5
img_00001220,images/img_00001220.jpg,02_deepfirearm,deepfirearm,e316f04cf92871909e88189885e2fe6857ce845e885eb8a4493c808f4392358b,,pending,,,,5
img_00001221,images/img_00001221.jpg,02_deepfirearm,deepfirearm,0bd91158833da39a9f7cee175515f2a7304f92f6ad59079dea6394205caeb963,,pending,,,,5
img_00001222,images/img_00001222.jpg,02_deepfirearm,deepfirearm,a8301e1819ec66a7925e1597e35e8da7769c2904cd4540cbdfc9944ed380eca9,,pending,,,,5
img_00001223,images/img_00001223.jpg,02_deepfirearm,deepfirearm,16bc788bb9b40f96904082c21369cbad915c4b5c996a764d412bc6ceea94646b,,pending,,,,5
img_00001224,images/img_00001224.jpg,02_deepfirearm,deepfirearm,c6b143a38887b25c56dbf4894bff69f92699a31d77f9a6b3a9347f24bfdf19b6,,pending,,,,5
img_00001225,images/img_00001225.jpg,02_deepfirearm,deepfirearm,f74ea71ffbce57506280c1ad2fe2f0e2857a5874070eefc990a58f52b56cd2e7,,pending,,,,5
img_00001226,images/img_00001226.jpg,02_deepfirearm,deepfirearm,9ea216f4585e5952391367430c500b1513e5c623c08487bf8027504de8fc4189,,pending,,,,5
img_00001227,images/img_00001227.jpg,02_deepfirearm,deepfirearm,9b87b1e4f5752d34be922a50bd33e731be542a4b1a7175b66230ce9ad18d30df,,pending,,,,5
img_00001228,images/img_00001228.jpg,02_deepfirearm,deepfirearm,a22dc4bf04085bbf39dd0be466a11a2923799871ff13d6a3b027176cf981ec7e,,pending,,,,5
img_00001229,images/img_00001229.jpg,02_deepfirearm,deepfirearm,559218dcc5736748ab82420c58be59f9b4224b0c47c540ff33a01f5c292b7d3a,,pending,,,,5
img_00001230,images/img_00001230.jpg,02_deepfirearm,deepfirearm,437cccb266863bed01208b455c000119043fecf53b9216f80d8bbb1777d2a9fb,,pending,,,,5
img_00001231,images/img_00001231.jpg,02_deepfirearm,deepfirearm,99bde62cb3dc687c68e105fd9615269ec7acf5f80a85b2106c0dfaf218747450,,pending,,,,5
img_00001232,images/img_00001232.jpg,02_deepfirearm,deepfirearm,bf4c36d68685140c6b80a9af510786289e0b0c242160f63d6736fba8e62a74c6,,pending,,,,5
img_00001233,images/img_00001233.jpg,02_deepfirearm,deepfirearm,4a08c29527eb30d1feb33cff0f0bbd8a8daa2f4260d25c167d2a85f318ce404a,,pending,,,,5
img_00001234,images/img_00001234.jpg,02_deepfirearm,deepfirearm,c00648306b0610ed8c1a8e0f9c6003297ff0f464cf6fdd2f9ee496bce9839c4d,,pending,,,,5
img_00001235,images/img_00001235.jpg,02_deepfirearm,deepfirearm,aa10f57166358eb8dc162a9db8469dc93507aff8bed4ac771876427603952a82,,pending,,,,5
img_00001236,images/img_00001236.jpg,02_deepfirearm,deepfirearm,8a799a6c2017a413a787279f49f006b606ec10e463e451932eb68b00f3513d03,,pending,,,,5
img_00001237,images/img_00001237.jpg,02_deepfirearm,deepfirearm,f4c52523a73ae75d0808fa0ea4ae1f78a4e00b14715ed1f26bc12b4027f559c8,,pending,,,,5
img_00001238,images/img_00001238.jpg,02_deepfirearm,deepfirearm,f637167c186a85cabc258829af284bb8773a353a77967e1a87f0a447fe63f127,,pending,,,,5
img_00001239,images/img_00001239.jpg,02_deepfirearm,deepfirearm,17af25e1aeb7d0d402df88af92ccd5042fcb3147597bf84dbc3f331d1e0f2448,,pending,,,,5
img_00001240,images/img_00001240.jpg,02_deepfirearm,deepfirearm,96b325770248ca1dcca6c1a121284ef79012d4f934e0903dab410993304b04de,,pending,,,,5
img_00001241,images/img_00001241.jpg,02_deepfirearm,deepfirearm,5783618c5bbaee9242b7e264a171549fcbb91c47889f006385eccb015c2e4a52,,pending,,,,5
img_00001242,images/img_00001242.jpg,02_deepfirearm,deepfirearm,79c330072cfe021424d24674fa32755737877600ed4b9155a2c75e657acd2d9f,,pending,,,,5
img_00001243,images/img_00001243.jpg,02_deepfirearm,deepfirearm,ce02b870dd036f01b69f78f7ad169358ccbac8711840ecb515323a1fd6f5fc3e,,pending,,,,5
img_00001244,images/img_00001244.jpg,02_deepfirearm,deepfirearm,d2090920c8803649300b83b30f239ff142f3ff211f371aa1da269ab09fa74b69,,pending,,,,5
img_00001245,images/img_00001245.jpg,02_deepfirearm,deepfirearm,541b14919fb07665f8ef2a37fa514ce27ea76ad0d7d2d4801df537e608176172,,pending,,,,5
img_00001246,images/img_00001246.jpg,02_deepfirearm,deepfirearm,0b922708606d7675424c57c6babace5b3cfe1f49c2d6894dcb9a0b1ed7837f38,,pending,,,,5
img_00001247,images/img_00001247.jpg,02_deepfirearm,deepfirearm,81854d6df4d4bf41dddd6495656bef6a16f5ceca521abe81a416be07f3b66aa4,,pending,,,,5
img_00001248,images/img_00001248.jpg,02_deepfirearm,deepfirearm,dbbf841f951cb970c7ae338622e747174f617c8a817c0e1d0c39559c1e3ddc61,,pending,,,,5
img_00001249,images/img_00001249.jpg,02_deepfirearm,deepfirearm,175a858b813a8387e62a0fbb846ff9edafbad5dd69f58d13e06b5707c07fb6aa,,pending,,,,5
img_00001250,images/img_00001250.jpg,02_deepfirearm,deepfirearm,47a78289c75c09dd6647948794a4ee68774df0000ec84315f4b46d8361254471,,pending,,,,5
img_00001251,images/img_00001251.jpg,02_deepfirearm,deepfirearm,63ca7fb7efda805c39d81248e1474697dc9cbb8193e43804204df3099f2331ce,,pending,,,,5
img_00001252,images/img_00001252.jpg,02_deepfirearm,deepfirearm,b85d13fe1eac471903d3b437b54de9e91f4853d3d1db78a94bce1b93a8b5b1f0,,pending,,,,5
img_00001253,images/img_00001253.jpg,02_deepfirearm,deepfirearm,6778db38ac3d60154db2fdae51e9dfefa44f92b1a29cdd53b549e6574e5001ba,,pending,,,,5
img_00001254,images/img_00001254.jpg,02_deepfirearm,deepfirearm,28ae574c3f1e8d7999a2cb210da91e3f4b068b95a5d72bb698560173e4676fc4,,pending,,,,5
img_00001255,images/img_00001255.jpg,02_deepfirearm,deepfirearm,ecffd3d8fbd71af9910fc3c45dd86c2862ed55ed6360b81ab5cf9ed50d7711b9,,pending,,,,5
img_00001256,images/img_00001256.jpg,02_deepfirearm,deepfirearm,5ac9d542c6fd6e4b5f0a00c46d2a2d93a3888955eb2f090a41de676c9123e3a7,,pending,,,,5
img_00001257,images/img_00001257.jpg,02_deepfirearm,deepfirearm,d8347b8191b7931a6fae6061596cadbbb28b7aca77d5a332a6a42fc3f8cedeed,,pending,,,,5
img_00001258,images/img_00001258.jpg,02_deepfirearm,deepfirearm,952da0596bd8198e11d95de50c51cb831ad88a7fcf74a08aeaed743745df4a67,,pending,,,,5
img_00001259,images/img_00001259.jpg,02_deepfirearm,deepfirearm,d8a17ad5934dbfb883e1f813a2f11632a8992798d3913b5b65c2c3b7ac642974,,pending,,,,5
img_00001260,images/img_00001260.jpg,02_deepfirearm,deepfirearm,0827ac9c06b2141195da1bf6e1f7995a22818cdcc0f5fa081eaf18f524c1232f,,pending,,,,5
img_00001261,images/img_00001261.jpg,02_deepfirearm,deepfirearm,31cdf5ad1c543329927a7058043fc8c96eca1316506a21dac01e52d5de04f8f3,,pending,,,,5
img_00001262,images/img_00001262.jpg,02_deepfirearm,deepfirearm,427de71204f87b1f60c00a45908d68974b3f322bfc802e134d2ff908e527132d,,pending,,,,5
img_00001263,images/img_00001263.jpg,02_deepfirearm,deepfirearm,a0db108a92023eafba63218e49fbc06c99361fbdab891f5265d9fdb1860d7620,,pending,,,,5
img_00001264,images/img_00001264.jpg,02_deepfirearm,deepfirearm,f6b9f976cbecad5d8dee8e54bd5e7127861856c0d07bd3b0f162281c26108209,,pending,,,,5
img_00001265,images/img_00001265.jpg,02_deepfirearm,deepfirearm,6ed27d4be9e88fd097818a9363485e04233e99538a21dc3ec96f6cf0535aead6,,pending,,,,5
img_00001266,images/img_00001266.jpg,02_deepfirearm,deepfirearm,3d761726690476b877229866797cf7beeb2495eac78b80fbf3aae8a17468c3ad,,pending,,,,5
img_00001267,images/img_00001267.jpg,02_deepfirearm,deepfirearm,1e406d2c435de8bb91b1e3056e0230f412b612659b7a7687e9d9a2fcda2f701a,,pending,,,,5
img_00001268,images/img_00001268.jpg,02_deepfirearm,deepfirearm,372ac0c7abacc92389d951fed9632f49c31f5e769dc55c5e8bced079d4e826bd,,pending,,,,5
img_00001269,images/img_00001269.jpg,02_deepfirearm,deepfirearm,b4785949ce296be2bbcd9f8e50d2b59b29e9675dedbfce3f49ea9b1cdbccecbf,,pending,,,,5
img_00001270,images/img_00001270.jpg,02_deepfirearm,deepfirearm,c960f5579f1ed8e78f24003a44e06ba7e837c44a8baae33efe34d912c478c0c3,,pending,,,,5
img_00001271,images/img_00001271.jpg,02_deepfirearm,deepfirearm,70f90d63d8c9f560d5c57da80d41d97959fd4570b4bf448c01304275da5c2aba,,pending,,,,5
img_00001272,images/img_00001272.jpg,02_deepfirearm,deepfirearm,2423660cd511de31a2e65792907c6165c8c6dcc74ee0d81a786da7392e3be9cc,,pending,,,,5
img_00001273,images/img_00001273.jpg,02_deepfirearm,deepfirearm,4e11d11e9578814c7fbec39d5aa910d5f88b55c83d0a64aba9130583e909b5bf,,pending,,,,5
img_00001274,images/img_00001274.jpg,02_deepfirearm,deepfirearm,e7341f90ded72de4aece9d4b084c9fe53b7bdb359f5211f446ef39818c3e8d3a,,pending,,,,5
img_00001275,images/img_00001275.jpg,02_deepfirearm,deepfirearm,4ffb9ceec7ab5d8a8f681324e57cdcee28f7d1ada6954a4e289ebd1d50f5345d,,pending,,,,5
img_00001276,images/img_00001276.jpg,02_deepfirearm,deepfirearm,6e1273b6878f3da370f9ee854401cb8af7028ba40986cbce155663604ccba10a,,pending,,,,5
img_00001277,images/img_00001277.jpg,02_deepfirearm,deepfirearm,9c75474a3f1b59e2bcf0c3ff6f8f768e6d99c57d2bbdee3bf251d69dec585322,,pending,,,,5
img_00001278,images/img_00001278.jpg,02_deepfirearm,deepfirearm,49abcc1449796aa8859022da2c069031c81022d2987b47dbba5216cf343fce60,,pending,,,,5
img_00001279,images/img_00001279.jpg,02_deepfirearm,deepfirearm,e14eb770e078f62380dcbf123cae70c74eade7737b78af8ff082b0dd77957751,,pending,,,,5
img_00001280,images/img_00001280.jpg,02_deepfirearm,deepfirearm,d0f9409a1f0eaa70bdca71141843397e0994238cd44959efc7f13ed312605cb3,,pending,,,,5
img_00001281,images/img_00001281.jpg,02_deepfirearm,deepfirearm,a87f80ab169fdb81ecbda74c959b1f214742cab65b64387c11cb98dc78f9e9d5,,pending,,,,5
img_00001282,images/img_00001282.jpg,02_deepfirearm,deepfirearm,6d766e8c12672026933bfd2aaef0589455462f58c34aae039724b805dcd9f120,,pending,,,,5
img_00001283,images/img_00001283.jpg,02_deepfirearm,deepfirearm,96591226805d52fbd4f36d8a3e45523dd2cda6f4e14ea52800840ff4fff20fd8,,pending,,,,5
img_00001284,images/img_00001284.jpg,02_deepfirearm,deepfirearm,9bccaac1c410baa46ccb6771819043b1bd89f47410b0280cb942154f75fca286,,pending,,,,5
img_00001285,images/img_00001285.jpg,02_deepfirearm,deepfirearm,ca48fcf5c7c272efc5b9116bb7609166895d454ced1242d5c26e3ac19e79d879,,pending,,,,5
img_00001286,images/img_00001286.jpg,02_deepfirearm,deepfirearm,610c7d60401190ed78867ffe9fb53f06c3e408689980543b10868d5ca1ea4fdf,,pending,,,,5
img_00001287,images/img_00001287.jpg,02_deepfirearm,deepfirearm,54b96df82008a6dccb753e169ddd7db9bb1bd827ec2f356d8d6310d84a344c0f,,pending,,,,5
img_00001288,images/img_00001288.jpg,02_deepfirearm,deepfirearm,143f61e3a741f835da4edd6e6fd999a65ed76244a340d560e8fbe9376a5ee2e0,,pending,,,,5
img_00001289,images/img_00001289.jpg,02_deepfirearm,deepfirearm,a607ea73d970d75318d92e235dbbd45e506e63fabea413c2ad0de20c68b26136,,pending,,,,5
img_00001290,images/img_00001290.jpg,02_deepfirearm,deepfirearm,6fe5b8b45e150d93547df9854f5a37942244f42a33fee9d41fd268aa4b0248e9,,pending,,,,5
img_00001291,images/img_00001291.jpg,02_deepfirearm,deepfirearm,5e1cbe0e50cf44cf74d0adacaa13837d9dee764c4d6d35336a4bf72fbe10a4fd,,pending,,,,5
img_00001292,images/img_00001292.jpg,02_deepfirearm,deepfirearm,98f0d21b0215238d2f12e21ef0794a291fb4526268e25d0c4574e2a785cbed61,,pending,,,,5
img_00001293,images/img_00001293.jpg,02_deepfirearm,deepfirearm,0958cd5b01be982164c81ebdcc63a12bc356bb012713662d220f77060dfb843a,,pending,,,,5
img_00001294,images/img_00001294.jpg,02_deepfirearm,deepfirearm,2d8e649b0ddef2eeebbfd4ef85617aedc47c07dbb8b07f8e7835adb3f4c2977b,,pending,,,,5
img_00001295,images/img_00001295.jpg,02_deepfirearm,deepfirearm,ff9a26fe65d68eb58123b030d548896d3ad58a1528606070918dedf0c4305859,,pending,,,,5
img_00001296,images/img_00001296.jpg,02_deepfirearm,deepfirearm,e0abda187daf6a57e279a93d8121cd73980918af8d8f3641b5e54a4a4ecb8fe6,,pending,,,,5
img_00001297,images/img_00001297.jpg,02_deepfirearm,deepfirearm,d051497398d00b7b2ec6d2d037e21641d030aa0eed246c6d7ef48eafdf2186bd,,pending,,,,5
img_00001298,images/img_00001298.jpg,02_deepfirearm,deepfirearm,9bf9928132f62073fc580ff78cf673b8e5a16044ebd84882dc6685cbbd50ce85,,pending,,,,5
img_00001299,images/img_00001299.jpg,02_deepfirearm,deepfirearm,d8a3f59e270fd4ab6c40c8a6da81690511a3500cb55a025fa7ad9784e5a2a61c,,pending,,,,5
img_00001300,images/img_00001300.jpg,02_deepfirearm,deepfirearm,9a34f617c7b9ad5c36a7abd7f5a59ecba70af13e526a5dceedd2a97aa5620f3f,,pending,,,,5
img_00001301,images/img_00001301.jpg,02_deepfirearm,deepfirearm,d2a530ea1d0d6afd60fedb7d82eda69b0c13c91bf42e4ba2d39f52c062ea2f4d,,pending,,,,5
img_00001302,images/img_00001302.jpg,02_deepfirearm,deepfirearm,9a109bb3b7ab8afd541c35202474881662befbe2ea63b13f6a3651bd40eab59d,,pending,,,,5
img_00001303,images/img_00001303.jpg,02_deepfirearm,deepfirearm,057c298c4967a3ad52f1cfbf5d1606516cae6461b3270188c4934f4ffb78e6c5,,pending,,,,5
img_00001304,images/img_00001304.jpg,02_deepfirearm,deepfirearm,1ab8f4602756446e7bdd674fa92693f03d01f9bd0c086a468f55f5e299e2001b,,pending,,,,5
img_00001305,images/img_00001305.jpg,02_deepfirearm,deepfirearm,0bf0637db9a15535acd279d1630cd10d291a63d12f6fadb30aaca830c8e0078a,,pending,,,,5
img_00001306,images/img_00001306.jpg,02_deepfirearm,deepfirearm,f960cd7a9e722b2731fcda3252d39bf9bb891bfd6d8378c0187e45880b96d39f,,pending,,,,5
img_00001307,images/img_00001307.jpg,02_deepfirearm,deepfirearm,ca9e3139b77906c80007085ebd35af4a48e5de5f3be98a68e1c07c831a527ab2,,pending,,,,5
img_00001308,images/img_00001308.jpg,02_deepfirearm,deepfirearm,9c31001bc4d5e06484dd1aede05882b4d3b1984eafbec5094228f1359f5aecf8,,pending,,,,5
img_00001309,images/img_00001309.jpg,02_deepfirearm,deepfirearm,9aca957c196cf6af442da742346693dc507c29fc1a62e78b68ad5d5e6354be93,,pending,,,,5
img_00001310,images/img_00001310.jpg,02_deepfirearm,deepfirearm,2751e3b7a83e3a9dd63cf35ce949fd91c5cbcef9005e490d7f2c023a32816d93,,pending,,,,5
img_00001311,images/img_00001311.jpg,02_deepfirearm,deepfirearm,b53ba3b0060ec6483313e7edfda3708448acc29c2af607a0f939d99020c3ec63,,pending,,,,5
img_00001312,images/img_00001312.jpg,02_deepfirearm,deepfirearm,1cb2918348577c60ee29427ce6d3e3861b145dad56f16c0d576b3ba7164ec3e6,,pending,,,,5
img_00001313,images/img_00001313.jpg,02_deepfirearm,deepfirearm,312d181bd21bfd2c62fd6f3f5518e78b2fbdbd37514fef8c8879d434f0b69cb3,,pending,,,,5
img_00001314,images/img_00001314.jpg,02_deepfirearm,deepfirearm,dfc02a766610cad347fdfc27479c1e887a2c06db11f516884cedaa485e01cb1d,,pending,,,,5
img_00001315,images/img_00001315.jpg,02_deepfirearm,deepfirearm,1eda101b629ea3a17a8490704d0ec3a83502f546d8e688d7af7326c31b983dd6,,pending,,,,5
img_00001316,images/img_00001316.jpg,02_deepfirearm,deepfirearm,4bab696e1578b4cf96ff35068354bdf64ef3f9ccfa99539af64e62185c0e7855,,pending,,,,5
img_00001317,images/img_00001317.jpg,02_deepfirearm,deepfirearm,fcfee61405a9eb916372b3f756e0e6980e828a2224d42b24c4ba47fd8c6eb9a0,,pending,,,,5
img_00001318,images/img_00001318.jpg,02_deepfirearm,deepfirearm,ea8343c7f226f08387544c50beddb8b53b96af80857068e8634ec014fcf5f529,,pending,,,,5
img_00001319,images/img_00001319.jpg,02_deepfirearm,deepfirearm,862eff9e8f281a4853756af0f0848e3cebd080dcca4bccff7b971fb4780961fb,,pending,,,,5
img_00001320,images/img_00001320.jpg,02_deepfirearm,deepfirearm,838beb33c15aa46c0b5bd5b7db8573a24908a8606820cbfd8ba62814440cb2d5,,pending,,,,5
img_00001321,images/img_00001321.jpg,02_deepfirearm,deepfirearm,05a4bd21bc305e95ccc44b79f2b18fb913ad453c7e770fe3a78162d0f367fa29,,pending,,,,5
img_00001322,images/img_00001322.jpg,02_deepfirearm,deepfirearm,dee77367bed034b0501aafa225fd17bacfa298977ae6514368c5298837453f73,,pending,,,,5
img_00001323,images/img_00001323.jpg,02_deepfirearm,deepfirearm,47d090019ce6d68190b66f5b38e37ff9e2a6d7a6c34ec160832cb2db72793807,,pending,,,,5
img_00001324,images/img_00001324.jpg,02_deepfirearm,deepfirearm,f53c40f9529fb93bcddd0d721d0d3f4da08801679bff8d4fa79a1f1b87fa99e3,,pending,,,,5
img_00001325,images/img_00001325.jpg,02_deepfirearm,deepfirearm,39ae50004d161a0d44bf96f6c2a0ff071a82e5550af92b71c2b7e0b18c0d2952,,pending,,,,5
img_00001326,images/img_00001326.jpg,02_deepfirearm,deepfirearm,7884991f1698cc438804c83348cba0ff064f527a84677bcf643e8780c096a742,,pending,,,,5
img_00001327,images/img_00001327.jpg,02_deepfirearm,deepfirearm,b383def08376b88689697d0d31d46f01535786e241ff356a9b437c19101d47fb,,pending,,,,5
img_00001328,images/img_00001328.jpg,02_deepfirearm,deepfirearm,9898ecd4447640cb4206f83e9ea3bb66a8430d22f4afee68a3f4d68facb408c2,,pending,,,,5
img_00001329,images/img_00001329.jpg,02_deepfirearm,deepfirearm,980f47374eed65d44ea0c08c624fb8ebe75b2a34e66083ab1c5cae88d5374a8c,,pending,,,,5
img_00001330,images/img_00001330.jpg,02_deepfirearm,deepfirearm,496450e2fee4cf7145a428f95bbef3c60cad38d2ef69b1d76595264b087bc098,,pending,,,,5
img_00001331,images/img_00001331.jpg,02_deepfirearm,deepfirearm,1dc8c36c5b138b484ce39fc7d230569caadd6a28aeda617b37bae585357b9827,,pending,,,,5
img_00001332,images/img_00001332.jpg,02_deepfirearm,deepfirearm,d91ac78f0ef3d41f26b5b00fdc4ff68aac67d1279ac70459eb5c588cf16b6021,,pending,,,,5
img_00001333,images/img_00001333.jpg,02_deepfirearm,deepfirearm,e3cff9423c2557ae4f83ac3c678767112038e6502f16fbceee21f282e6f17082,,pending,,,,5
img_00001334,images/img_00001334.jpg,02_deepfirearm,deepfirearm,7ae6ba2bcb8af33c04724149400d6ac04f0a19b7facffad5049894be3dd98c35,,pending,,,,5
img_00001335,images/img_00001335.jpg,02_deepfirearm,deepfirearm,1ae8e068b5e160b8a0422c68c97ebc0cf20452a080561e3525d78a8607133c9c,,pending,,,,5
img_00001336,images/img_00001336.jpg,02_deepfirearm,deepfirearm,b2661c7c6bc4f5f9c5b0add488d0aa24bcce41f0dc55148ed75f2dbe42d3bad6,,pending,,,,5
img_00001337,images/img_00001337.jpg,02_deepfirearm,deepfirearm,f784f9e09c6a5a178ae6aa47ee0538c0e544158db5a54eb9bff48d9dff6b8969,,pending,,,,5
img_00001338,images/img_00001338.jpg,02_deepfirearm,deepfirearm,b6fc53aaa84603df5ec4b65e98a8a66a27a143f66bbca073d11290a06f0a7861,,pending,,,,5
img_00001339,images/img_00001339.jpg,02_deepfirearm,deepfirearm,681471e1a0605f1e0422544bc259843cb533e5fa4125b30f975cb185171610a2,,pending,,,,5
img_00001340,images/img_00001340.jpg,02_deepfirearm,deepfirearm,a2b3baef78f86140d1b851d5ac7811d296fbafa1f535c2e15334c1a8d693f07c,,pending,,,,5
img_00001341,images/img_00001341.jpg,02_deepfirearm,deepfirearm,3d96ce90125e0971b03b3224dc756911e9fde5754c7fa907a78dfb95f9e0a258,,pending,,,,5
img_00001342,images/img_00001342.jpg,02_deepfirearm,deepfirearm,ac5b51cf600c46ada20e3841d616473155153bc0be2250add8ce01e10f5832e1,,pending,,,,5
img_00001343,images/img_00001343.jpg,02_deepfirearm,deepfirearm,203d9cf2b54ae6f557f8465dd7195883abe364810766c21c540b797e5fb23986,,pending,,,,5
img_00001344,images/img_00001344.jpg,02_deepfirearm,deepfirearm,40853810492e4e5f5d2cc3d7617915d7c015976c8cd87f4850ae2ab357b926e1,,pending,,,,5
img_00001345,images/img_00001345.jpg,02_deepfirearm,deepfirearm,89ab5f6c866ced37990e24c15fd16eadf2c96fea5d3f4cdae500ade482356bcc,,pending,,,,5
img_00001346,images/img_00001346.jpg,02_deepfirearm,deepfirearm,f230884b9e6d4bd5793dfab2d6c5ef0b51b3d838da1a932a1813f3761c043c8d,,pending,,,,5
img_00001347,images/img_00001347.jpg,02_deepfirearm,deepfirearm,75461bc505f9f768fbe14db5bb84bdb21be911ae14bceae035ccad96bdf5924d,,pending,,,,5
img_00001348,images/img_00001348.jpg,02_deepfirearm,deepfirearm,f3a89c490bbb0cb6097ba822dc0434c79afbf2d67d96ff3c83b5913a704844a5,,pending,,,,5
img_00001349,images/img_00001349.jpg,02_deepfirearm,deepfirearm,70755fdfa248d5820a1fd83c3985a12ebc3340d91cc7af244e96b3f15d5bf2ed,,pending,,,,5
img_00001350,images/img_00001350.jpg,02_deepfirearm,deepfirearm,e2cf19771373368d47a99e17a9290251b223ad7eecbb78a3e204121a4852dfa2,,pending,,,,5
img_00001351,images/img_00001351.jpg,02_deepfirearm,deepfirearm,e8091e88cfdc6c1010745292656228c0e04a45e56a1c86e15db7e8a94c40e0d6,,pending,,,,5
img_00001352,images/img_00001352.jpg,02_deepfirearm,deepfirearm,b8de6c26684a81ef9aa3a1d445424f8beb39444180b2a0c3b158279bad360217,,pending,,,,5
img_00001353,images/img_00001353.jpg,02_deepfirearm,deepfirearm,4bbbdef5819bfbe54a27132383c7e2948e3b6542b4785284f92cb4588af63bd4,,pending,,,,5
img_00001354,images/img_00001354.jpg,02_deepfirearm,deepfirearm,08af8d994e442376639cb9555c2e229ad324fa2d7f61b11f91386eadfa22f234,,pending,,,,5
img_00001355,images/img_00001355.jpg,02_deepfirearm,deepfirearm,2085b8ab2c285b3550abf185a7c8427cbe42f8ebcfeca705359f0000da8d9ca1,,pending,,,,5
img_00001356,images/img_00001356.jpg,02_deepfirearm,deepfirearm,31f0c60e6ba7dd7b3b23aa216362f639d435cc1d6628d0e945044eca62763feb,,pending,,,,5
img_00001357,images/img_00001357.jpg,02_deepfirearm,deepfirearm,26bffad5afaacab32327726fbad06f3152bfa1ff6772f6deecfc0870bd8cae48,,pending,,,,5
img_00001358,images/img_00001358.jpg,02_deepfirearm,deepfirearm,53034e66074f02ac5456b53d446b0ca3f864fc9fe289ee5fbbc72c9c1e7e72e8,,pending,,,,5
img_00001359,images/img_00001359.jpg,02_deepfirearm,deepfirearm,450817737ca4fd2728dec27ebbe8d6b6bcf3d4e6f4f3b6930c9283d005029c42,,pending,,,,5
img_00001360,images/img_00001360.jpg,02_deepfirearm,deepfirearm,d2e157aba292f6df569abf162139a1c0a36bb590addd139e6bed9c85f54f71da,,pending,,,,5
img_00001361,images/img_00001361.jpg,02_deepfirearm,deepfirearm,684f028e589b62336ebefb56b4c09d258f884e2bbc3b14e9697f153e16739e2a,,pending,,,,5
img_00001362,images/img_00001362.jpg,02_deepfirearm,deepfirearm,d8c0d79e05f84f71e0d4c1b3bf4fc2ffc5d4a04e0f1dff89aaed536d3e498c3e,,pending,,,,5
img_00001363,images/img_00001363.jpg,02_deepfirearm,deepfirearm,b375989f6b5bf3df0fb08fd6c09144c1efb13605202262e408aa73f84ebca075,,pending,,,,5
img_00001364,images/img_00001364.jpg,02_deepfirearm,deepfirearm,5649e60d409a33e68de14f4b58e38eddf080107c82e16a7798149580d2f8fc73,,pending,,,,5
img_00001365,images/img_00001365.jpg,02_deepfirearm,deepfirearm,a111d0ad09f923b885c99a45794c9b312f036d40b91c3c14eb8d0625537ccea6,,pending,,,,5
img_00001366,images/img_00001366.jpg,02_deepfirearm,deepfirearm,e2fb492f69536706a1004eb1d73548977cbbc8e2b0b330410054ebfb9c43e453,,pending,,,,5
img_00001367,images/img_00001367.jpg,02_deepfirearm,deepfirearm,40125b9e80176918095fa2c2eda777b9113defb32df2ddd66de836b96e272ab5,,pending,,,,5
img_00001368,images/img_00001368.jpg,02_deepfirearm,deepfirearm,50e6614defe60957952af652083dc211efccb5f162e1c7acbb8372b8585396e6,,pending,,,,5
img_00001369,images/img_00001369.jpg,02_deepfirearm,deepfirearm,ce6529e17c008f2f1fce2eb38e07d9dee6a99c14733b5f40b7a40f6ed92c16ae,,pending,,,,5
img_00001370,images/img_00001370.jpg,02_deepfirearm,deepfirearm,57e893cab9a9b93c3ea451f83afb759c874c031cbb34f8c11a6581720c3ce329,,pending,,,,5
img_00001371,images/img_00001371.jpg,02_deepfirearm,deepfirearm,baaf40aa727ee5ee36a506d5dee78b3dbe2d7b81e3fdbac95fe6564130c530ee,,pending,,,,5
img_00001372,images/img_00001372.jpg,02_deepfirearm,deepfirearm,e6500416ee95b7d8ed8bc01833458becf0946fcc4307e379c7db38084b433e9b,,pending,,,,5
img_00001373,images/img_00001373.jpg,02_deepfirearm,deepfirearm,a9ba336135b2163274dbcaf4d14f5bc83e3918e100663aa824d9bebbc42463bd,,pending,,,,5
img_00001374,images/img_00001374.jpg,02_deepfirearm,deepfirearm,50f3227492529b837398f6f50aa05e56c8157e0174e863c3e566651c0543885c,,pending,,,,5
img_00001375,images/img_00001375.jpg,02_deepfirearm,deepfirearm,ac40bd2566bc48da62a6684a250e16d59f87d9aaf96af2649d253de87931ec2f,,pending,,,,5
img_00001376,images/img_00001376.jpg,02_deepfirearm,deepfirearm,a0a63d0a3dbc350d1f12ded1c92f6659043af518f232543e7847b2f1013ee1b6,,pending,,,,5
img_00001377,images/img_00001377.jpg,02_deepfirearm,deepfirearm,68c72cdc72be60371c3611afea889dcb3f44b73f3a34ec58fe7e1b8bb6ea0b69,,pending,,,,5
img_00001378,images/img_00001378.jpg,02_deepfirearm,deepfirearm,3001034733a17b378216883b518611c4ca63b01989539e594604aaf230bbefb5,,pending,,,,5
img_00001379,images/img_00001379.jpg,02_deepfirearm,deepfirearm,44479924d2f8e92b8203010d23a360ce015e2ad9956abd254a33579dd59e52f2,,pending,,,,5
img_00001380,images/img_00001380.jpg,02_deepfirearm,deepfirearm,007d4303801e67b6c29a36704e40a7e7e4d7a8e550827545a53ac4d53b4fee0b,,pending,,,,5
img_00001381,images/img_00001381.jpg,02_deepfirearm,deepfirearm,50bdd6aece5811e2ea2d5b46615948ff3b64fb5dc8fbf07db20b2b545a2b90cb,,pending,,,,5
img_00001382,images/img_00001382.jpg,02_deepfirearm,deepfirearm,c5a5767c4529e178e8e6f9ff036f6cee9dc58555e734f779657b91c02670955b,,pending,,,,5
img_00001383,images/img_00001383.jpg,02_deepfirearm,deepfirearm,dfe7b2e8a0319181634e4a41a2178bd1829e8685ee3f344d911e9dea0c1a0c0a,,pending,,,,5
img_00001384,images/img_00001384.jpg,02_deepfirearm,deepfirearm,bfeaf7df09404ee7e2209a60969998feee37c1130cabd662271a17beb73a618f,,pending,,,,5
img_00001385,images/img_00001385.jpg,02_deepfirearm,deepfirearm,870f2720ca8c97a7aa16236024e0c94ef0e4d72180d8514722d91b6d36037a09,,pending,,,,5
img_00001386,images/img_00001386.jpg,02_deepfirearm,deepfirearm,3364a24487878f64eda8426f81345cf701cb4c86bdd496dac0d945f72cfa312a,,pending,,,,5
img_00001387,images/img_00001387.jpg,02_deepfirearm,deepfirearm,a905518e4386a0a00193aa54d9be098b8b0a475ec7bac6c09b06d9729c2efaaa,,pending,,,,5
img_00001388,images/img_00001388.jpg,02_deepfirearm,deepfirearm,e4d205d87bcd730835853ab72c49b58a94c2004239849cd3a488b119b18ded55,,pending,,,,5
img_00001389,images/img_00001389.jpg,02_deepfirearm,deepfirearm,205ab03cdc85d58e0cd0dc09930d112b36d841aa3a01bc5b371a69249190c20f,,pending,,,,5
img_00001390,images/img_00001390.jpg,02_deepfirearm,deepfirearm,c95b53792a439399aa0c55d858dcaa2975d4774108a814451d2800c45d93c2e2,,pending,,,,5
img_00001391,images/img_00001391.jpg,02_deepfirearm,deepfirearm,860f2e1bb827bf37477c2e3bd3002bcf1026abe1901e1473dc743463a9340d7d,,pending,,,,5
img_00001392,images/img_00001392.jpg,02_deepfirearm,deepfirearm,9ab948d1b5fbf073212fce47b93d4f2d0240cf1e656e8b77e681c0a0da1a68e1,,pending,,,,5
img_00001393,images/img_00001393.jpg,02_deepfirearm,deepfirearm,3fc0fe73bf8eb3c2b03f66561a1254c63c047fa551afa1776fbdd49cf4a34ae3,,pending,,,,5
img_00001394,images/img_00001394.jpg,02_deepfirearm,deepfirearm,76ce9e4757f7da8c89909556a9d0e194f1da2de914bab9d6158218eec437ccf3,,pending,,,,5
img_00001395,images/img_00001395.jpg,02_deepfirearm,deepfirearm,c0a96428c7768a3ac05e70efb9edab29d0762cb99b81da8794b8207edbfd3d19,,pending,,,,5
img_00001396,images/img_00001396.jpg,02_deepfirearm,deepfirearm,8e6a5051de766d39ca3b89cc1d484dfec5f71d843a46fd5b66d5800f5032a9e6,,pending,,,,5
img_00001397,images/img_00001397.jpg,02_deepfirearm,deepfirearm,bcb3e6f8e7d921d743bc748171c764143b43d2cd022c23196d73e0a79993a602,,pending,,,,5
img_00001398,images/img_00001398.jpg,02_deepfirearm,deepfirearm,54df710224ae9944a0d30ebbcf7e52b62e96bce4ba2cd11033d6e87c784b8e8d,,pending,,,,5
img_00001399,images/img_00001399.jpg,02_deepfirearm,deepfirearm,1db5ba0a1c027853434967ed8af8db2edc39632fdbdc7466760921ef33446a7d,,pending,,,,5
img_00001400,images/img_00001400.jpg,02_deepfirearm,deepfirearm,17218d247fcb6250c2d97ab4bd70032782ef7fe88438e1d757672b804e88b15d,,pending,,,,5
img_00001401,images/img_00001401.jpg,02_deepfirearm,deepfirearm,71887cda5b578c8712d645c97268b10bb55e178f05d4d22af3b0ec10587f54f4,,pending,,,,5
img_00001402,images/img_00001402.jpg,02_deepfirearm,deepfirearm,e28ce3557260bd4e676d2b1abe3af24c04b689b53c43efe6d2db3ce856da7ba7,,pending,,,,5
img_00001403,images/img_00001403.jpg,02_deepfirearm,deepfirearm,b7f44422ce06606664e086eabe2d11a3d58d6e916c9543ccbf84a088cbd70570,,pending,,,,5
img_00001404,images/img_00001404.jpg,02_deepfirearm,deepfirearm,b3c7f221fb24d947402733acd13ad8053d3f7df2f4b2a5e161c522a8502c5a17,,pending,,,,5
img_00001405,images/img_00001405.jpg,02_deepfirearm,deepfirearm,3a4bd594ee56c0a42886153dd2871c6a85f0038faec05fc4ea90a297bb420562,,pending,,,,5
img_00001406,images/img_00001406.jpg,02_deepfirearm,deepfirearm,0d3e50e164eb97cf766a025f9fd80c95af5951aaffc82eb87e605a022d2d6214,,pending,,,,5
img_00001407,images/img_00001407.jpg,02_deepfirearm,deepfirearm,c70f91034c10edcc8f937763bfe789982b577b973e2de9d0966b99a8a6fc3997,,pending,,,,5
img_00001408,images/img_00001408.jpg,02_deepfirearm,deepfirearm,68796e11e077f040b0b5511182a7469b2436581aa59a84ef4549518c7f7cd165,,pending,,,,5
img_00001409,images/img_00001409.jpg,02_deepfirearm,deepfirearm,d2a8319369ad69db4c47c8fff824edd607282f8c8159369d9c7993f925a3d163,,pending,,,,5
img_00001410,images/img_00001410.jpg,02_deepfirearm,deepfirearm,5b7e687e0eaf25e6748f301e105f5ef6ff7f18cec4b56b1d2911730aa8639a10,,pending,,,,5
img_00001411,images/img_00001411.jpg,02_deepfirearm,deepfirearm,18a018a2e401820d117abc02ca9cb073d35220495ecd75a9c92b035d4868f10a,,pending,,,,5
img_00001412,images/img_00001412.jpg,02_deepfirearm,deepfirearm,97efc45aaca9523292323bf21edb498f18529068f1e409bf6d91233030c8ee12,,pending,,,,5
img_00001413,images/img_00001413.jpg,02_deepfirearm,deepfirearm,96c03d8eb4d5c0463124bdbeb121f3db12553a228b667b9b0faea9d5520c8480,,pending,,,,5
img_00001414,images/img_00001414.jpg,02_deepfirearm,deepfirearm,7b65e0d5c71f4f6f670bbe64be41338f26a911e1fc0a90c339f678bf9d73dd09,,pending,,,,5
img_00001415,images/img_00001415.jpg,02_deepfirearm,deepfirearm,0450781b9a79eef5a9ceede6b4b0eccdb0721d322fa4d8cb7bb6c92ced8f467b,,pending,,,,5
img_00001416,images/img_00001416.jpg,02_deepfirearm,deepfirearm,76f9771e42821c49bf26069a443cbe0ee17e72ac2dbc53a8a0391072c0ad30de,,pending,,,,5
img_00001417,images/img_00001417.jpg,02_deepfirearm,deepfirearm,ac4b85513444cdeb481d2dbcbea59453162ad3207a19bb35be69459b7087a556,,pending,,,,5
img_00001418,images/img_00001418.jpg,02_deepfirearm,deepfirearm,c1c5c503e409f337f2284bf3336664a7107549be5c5639e7d1fd746834c54621,,pending,,,,5
img_00001419,images/img_00001419.jpg,02_deepfirearm,deepfirearm,3b3ec0be098f8ca4d1ec06bafe9fb00740958c52c621ea7638ae487f54cbc900,,pending,,,,5
img_00001420,images/img_00001420.jpg,02_deepfirearm,deepfirearm,8fdecdedacc5d338910996a14726af9e3ac045a1aee9c7257bc369b6607459df,,pending,,,,5
img_00001421,images/img_00001421.jpg,02_deepfirearm,deepfirearm,34a586e49cb1a65c84eba011d44e5ce9dee18b8652ae997af81267f2d27f0a91,,pending,,,,5
img_00001422,images/img_00001422.jpg,02_deepfirearm,deepfirearm,1d59871e8387536c11cd58d95e43e20f868b3cd409077eb8da1c2bead2b25821,,pending,,,,5
img_00001423,images/img_00001423.jpg,02_deepfirearm,deepfirearm,33cdd247061f2567095af7843a0b3eeeafb4c60726a4fee4e1e59b81d3a1671d,,pending,,,,5
img_00001424,images/img_00001424.jpg,02_deepfirearm,deepfirearm,09788c2930b7c8d9f7a4108e019ecd7a355898fc218e806799cbdfe51790aa0e,,pending,,,,5
img_00001425,images/img_00001425.jpg,02_deepfirearm,deepfirearm,58873f89227f1fcd8700ed14f041819bcb14802174b514a3439506c0c4f51e1f,,pending,,,,5
img_00001426,images/img_00001426.jpg,02_deepfirearm,deepfirearm,6bb647de137baf5c34ba441a7b6058ba7b78f560c6f19c1d8e487229980b3f59,,pending,,,,5
img_00001427,images/img_00001427.jpg,02_deepfirearm,deepfirearm,a0a3d8f6f7cdae5fbd570784b7a3e9cbfe06c7c897232202e2d31fb5e5bb34a7,,pending,,,,5
img_00001428,images/img_00001428.jpg,02_deepfirearm,deepfirearm,11a22ba1c79aedd38f265e00097b2988b5aa400907bc3010bc0c77e67f838b9e,,pending,,,,5
img_00001429,images/img_00001429.jpg,02_deepfirearm,deepfirearm,a2ca45cd0d1de4f3cf10b49820d61614b4b2465659bfb9bac11818895dc6b899,,pending,,,,5
img_00001430,images/img_00001430.jpg,02_deepfirearm,deepfirearm,142f1e95b4a94ca68febc624bf1e23bebc6c26e535e032552b353059e910a424,,pending,,,,5
img_00001431,images/img_00001431.jpg,02_deepfirearm,deepfirearm,762fc952bc883be8b923cd829dbb755a7b09e00bec54a2f45738dabc840ace70,,pending,,,,5
img_00001432,images/img_00001432.jpg,02_deepfirearm,deepfirearm,d1eb767c6deaaad4d5d3921928b1a20cc041eba8b9cf702d59da0ca54fc3550f,,pending,,,,5
img_00001433,images/img_00001433.jpg,02_deepfirearm,deepfirearm,778cbbce2df932cb714811fe03b50cf1c257fd60cce144c92f03a4fbc7fbe5f8,,pending,,,,5
img_00001434,images/img_00001434.jpg,02_deepfirearm,deepfirearm,1c0ff7ff6be6ed376eff32e8943bc76a574127a92558eda6c0ffc721a0d496a8,,pending,,,,5
img_00001435,images/img_00001435.jpg,02_deepfirearm,deepfirearm,f6ba5f78cd089002b68d38531ade1228363d7074c8a994f1d7f248fa9e0ca29e,,pending,,,,5
img_00001436,images/img_00001436.jpg,02_deepfirearm,deepfirearm,452ce9e833d3d0cc1f680528a5ee0f33aa03c91cb283b72187f52c9763ecd2da,,pending,,,,5
img_00001437,images/img_00001437.jpg,02_deepfirearm,deepfirearm,57d369c4ac0b2138aa3721991921aef609f4b2455531b65b7bfed7350af08490,,pending,,,,5
img_00001438,images/img_00001438.jpg,02_deepfirearm,deepfirearm,6827d3656ae33f51162b1ebb32fc1c6ac7594a1db0a0b3c71adacc2fd77a50f4,,pending,,,,5
img_00001439,images/img_00001439.jpg,02_deepfirearm,deepfirearm,9e388c6d5a075efc386900f486652e6ce6fd9510919720972f30418a6f4bba54,,pending,,,,5
img_00001440,images/img_00001440.jpg,02_deepfirearm,deepfirearm,80261e94e89d756b91960c88d51feb359a43f3a8decb4ee5bdc47e0fb850b346,,pending,,,,5
img_00001441,images/img_00001441.jpg,02_deepfirearm,deepfirearm,773712fd7135e78aa3f3fda60306f99209ca1271c8271ed54896f7126e42d9ce,,pending,,,,5
img_00001442,images/img_00001442.jpg,02_deepfirearm,deepfirearm,127d8ba3af14db789a0b9f26a8b095c3c9c88d52332b6c4d35a9bd64b6e8387d,,pending,,,,5
img_00001443,images/img_00001443.jpg,02_deepfirearm,deepfirearm,b898b0f4073cc9b945783da8c887de71d106d459dd68e1bec528f080b458b0b9,,pending,,,,5
img_00001444,images/img_00001444.jpg,02_deepfirearm,deepfirearm,8b16355258baca2867e57b086d94e4274cee6bbb445316e711af12aad62ca33f,,pending,,,,5
img_00001445,images/img_00001445.jpg,02_deepfirearm,deepfirearm,8865c713ed325256502e2fb32867b29a9404865ed3dab6586be31311baf7f343,,pending,,,,5
img_00001446,images/img_00001446.jpg,02_deepfirearm,deepfirearm,b10eed80101b9368014e31eaf7f54bb6cc2cd38be67031c13847e3c259ca633c,,pending,,,,5
img_00001447,images/img_00001447.jpg,02_deepfirearm,deepfirearm,8df07d9e56afe5fe84ef4dfad1f8e5a20706205bad3b5652f29bb1ed1874355f,,pending,,,,5
img_00001448,images/img_00001448.jpg,02_deepfirearm,deepfirearm,cf1333fb82cb5b9a5f6db85de21ba0d40b46fde45049f7ac6fb34c7a3b43936a,,pending,,,,5
img_00001449,images/img_00001449.jpg,02_deepfirearm,deepfirearm,87cd05c62773b84d357b65adc3aba6f290e18e98c77a7cd2810c63c9444aa01a,,pending,,,,5
img_00001450,images/img_00001450.jpg,02_deepfirearm,deepfirearm,bf72c7018c1c1e2e6ab2e971e6721f1ed6fcc60cdeaba5320a120f78d750de80,,pending,,,,5
img_00001451,images/img_00001451.jpg,02_deepfirearm,deepfirearm,ee7f16e668e4abe25b840e7237a4d4481b0c8c0e85424dbd1e3edd5a9b504b8a,,pending,,,,5
img_00001452,images/img_00001452.jpg,02_deepfirearm,deepfirearm,bcf477aaf560cc4b1fdfb9a0f6f458ff527fc40f142336fa9fe28c62d23c3857,,pending,,,,5
img_00001453,images/img_00001453.jpg,02_deepfirearm,deepfirearm,f4eaba88109a59795cec46172e5dd1e2b7c7681181677f87cb836c9d73b2ba7b,,pending,,,,5
img_00001454,images/img_00001454.jpg,02_deepfirearm,deepfirearm,734726c96d7c1a2e0f57ff85c91a4b74fc456db30d249db7e616bdca6780c02e,,pending,,,,5
img_00001455,images/img_00001455.jpg,02_deepfirearm,deepfirearm,2537ae8f1d8e1deb387729f1cf8c75f3ddf5b299871c1a25c0a1af7aad248737,,pending,,,,5
img_00001456,images/img_00001456.jpg,02_deepfirearm,deepfirearm,d53b089f15a187ee186709b9827e036c5b677342338802f047896404a2939e6f,,pending,,,,5
img_00001457,images/img_00001457.jpg,02_deepfirearm,deepfirearm,1ffc24cf313f1ad15ad500e2160847b367fd7eaafeb45e8e944b8e92aa046bf7,,pending,,,,5
img_00001458,images/img_00001458.jpg,02_deepfirearm,deepfirearm,fc702233e13732548958f25761ee18e02e00bb7e08e3b28d6af4b84b43a3da9f,,pending,,,,5
img_00001459,images/img_00001459.jpg,02_deepfirearm,deepfirearm,30490705c48ceec5a04af4881c0a09c530c603bac76104818bcb3daaf422283f,,pending,,,,5
img_00001460,images/img_00001460.jpg,02_deepfirearm,deepfirearm,caba07e367e11ac00be21d0f2d2977e5a4067f0da22e77223d7898e861777346,,pending,,,,5
img_00001461,images/img_00001461.jpg,02_deepfirearm,deepfirearm,5947a52abca71efd105b656ad6b7843be72180c746f80326300432d1de3e36ea,,pending,,,,5
img_00001462,images/img_00001462.jpg,02_deepfirearm,deepfirearm,fd2507943f31c428cc49199856de125fbc939d904b1309af15bcb5b970fcfaa3,,pending,,,,5
img_00001463,images/img_00001463.jpg,02_deepfirearm,deepfirearm,1b63c62ec0bd406eee666debd1c8631e1e0d44abfae373d11ed63596e3e3d09d,,pending,,,,5
img_00001464,images/img_00001464.jpg,02_deepfirearm,deepfirearm,a5c8b2d8efb93c2c65231f8cb621b033667580df17ac232ffec5d4ecd1fa3588,,pending,,,,5
img_00001465,images/img_00001465.jpg,02_deepfirearm,deepfirearm,3060327c7721ebbc6ba58df66c7c0f0e762b5b897397c9f03af6ddfe36a08dc8,,pending,,,,5
img_00001466,images/img_00001466.jpg,02_deepfirearm,deepfirearm,2cb4737082f80475df59b51e5012128278352ad528b480d1e204c1d6b6a5ae1c,,pending,,,,5
img_00001467,images/img_00001467.jpg,02_deepfirearm,deepfirearm,a2aeb85c2e94e79da1e43a25204017fdbe26426bf8f0541fc3ca37d997c59240,,pending,,,,5
img_00001468,images/img_00001468.jpg,02_deepfirearm,deepfirearm,02ecf419a20faa8e69148176a8f8a4326eb1befb4f6eb099543dc6dac0b9bf8a,,pending,,,,5
img_00001469,images/img_00001469.jpg,02_deepfirearm,deepfirearm,2ee704ebfbe74023283e3f586e4535cbe2a7b16514d182a490b78d777f3edd26,,pending,,,,5
img_00001470,images/img_00001470.jpg,02_deepfirearm,deepfirearm,57fb67f410ed9e77553ffc475650f8f098f00e4ffc100f65440950e7c6ba2582,,pending,,,,5
img_00001471,images/img_00001471.jpg,02_deepfirearm,deepfirearm,abd603f51a0fcdc85c4b6674eb698975fb57f93437c5a67490642be692f2564a,,pending,,,,5
img_00001472,images/img_00001472.jpg,02_deepfirearm,deepfirearm,6cb6ec3613aa08b9417bd60977c88e0f1cab5bd70e8c7563816d63ac71dbd1ab,,pending,,,,5
img_00001473,images/img_00001473.jpg,02_deepfirearm,deepfirearm,ace79d2d8c5a8ff7fe970edd23fcee54ca4878f1e9a6351d2ab2d0760c735cff,,pending,,,,5
img_00001474,images/img_00001474.jpg,02_deepfirearm,deepfirearm,a59c77c848eed4a151f7562704212a64856e99306891a70e9345fbf5d43a12c6,,pending,,,,5
img_00001475,images/img_00001475.jpg,02_deepfirearm,deepfirearm,d2e9f7762f11339661dc1a414bfa7c542afdb6d1c9e536e2f8a320178f644494,,pending,,,,5
img_00001476,images/img_00001476.jpg,02_deepfirearm,deepfirearm,0d32fad9307c4c9a09a7395e5ab8fdf0c03165f3300eaad90a926bf2c0dd4cc8,,pending,,,,5
img_00001477,images/img_00001477.jpg,02_deepfirearm,deepfirearm,9b1fbceeea83331fbd1b21857ffd0e4b64498a5a1f6139296ee52416eef51f82,,pending,,,,5
img_00001478,images/img_00001478.jpg,02_deepfirearm,deepfirearm,f3a52b075e057b1bddf4036508e597d4bfc3a09bf45c2468e73b21b50e504b74,,pending,,,,5
img_00001479,images/img_00001479.jpg,02_deepfirearm,deepfirearm,48d6ae7a628a5ffd3fc1c7abcb7023f55d515287da0d806bd2b509cc81f5ff82,,pending,,,,5
img_00001480,images/img_00001480.jpg,02_deepfirearm,deepfirearm,e741a74e876cf5dc843b05de92e63c9e639b4c170058f54e57dac5289458e161,,pending,,,,5
img_00001481,images/img_00001481.jpg,02_deepfirearm,deepfirearm,b8e4672d0055b0381bdbeeaf48279ec07f24df24e1cdae32ed1183ee36df241f,,pending,,,,5
img_00001482,images/img_00001482.jpg,02_deepfirearm,deepfirearm,26587e9afb66b4d386a68f5047b9bfa7069d0c34f6e0460ff5fbac533c2cc21c,,pending,,,,5
img_00001483,images/img_00001483.jpg,02_deepfirearm,deepfirearm,7b4604e1fb6eceb0c50525e315012b56d96a4e859a1b6847333faa9f96cefd12,,pending,,,,5
img_00001484,images/img_00001484.jpg,02_deepfirearm,deepfirearm,05c50caad6f5584af476cb93a32b1c47e56e237df7f79493cc4badbfd7daabe3,,pending,,,,5
img_00001485,images/img_00001485.jpg,02_deepfirearm,deepfirearm,0751f1417581480abeac661d34ebb6996fa3288bc3d69339ec8ddb473950e114,,pending,,,,5
img_00001486,images/img_00001486.jpg,02_deepfirearm,deepfirearm,f5bbb56ae19b34fe7490df5cce39c5ac246ce4931d8fd99488f19d695a614113,,pending,,,,5
img_00001487,images/img_00001487.jpg,02_deepfirearm,deepfirearm,fc6ce3173f0c561cf3228063ed72966196754f2709f66bcab64b15d8a9895f96,,pending,,,,5
img_00001488,images/img_00001488.jpg,02_deepfirearm,deepfirearm,7908551471ee6d1790078f792c795be64843aa27be7c1eabb682907af10bc746,,pending,,,,5
img_00001489,images/img_00001489.jpg,02_deepfirearm,deepfirearm,d26711ce3ac09a35cf01b259cd1165fba05ca470bc2baf23044d239fe267ce81,,pending,,,,5
img_00001490,images/img_00001490.jpg,02_deepfirearm,deepfirearm,9a0a329261f4d243c20874c529fa619cda2acadba43746bce3a51fb784b9f64c,,pending,,,,5
img_00001491,images/img_00001491.jpg,02_deepfirearm,deepfirearm,32e78c940ae0143f29829931841a809df67dec1b5e140717de215f2eb72c56ab,,pending,,,,5
img_00001492,images/img_00001492.jpg,02_deepfirearm,deepfirearm,343f4e3d02f79ffc0fa2c64af16f51df58c00e974a6f1a9f93a016373c047723,,pending,,,,5
img_00001493,images/img_00001493.jpg,02_deepfirearm,deepfirearm,644eab9e9bfeea084516d257f797188cff68b4b6c1d5d541be52748a6a006714,,pending,,,,5
img_00001494,images/img_00001494.jpg,02_deepfirearm,deepfirearm,e9cf0720adc9631b65411ecd3adf5d20766b091b0e2ff47a903298b5763d90e5,,pending,,,,5
img_00001495,images/img_00001495.jpg,02_deepfirearm,deepfirearm,d8fc806ad9f5d226647b3b3d32e21efd6e2822a3eb59d32c243416e6518c9940,,pending,,,,5
img_00001496,images/img_00001496.jpg,02_deepfirearm,deepfirearm,219f3890b3f23bed7383dee3b8bc31315a8ca010153862433445a3554c3d3bd6,,pending,,,,5
img_00001497,images/img_00001497.jpg,02_deepfirearm,deepfirearm,c7838025a522eb7860bb5c6c608c86948e0522584be4c035a7e29123f21da528,,pending,,,,5
img_00001498,images/img_00001498.jpg,02_deepfirearm,deepfirearm,849f3a7282aca2cd4d5ef5e9bbbdc566e87b298b3c84328ce45e77e169308d73,,pending,,,,5
img_00001499,images/img_00001499.jpg,02_deepfirearm,deepfirearm,38d6925c5c0973dc53f8087f292a6790791ec0e5a1a9ca8be1247251f66ece41,,pending,,,,5
img_00001500,images/img_00001500.jpg,02_deepfirearm,deepfirearm,10b5d7efc3d980b6edcd122176d76fd78436f52554ad80c00d931fcab196fb71,,pending,,,,5
img_00001501,images/img_00001501.jpg,02_deepfirearm,deepfirearm,5df0f5b14f906fbd0d8e67501be3eb3b91a117a61816bdadfc846af3714d455e,,pending,,,,5
img_00001502,images/img_00001502.jpg,02_deepfirearm,deepfirearm,006943292388625606e1c0d975f4372b034042f409e22d51c803eb87111f7ae3,,pending,,,,5
img_00001503,images/img_00001503.jpg,02_deepfirearm,deepfirearm,34acc27855e3e72a0c25de30f47294b78a984077a932317b064e8d082a7fc727,,pending,,,,5
img_00001504,images/img_00001504.jpg,02_deepfirearm,deepfirearm,87f716eff4f08e9f12eb281ad99e526a7346b31c08ed414f55e066e1ab69ed0c,,pending,,,,5
img_00001505,images/img_00001505.jpg,02_deepfirearm,deepfirearm,d961e4ccbafb277158827125218ed8dcb9ad51f1f65d1b5555ef837739084faf,,pending,,,,5
img_00001506,images/img_00001506.jpg,02_deepfirearm,deepfirearm,e75e46fd9b99ec12c71128f1de07d3266f978c5239bbbca291ff0dd2a1506ca4,,pending,,,,5
img_00001507,images/img_00001507.jpg,02_deepfirearm,deepfirearm,9c3647ea4354fb8610abfd1de331ebd653a013b693a7ab9c2afb99bc89a24940,,pending,,,,5
img_00001508,images/img_00001508.jpg,02_deepfirearm,deepfirearm,98e4122cba0929e6a35986d81c3c6e33dff49ba1ab2b28df8e23a69941e37371,,pending,,,,5
img_00001509,images/img_00001509.jpg,02_deepfirearm,deepfirearm,b4068d1bff3e3b920f1ed4c5a970d9030fb7f652c8e11b5d676ae8d49725a060,,pending,,,,5
img_00001510,images/img_00001510.jpg,02_deepfirearm,deepfirearm,2ab0918ac28751df9393412434216bd11e0b985903e93d4286455248c237eaf4,,pending,,,,5
img_00001511,images/img_00001511.jpg,02_deepfirearm,deepfirearm,d10ab237a2a47dc8ef67850910d1e7b8ce56758c26275e75142398ca5164a16d,,pending,,,,5
img_00001512,images/img_00001512.jpg,02_deepfirearm,deepfirearm,f68f88e5befd83cd60b54549c7f42c82346479fb709767f6acbda6671adc86c6,,pending,,,,5
img_00001513,images/img_00001513.jpg,02_deepfirearm,deepfirearm,bb7e0d788b6bb851ef7a68176ea01ac82bdf7fa97101be8e62471629c3c5f864,,pending,,,,5
img_00001514,images/img_00001514.jpg,02_deepfirearm,deepfirearm,f430510f685811c3f2e6f2fb1a3f181fa3ddaba6ea6b02bdc1e42e9159dcd956,,pending,,,,5
img_00001515,images/img_00001515.jpg,02_deepfirearm,deepfirearm,dcf86c2e9e075f5220f8a8852ae012ca4cb69ecb0fb2495c8aa69f4139384455,,pending,,,,5
img_00001516,images/img_00001516.jpg,02_deepfirearm,deepfirearm,67acdca124d752c3c29f2172350aac78652f45c3efce2db34fe2d66e06b9d724,,pending,,,,5
img_00001517,images/img_00001517.jpg,02_deepfirearm,deepfirearm,8031ae83b300dfba3146f8ee4d9d9d13f920948fbe2681ceba3a27bf0b090d48,,pending,,,,5
img_00001518,images/img_00001518.jpg,02_deepfirearm,deepfirearm,06500389ab1c027225a87135db71ab36622ee2a3e3e74d5912cb33a501134566,,pending,,,,5
img_00001519,images/img_00001519.jpg,02_deepfirearm,deepfirearm,1d3bf3963ef3b49750a271ed35a3e1f766df5efe612ccb868b8f52cbd4a507b5,,pending,,,,5
img_00001520,images/img_00001520.jpg,02_deepfirearm,deepfirearm,bae83e76ec6ce6c6f14b4dcd8889fe7a9bcccdb1d8d0f454d623d3ff2173ca87,,pending,,,,5
img_00001521,images/img_00001521.jpg,02_deepfirearm,deepfirearm,f3634edae5d8cf73fa9009f7a5f64651f19bd976272c914ce3c44207063a3b06,,pending,,,,5
img_00001522,images/img_00001522.jpg,02_deepfirearm,deepfirearm,c0369ec8b4cf65bd8dec75cd0338528e6c0d582fa77efb97fa751bb12a0a9425,,pending,,,,5
img_00001523,images/img_00001523.jpg,02_deepfirearm,deepfirearm,cc40120d7c1003208c463a805801e8f505a7d4492dbe46ddade31fb999a8ee7f,weapon,reviewed,,Lello,2026-04-22T09:21:33+00:00,5
img_00001524,images/img_00001524.jpg,02_deepfirearm,deepfirearm,feda94a6f414329e1e7c6bb8eac4384b70411d31d30f8af4191d55535485b958,weapon,reviewed,,Lello,2026-04-22T09:21:35+00:00,5
img_00001525,images/img_00001525.jpg,02_deepfirearm,deepfirearm,ab30fc855215d62e09a92e49ea1fb08cf108500d92cdd2b0af7c07283efb516a,weapon,reviewed,,Lello,2026-04-22T09:21:37+00:00,5
img_00001526,images/img_00001526.jpg,02_deepfirearm,deepfirearm,5ed437300724548e61b9784fd5f512f1fdcbd37f4e6a2cc9f13f02e92ac06454,,pending,,,,5
img_00001527,images/img_00001527.jpg,02_deepfirearm,deepfirearm,6feb1786bcd8d8943e41b0051b1ec9767223c612679e139cc8ccfd2aae934194,,pending,,,,5
img_00001528,images/img_00001528.jpg,02_deepfirearm,deepfirearm,632a232a25e5aff10a95244b9690cdd20092a07da19c87a8840fcecc95ac3682,,pending,,,,5
img_00001529,images/img_00001529.jpg,02_deepfirearm,deepfirearm,d8dae2ba35f5a2c22109b92c2986076c41384114b5b3eb230291f6d586c4a967,,pending,,,,5
img_00001530,images/img_00001530.jpg,02_deepfirearm,deepfirearm,a584af81978c396c05b4662cd91043cc183b571f41e4a341931a546dfbe17622,,pending,,,,5
img_00001531,images/img_00001531.jpg,02_deepfirearm,deepfirearm,9229e8b9d3bae4b273030262c03acd0b34a75e07ffefaaa126c512489d3eff18,,pending,,,,5
img_00001532,images/img_00001532.jpg,02_deepfirearm,deepfirearm,37dddd94a369e19544e52be806b6977a3fa88b31b2e7d61b9c9c4172ac9bf504,,pending,,,,5
img_00001533,images/img_00001533.jpg,02_deepfirearm,deepfirearm,ef0892b9866b9dec4529a657c0c72421161be2749273ff35e617217bdc098fed,,pending,,,,5
img_00001534,images/img_00001534.jpg,02_deepfirearm,deepfirearm,841e28c9d471a9d23e87b391140b2c11a0ef7e2086064b89ff84341638b9b37b,,pending,,,,5
img_00001535,images/img_00001535.jpg,02_deepfirearm,deepfirearm,29a3fdb3a3fec728f964d777fa9da3e698b27089e86fe6897ed71ed56d8dc11e,,pending,,,,5
img_00001536,images/img_00001536.jpg,02_deepfirearm,deepfirearm,a61669470f9b0efa2dbffcf5351cdc95a5c62f40193a53c0494e6440c629c9e4,,pending,,,,5
img_00001537,images/img_00001537.jpg,02_deepfirearm,deepfirearm,d32ffc150083853c3b2c931e3d90c2f8a938118ee3d7a12743694f6e65e2f3ec,,pending,,,,5
img_00001538,images/img_00001538.jpg,02_deepfirearm,deepfirearm,bedb1a3f217705b45da547da8523354df41db26ae94d3fc794caf65fb1dd419d,,pending,,,,5
img_00001539,images/img_00001539.jpg,02_deepfirearm,deepfirearm,1cde4b5227e9060a9a894643280775179855b4315f84ebd4e2b0b743f24b155c,,pending,,,,5
img_00001540,images/img_00001540.jpg,02_deepfirearm,deepfirearm,ee5ead221aeefe90ead28d21c96efc14254fed529870aa45163c2bd395df03c0,,pending,,,,5
img_00001541,images/img_00001541.jpg,02_deepfirearm,deepfirearm,e44e15b429f534497f5698cd079f467204fca7e4b29fd3bd50352a9325f1764b,,pending,,,,5
img_00001542,images/img_00001542.jpg,02_deepfirearm,deepfirearm,d1a3739b83b27c24dd721d97fa38a80e1b3d1fe6afb2cac1998d60e28e8aada1,,pending,,,,5
img_00001543,images/img_00001543.jpg,02_deepfirearm,deepfirearm,954f755c56b9c3ca00fe7981ac4255b84b7e489c03eac35d0123483f956d659d,,pending,,,,5
img_00001544,images/img_00001544.jpg,02_deepfirearm,deepfirearm,5f2108362e6fb9496977f085201ff7d6ce34f10ad6da88420f0feeb8ee352729,,pending,,,,5
img_00001545,images/img_00001545.jpg,02_deepfirearm,deepfirearm,a35f7ce22420b8da22eb48798fce3b0de9481a01be641f33ffc72e2ccace9e58,,pending,,,,5
img_00001546,images/img_00001546.jpg,02_deepfirearm,deepfirearm,5d4a64b27d180f73a480ab7a574be2c8693f81adf2f94065671a042fad5b1c04,,pending,,,,5
img_00001547,images/img_00001547.jpg,02_deepfirearm,deepfirearm,16ea4649b678e94bb028c32e325d8db516489b7d8690c12a3a710b238410d3fe,,pending,,,,5
img_00001548,images/img_00001548.jpg,02_deepfirearm,deepfirearm,46e9e8a77ec2276d617812e474a3a0daa60c7501f0f6b0a1a7981aa3e0ddf38f,,pending,,,,5
img_00001549,images/img_00001549.jpg,02_deepfirearm,deepfirearm,90168abf6001ae01273363ce8b3053e969ad3e9555a696603c156cc227f4d2f6,,pending,,,,5
img_00001550,images/img_00001550.jpg,02_deepfirearm,deepfirearm,bdfb5fc416b1452551b9eba124624ceac6e143a354410111d24ddf7d3e3acaa5,,pending,,,,5
img_00001551,images/img_00001551.jpg,02_deepfirearm,deepfirearm,a0afc6f1cbbb7c815671e653e3e249df6d357069bd92730537f5a1cf14a7ce2a,,pending,,,,5
img_00001552,images/img_00001552.jpg,02_deepfirearm,deepfirearm,55ba5df4530637b386b7f054c73459a7227a062e32b1162077059722d18499de,,pending,,,,5
img_00001553,images/img_00001553.jpg,02_deepfirearm,deepfirearm,d40ecf0d095af83c376dd63775c8feca54957d702734d011e3f639ce50543625,,pending,,,,5
img_00001554,images/img_00001554.jpg,02_deepfirearm,deepfirearm,12634010025b687a3f9d27a6e099f5b272cc655f29d84a70d6b139b04cadae31,,pending,,,,5
img_00001555,images/img_00001555.jpg,02_deepfirearm,deepfirearm,c1f9f6fbee531d2737f8d605a7dd61fc140531bf6b707b300e7ba8a5886f2d4c,,pending,,,,5
img_00001556,images/img_00001556.jpg,02_deepfirearm,deepfirearm,cd2f475e8a19d6b012979257a05f24775de1c0f0985cc318f8691d06edefebbf,,pending,,,,5
img_00001557,images/img_00001557.jpg,02_deepfirearm,deepfirearm,d957924ced8f33a931bd0a772fa0a6652b323fa992bcc1c074000f9f64b9347c,,pending,,,,5
img_00001558,images/img_00001558.jpg,02_deepfirearm,deepfirearm,1546923750f6a7f4e6a2989fadf777f0cc462cb0ffdb0a84e1cd83a974e9df17,,pending,,,,5
img_00001559,images/img_00001559.jpg,02_deepfirearm,deepfirearm,492583a5258f88000e9e89e78f6e0a9e298c0da2251cd40a6c65ff0a4963faaf,,pending,,,,5
img_00001560,images/img_00001560.jpg,02_deepfirearm,deepfirearm,d5902329efb40075664a9593131965091242c80b78327977d7d86480fb824b15,,pending,,,,5
img_00001561,images/img_00001561.jpg,02_deepfirearm,deepfirearm,7e003074d986429f5eb8ed656de755803ae18f5557c6f3a713c96f3952463427,,pending,,,,5
img_00001562,images/img_00001562.jpg,02_deepfirearm,deepfirearm,2badec784ad5604af906423633881ea0de6ae4a363c09948bdefa5910e0463b8,,pending,,,,5
img_00001563,images/img_00001563.jpg,02_deepfirearm,deepfirearm,75aba14549f2ccf15bbb4774a7d9eb241b3093564a53c9f17a8993482c16d742,,pending,,,,5
img_00001564,images/img_00001564.jpg,02_deepfirearm,deepfirearm,100a0b42f208d34af4f025bddbbc4f90f15ba44b6399d80d83964139cfe110ec,,pending,,,,5
img_00001565,images/img_00001565.jpg,02_deepfirearm,deepfirearm,3fe77d1c88e228ff0c5a7efb5d60a0184a5f6acafa70b2174df191109af135bc,,pending,,,,5
img_00001566,images/img_00001566.jpg,02_deepfirearm,deepfirearm,da7a50d8bd6df847b3701215519343eaf20bfee707b94c23effc8d55bb5a612b,,pending,,,,5
img_00001567,images/img_00001567.jpg,02_deepfirearm,deepfirearm,22d00a938970edf329c8d17a04205850b945ea74bf05b04891162a7443702820,,pending,,,,5
img_00001568,images/img_00001568.jpg,02_deepfirearm,deepfirearm,58892600f72ced62bb74667b3c001b3d96dc54911600a68a527a9aa07d424a42,,pending,,,,5
img_00001569,images/img_00001569.jpg,02_deepfirearm,deepfirearm,a9cf3f66e4edb586c3aedb9f1673a64e9b7b474d2264b8cf965d5bd66c1ff128,,pending,,,,5
img_00001570,images/img_00001570.jpg,02_deepfirearm,deepfirearm,65deef563170250782cc6f44adbd7b00e1f1b7ac36b7d0370f6bad8ee5ec91e8,,pending,,,,5
img_00001571,images/img_00001571.jpg,02_deepfirearm,deepfirearm,c956d77249cd87fd63000626badbb466501ca9b2a82f3d242d4e690bf48fc8fa,,pending,,,,5
img_00001572,images/img_00001572.jpg,02_deepfirearm,deepfirearm,3f87307d620f55c8b2202416f0813ce82a4bb3f6f9daef964daca5331ebae5ad,,pending,,,,5
img_00001573,images/img_00001573.jpg,02_deepfirearm,deepfirearm,7f0d520f7eccbb4c40b2be8d3682cbc661e30f213f813ef52f3bc8150bd7835e,,pending,,,,5
img_00001574,images/img_00001574.jpg,02_deepfirearm,deepfirearm,c58e742d0119742d8dd0d26238f7eab81b19b3da49ebed5c4dd74ded4451449d,,pending,,,,5
img_00001575,images/img_00001575.jpg,02_deepfirearm,deepfirearm,f86433a8a6452ab20027448356910aaf4e6f52296f75456452f14fbda21bc060,,pending,,,,5
img_00001576,images/img_00001576.jpg,02_deepfirearm,deepfirearm,7592a09ca66435b6b16d31d7f9605d8ef095e61b64dfb1eb74fb297da8c1dd89,,pending,,,,5
img_00001577,images/img_00001577.jpg,02_deepfirearm,deepfirearm,2652b8cfbaa2613031c181f913088563e5120bcbd5d17a08deb9717a8bff61c7,,pending,,,,5
img_00001578,images/img_00001578.jpg,02_deepfirearm,deepfirearm,78cb202d0c158977289382854d24143b2f08a8d8ac76afe645842f58461ed1a7,,pending,,,,5
img_00001579,images/img_00001579.jpg,02_deepfirearm,deepfirearm,400cfdbd0c85e4a703a46f8b56914195738cebba467172dfd4fd5575bf8a8a88,,pending,,,,5
img_00001580,images/img_00001580.jpg,02_deepfirearm,deepfirearm,63d88e8a6aae2e56c33c0952e7643a8391df15088b23f5c54805a8dc331cacde,,pending,,,,5
img_00001581,images/img_00001581.jpg,02_deepfirearm,deepfirearm,e66e7250111989435089ab41e7a05eab3c93bd2c1a456de9bfa19e5958db6129,,pending,,,,5
img_00001582,images/img_00001582.jpg,02_deepfirearm,deepfirearm,b48ae98b07a6580add7a5dde1aea038fc18967fbe57786d431b3f75bc7ac1f01,,pending,,,,5
img_00001583,images/img_00001583.jpg,02_deepfirearm,deepfirearm,30666e5e206d905955fcf10a1e3dcececc0a6e6e8652c23666861a434eca5de1,,pending,,,,5
img_00001584,images/img_00001584.jpg,02_deepfirearm,deepfirearm,56741f45bdf92a3a22a5a5ccafa009a151028bba746efa881f736d56bc20edc3,,pending,,,,5
img_00001585,images/img_00001585.jpg,02_deepfirearm,deepfirearm,7b7f7da092e62cb8cc799f6a0abf2dd7a2bcf37fe0e24153d832203d06fc539a,,pending,,,,5
img_00001586,images/img_00001586.jpg,02_deepfirearm,deepfirearm,5b5f4b4da054f9f601d25fb4df77a12e661aff3ff462080886b653629dc47926,,pending,,,,5
img_00001587,images/img_00001587.jpg,02_deepfirearm,deepfirearm,dd4f6f0fa75b797ebaf7ce05e6ff5a73e6c039f4f2c5845347e79d979e2e1513,,pending,,,,5
img_00001588,images/img_00001588.jpg,02_deepfirearm,deepfirearm,fcbb51310363ec473f6ff5a24b8ecaa3cb5c2f5a988304127393bc9a816b3af3,,pending,,,,5
img_00001589,images/img_00001589.jpg,02_deepfirearm,deepfirearm,44f2ae88a5699057e564ea256f973df5fdf1dc1118ade6f82ca972c6042dad60,,pending,,,,5
img_00001590,images/img_00001590.jpg,02_deepfirearm,deepfirearm,fbee110af57e088df8377b671ef3285b7b1be7cbb0d58f9e6ebaa997b4abd959,,pending,,,,5
img_00001591,images/img_00001591.jpg,02_deepfirearm,deepfirearm,992e095d3e434d6e15827dc5de377448245fcd8015f59436031fdfc82f9110fe,,pending,,,,5
img_00001592,images/img_00001592.jpg,02_deepfirearm,deepfirearm,857748e93a8abf423150eb2e1c3649869f720a304b0c2d9a877d8567429a590e,,pending,,,,5
img_00001593,images/img_00001593.jpg,02_deepfirearm,deepfirearm,a774194f2769bf617b88489322da0ff2c5d9dc6a3a29454037a49234145cbca1,,pending,,,,5
img_00001594,images/img_00001594.jpg,02_deepfirearm,deepfirearm,513152cf9098afac7de392f8fdd050ec0bfd98950115236a5c3b47ba02510993,,pending,,,,5
img_00001595,images/img_00001595.jpg,02_deepfirearm,deepfirearm,a7031e5fb402c2504399192c4be1e71fa0456323152436e2b29d29bff93d3686,,pending,,,,5
img_00001596,images/img_00001596.jpg,02_deepfirearm,deepfirearm,d08caf49ec654c10c26c6bf1d298f8bcab9dffdabdc05731dad2ac344e95a351,,pending,,,,5
img_00001597,images/img_00001597.jpg,02_deepfirearm,deepfirearm,d3b686006a73a63351b65b6798dc17d3bb4e47b9f2eb65016fba0561429094ca,,pending,,,,5
img_00001598,images/img_00001598.jpg,02_deepfirearm,deepfirearm,aed3b4c8f1e73c9e434410891c8f81ff22702ebb58bc1bd329945b5edd330427,,pending,,,,5
img_00001599,images/img_00001599.jpg,02_deepfirearm,deepfirearm,132d2b8fde983f1dcef26e66403bf143cdc6422695692486bf0d50c4425b4c32,,pending,,,,5
img_00001600,images/img_00001600.jpg,02_deepfirearm,deepfirearm,c109b62e32b72c64435ef5e919617759502125ccf0c60d429f41e3552445bf6b,,pending,,,,5
img_00001601,images/img_00001601.jpg,02_deepfirearm,deepfirearm,6fad6769311bd4c42046b1d7df86ae8bb434db5ede76b583f2acf572220707a5,,pending,,,,5
img_00001602,images/img_00001602.jpg,02_deepfirearm,deepfirearm,b5f6ae05405ad79addb8ef634efc206920f2296ca5081b8e0df6e865196cc36a,,pending,,,,5
img_00001603,images/img_00001603.jpg,02_deepfirearm,deepfirearm,c046b7f91e1cb9da8874422f991556623110d1f1393539625c70104514ff9d1b,,pending,,,,5
img_00001604,images/img_00001604.jpg,02_deepfirearm,deepfirearm,f0ff068f6e8432ee5f1bf63e847c1016bfea1b3f01161ef526d3fa7d379ce27b,,pending,,,,5
img_00001605,images/img_00001605.jpg,02_deepfirearm,deepfirearm,eb9e7b900429317ad8676fed5fa3358c5c26ac106256f7a7bb713d37c828687e,,pending,,,,5
img_00001606,images/img_00001606.jpg,02_deepfirearm,deepfirearm,7ce69244f0f2903599ba059226ac8c83ec9105c8c55cfc4e41458eb1e9978886,,pending,,,,5
img_00001607,images/img_00001607.jpg,02_deepfirearm,deepfirearm,99c2cba3f1693bbb2dad29d5bafbeaa64c601089062ed214b57d7a67cd3741f7,,pending,,,,5
img_00001608,images/img_00001608.jpg,02_deepfirearm,deepfirearm,bdbbe276222f98940d515dffc969010b3b1958b0c7c2ab1fef2ad351b45154db,,pending,,,,5
img_00001609,images/img_00001609.jpg,02_deepfirearm,deepfirearm,7bf990b5a9295f7910c060d1707fff4285c1bcab97ce752e35356123137cc9d8,,pending,,,,5
img_00001610,images/img_00001610.jpg,02_deepfirearm,deepfirearm,dcf50279e65d48f569c8d618e53ccc42450bea0d0a692f224fd11b16685e92d7,,pending,,,,5
img_00001611,images/img_00001611.jpg,02_deepfirearm,deepfirearm,ffed9733c57fbafe8fa91a235fcc9c62533261dfd18d87d2be85fd24283ada41,,pending,,,,5
img_00001612,images/img_00001612.jpg,02_deepfirearm,deepfirearm,10b99cf72bf6ff7939c3becc0582d0e7e72c4fd1e69902bc516c714f7964c2d5,,pending,,,,5
img_00001613,images/img_00001613.jpg,02_deepfirearm,deepfirearm,033cab687463700797c59a10a11b6e53957a21fb6eb7a712821396fe7df4c142,,pending,,,,5
img_00001614,images/img_00001614.jpg,02_deepfirearm,deepfirearm,8020a0f3a127ca75621f5a1d1c9caba54019cf8a3959670ad2e314c5271db4cd,,pending,,,,5
img_00001615,images/img_00001615.jpg,02_deepfirearm,deepfirearm,2417cf828904d863163d77b43accddb90e02a5c7486607f569d3b330d66f6379,,pending,,,,5
img_00001616,images/img_00001616.jpg,02_deepfirearm,deepfirearm,ea19e2f851e9505ccc3d7a54271179553fe345ef79233b8832986f4906e47234,,pending,,,,5
img_00001617,images/img_00001617.jpg,02_deepfirearm,deepfirearm,e93fbaf9e06dd615ac20e8fec049fd035de0ab3f622c55d668f9b4116b6120f5,,pending,,,,5
img_00001618,images/img_00001618.jpg,02_deepfirearm,deepfirearm,9d3a9eebedaa99add2509d5a0a52e7ac8ba94d56bf39aecbf4800417948590a2,,pending,,,,5
img_00001619,images/img_00001619.jpg,02_deepfirearm,deepfirearm,5fe09b99f5950a5f957c1a6bf554164e85c1a4872bc703b1cbf6e2f6d2e2d26d,,pending,,,,5
img_00001620,images/img_00001620.jpg,02_deepfirearm,deepfirearm,bd58df9fea49ae9b71cf8e3e3ae12abfdcb6251b5f4cfd06012869d2210afd4f,,pending,,,,5
img_00001621,images/img_00001621.jpg,02_deepfirearm,deepfirearm,b3f0283790675d303ea59f85b86eb75fec8f0ba13e4cc0b4681ef03c64e8c507,,pending,,,,5
img_00001622,images/img_00001622.jpg,02_deepfirearm,deepfirearm,17fdc905f0fbe761813628a226d68b78ec7249a7fcd297c8cc2fc337ffcc4c83,,pending,,,,5
img_00001623,images/img_00001623.jpg,02_deepfirearm,deepfirearm,29173763a6c4ec8e68fb62296e18d59664edfc27fc2b0321bafb5dc721652fcf,,pending,,,,5
img_00001624,images/img_00001624.jpg,02_deepfirearm,deepfirearm,88711deabe364644abcfa363cb4f0f71c3b8a5f8fa28e5020caa3e8959e35615,,pending,,,,5
img_00001625,images/img_00001625.jpg,02_deepfirearm,deepfirearm,8e5f0fdf23eb62c58edf23a240dbc86f561230f3daeb05938da21a398effb7a6,,pending,,,,5
img_00001626,images/img_00001626.jpg,02_deepfirearm,deepfirearm,cb077337e8e9e0f01a27529935302349d7125634c7a07ad13af2683317e8f672,,pending,,,,5
img_00001627,images/img_00001627.jpg,02_deepfirearm,deepfirearm,022d1916d192481cfbee4e3f22cf1098bd093d13879d04c560d79128f066ee45,,pending,,,,5
img_00001628,images/img_00001628.jpg,02_deepfirearm,deepfirearm,9acb2a077bfce0436de716e42419808421541248abaeb15fa76ae82d6ee8b892,,pending,,,,5
img_00001629,images/img_00001629.jpg,02_deepfirearm,deepfirearm,5df209ae1506ef3e71b643a9a4695ecccde8278732652776a309c0a655dc38b3,,pending,,,,5
img_00001630,images/img_00001630.jpg,02_deepfirearm,deepfirearm,f428e76a85415b10fc25df68a8ea57431d5ffd16882f04d3ab3725b037650312,,pending,,,,5
img_00001631,images/img_00001631.jpg,02_deepfirearm,deepfirearm,ae98072421a97ae38d7af53388614d6e044b2071cce636993d3c8d434e47febe,,pending,,,,5
img_00001632,images/img_00001632.jpg,02_deepfirearm,deepfirearm,5c76a31e197f1c7a4d5fedb65ba153acb666ff932e26e4f655aef89b666c4174,,pending,,,,5
img_00001633,images/img_00001633.jpg,02_deepfirearm,deepfirearm,f92f438dab77d80dce2ded4f8b698ae9812d9e14aa57bfc90562237e67e8a7f0,,pending,,,,5
img_00001634,images/img_00001634.jpg,02_deepfirearm,deepfirearm,a3e2a5deae32e28a0c4818cd7e14982f701a8f7c81b13abfaea0cf539ca5a60e,,pending,,,,5
img_00001635,images/img_00001635.jpg,02_deepfirearm,deepfirearm,9f54c37fbac74d42243af031bc63d71c59b706f2beadc457d02238400bd7e30f,,pending,,,,5
img_00001636,images/img_00001636.jpg,02_deepfirearm,deepfirearm,fb4e22175879825db849aae00341269174b50b294cd71a0aac07cac5026315c8,,pending,,,,5
img_00001637,images/img_00001637.jpg,02_deepfirearm,deepfirearm,c94095cf96c653a12d286ba283d564ebdc521ab630e54c613745dd43eaadce42,,pending,,,,5
img_00001638,images/img_00001638.jpg,02_deepfirearm,deepfirearm,cea92f5cbb3b126feba4d692126a78805066b6ab7a4fc3572f63b133dfeba293,,pending,,,,5
img_00001639,images/img_00001639.jpg,02_deepfirearm,deepfirearm,95f69c4832c66b7ef32364e94a43e51f90295027847f66f123a55fa87dda8a3a,,pending,,,,5
img_00001640,images/img_00001640.jpg,02_deepfirearm,deepfirearm,faf9bed0e452350a3015f45b9591e71ac276a508f11cce88c65f422d5bd69504,,pending,,,,5
img_00001641,images/img_00001641.jpg,02_deepfirearm,deepfirearm,39eb69ecb2a4da40e26472f5d878c62b449b785a75ff080c1c9c7504b8e16ade,,pending,,,,5
img_00001642,images/img_00001642.jpg,02_deepfirearm,deepfirearm,148d66724468e57b3ba96c1be1cfbb84e7d9c53182a2ff88d4220a4ec5c63960,,pending,,,,5
img_00001643,images/img_00001643.jpg,02_deepfirearm,deepfirearm,d30a4fcffdd298679c081e00d410d0fb4fe415e8c8337977918a4656f4a11559,,pending,,,,5
img_00001644,images/img_00001644.jpg,02_deepfirearm,deepfirearm,0fcf496cc9e14de1bebdc3617d8b06f103854b46c0bacd1aa74930d5ba33375e,,pending,,,,5
img_00001645,images/img_00001645.jpg,02_deepfirearm,deepfirearm,0f13a5a3ae1121df2eaa241ed61b59290ff0f8120eb7ac14d28126d75baecdb3,,pending,,,,5
img_00001646,images/img_00001646.jpg,02_deepfirearm,deepfirearm,60d7d97a0fdaa890c9e96ead57b0adb3521bd0c0731f14cc21efb430ae35b084,,pending,,,,5
img_00001647,images/img_00001647.jpg,02_deepfirearm,deepfirearm,096423928009f22756da36323915df9b9074b65561ac0cb1a96479be0bfe639a,,pending,,,,5
img_00001648,images/img_00001648.jpg,02_deepfirearm,deepfirearm,289ebe2b66aa1dc7f26558daa2e4590918407210f4976b6fbc30a947081b4391,,pending,,,,5
img_00001649,images/img_00001649.jpg,02_deepfirearm,deepfirearm,54f431d6c2b4feb3e176570d85202e8ea308b38ca6d168a0b2070f600a69403d,,pending,,,,5
img_00001650,images/img_00001650.jpg,02_deepfirearm,deepfirearm,e910455da01520ae89151a18fc5d71f2def3a83d1a9fbc16a11798bea97f58f9,,pending,,,,5
img_00001651,images/img_00001651.jpg,02_deepfirearm,deepfirearm,e89a610c8c486238b87e75310bb3d51b8f0b27ffb25721a932f49250f5fcfd28,,pending,,,,5
img_00001652,images/img_00001652.jpg,02_deepfirearm,deepfirearm,7790731aa2e3889bf039b8c3a43ef7ce41c46a26ac1b33f02aadd42e58568edb,,pending,,,,5
img_00001653,images/img_00001653.jpg,02_deepfirearm,deepfirearm,716d2295a92edd412bf2d679060d51e22e47a9294e60846a5e4b6d72f0270987,,pending,,,,5
img_00001654,images/img_00001654.jpg,02_deepfirearm,deepfirearm,c50e163af6686df461fa01bb15953975e4cc532ff1b8c83015b63ddbdbb043df,,pending,,,,5
img_00001655,images/img_00001655.jpg,02_deepfirearm,deepfirearm,968ddba188aad3f9d10c19bfdc35f48f08e5d9be9ba417f1d75240f26f22fc27,,pending,,,,5
img_00001656,images/img_00001656.jpg,02_deepfirearm,deepfirearm,dacae4287f853e7103f28d426aae20f8bd1854661366fde68ad603dcc1ac9c78,,pending,,,,5
img_00001657,images/img_00001657.jpg,02_deepfirearm,deepfirearm,06d8e5d640009275f1ed49555d6e53479c7a335ee41354f567cbc46b4f5c4a8a,,pending,,,,5
img_00001658,images/img_00001658.jpg,02_deepfirearm,deepfirearm,098b124fbcfbca5f3483fb28b814b2b331a4cd100d629fc1a6d1ff889153eb67,,pending,,,,5
img_00001659,images/img_00001659.jpg,02_deepfirearm,deepfirearm,a40eb0161a932477e8223795d776a82d60c65090c25e715130e8e233c029e30c,,pending,,,,5
img_00001660,images/img_00001660.jpg,02_deepfirearm,deepfirearm,184ad257d3324c9a8a6b0b267a09c4ad4a2567949e93320206ca83f9e32ad1d1,,pending,,,,5
img_00001661,images/img_00001661.jpg,02_deepfirearm,deepfirearm,2273747347ebd530c8ea33329ed87282f5a5163cbd311a26d01ca39a9f68e303,,pending,,,,5
img_00001662,images/img_00001662.jpg,02_deepfirearm,deepfirearm,b5dca1619a0c8ac91a2ad94009d6f1e3ba091aeca94b846421b78745fe293afd,,pending,,,,5
img_00001663,images/img_00001663.jpg,02_deepfirearm,deepfirearm,478c6965024870b9cbbaaa6f42332cf7eb39d58132f4843c4e19a231caf5b4e5,,pending,,,,5
img_00001664,images/img_00001664.jpg,02_deepfirearm,deepfirearm,1daf00c04149a139feb39c72c1d3e2ecd7961ff6894ffff83f6effcb99f1042d,,pending,,,,5
img_00001665,images/img_00001665.jpg,02_deepfirearm,deepfirearm,de88c5b92ac4b749fe5dee24d1cc7cdde5880fc691e3f19d40827c6aaf204635,,pending,,,,5
img_00001666,images/img_00001666.jpg,02_deepfirearm,deepfirearm,df92e7812fc9fd1d4d1b8640e74999e875bb8da20fc4777f382888fb51d2b46e,,pending,,,,5
img_00001667,images/img_00001667.jpg,02_deepfirearm,deepfirearm,adc94a0890983c4cbb673207703a5ee0376417ad1d81f69d55dcb5486378d4a4,,pending,,,,5
img_00001668,images/img_00001668.jpg,02_deepfirearm,deepfirearm,fcf08ded5082707ee26f2a80a0accdf60b9798ba94a6086c877baf56aada1362,,pending,,,,5
img_00001669,images/img_00001669.jpg,02_deepfirearm,deepfirearm,f337804b257224cd9fc6b87c3e2efeba6719bba728e9c95b91cab240c91806ca,,pending,,,,5
img_00001670,images/img_00001670.jpg,02_deepfirearm,deepfirearm,d6e7dc4edf6a6ce266d2899a9e977822230b38e7c523d2cf66a733bfde9935b8,,pending,,,,5
img_00001671,images/img_00001671.jpg,02_deepfirearm,deepfirearm,b87a0d103076f5b6bc3f6fa7d25af2305a465cb8f985bd3aaac803d63be2b896,,pending,,,,5
img_00001672,images/img_00001672.jpg,02_deepfirearm,deepfirearm,91a2c4355f5a299cb199d56e41912f5200039a27800414365d090b1cec0975a6,,pending,,,,5
img_00001673,images/img_00001673.jpg,02_deepfirearm,deepfirearm,10e068bd6a0a6db9d9b27585a88450eaf4bff02f59af5156896800d907c2bcb8,,pending,,,,5
img_00001674,images/img_00001674.jpg,02_deepfirearm,deepfirearm,3c0702857b33a76e2a9825b78b6ac098d14a1c8ea280ea0deb0ff16ce77ad9ee,,pending,,,,5
img_00001675,images/img_00001675.jpg,02_deepfirearm,deepfirearm,de2d1947b7a89c5a9bb4bb9d76b36e0d02be4eb5e9e4856bde99a3279b9f34ab,,pending,,,,5
img_00001676,images/img_00001676.jpg,02_deepfirearm,deepfirearm,baf8aef5e241e0e0df2ee404f11d52e2f70b06a344ae2e9f68a0c5bce81bf8f9,,pending,,,,5
img_00001677,images/img_00001677.jpg,02_deepfirearm,deepfirearm,1ef988fc3e98fccaa28660663d3fc0b3c97ae90c43f57d8e59ee3d455b6256e1,,pending,,,,5
img_00001678,images/img_00001678.jpg,02_deepfirearm,deepfirearm,9c6a7e9fdb605bffc7146f18d899e88b74792dd8b6d5484c640ba8ce68ce06cd,,pending,,,,5
img_00001679,images/img_00001679.jpg,02_deepfirearm,deepfirearm,150aa27d4fcea0f7b2cf4917512fa5668afe5de029839be5d795467191ab57ac,,pending,,,,5
img_00001680,images/img_00001680.jpg,02_deepfirearm,deepfirearm,4fdbf5569a99110925b188495c438e0ac322dd1467ee3bc66e72288577dbf500,,pending,,,,5
img_00001681,images/img_00001681.jpg,02_deepfirearm,deepfirearm,d394ee11e49103f1db7e2d2eae840098ddd1597dd0a38c5ec1ee19b8fa40d05b,,pending,,,,5
img_00001682,images/img_00001682.jpg,02_deepfirearm,deepfirearm,3b7b78df813c1e514716f908930dd33672a3c0b05adcc9d48271e1e6dc28b48f,,pending,,,,5
img_00001683,images/img_00001683.jpg,02_deepfirearm,deepfirearm,e244fe32de00314368eaf38c6058d1dac5321f88769f5a55ddf16c6e8c3e7d5a,,pending,,,,5
img_00001684,images/img_00001684.jpg,02_deepfirearm,deepfirearm,ea58b5e487504ca97cd0d5ef31e1ccf154af09843691add2c8347512128f447c,,pending,,,,5
img_00001685,images/img_00001685.jpg,02_deepfirearm,deepfirearm,c38d540fcd414e1909d598c3ebc8290aab436e0ee73a25266659f95eea809518,,pending,,,,5
img_00001686,images/img_00001686.jpg,02_deepfirearm,deepfirearm,200b0fc91506ab264f9d5f0e47f0ec947348bb17a24049ac2bc70b4fd88052c0,,pending,,,,5
img_00001687,images/img_00001687.jpg,02_deepfirearm,deepfirearm,01007c64e2b4423166ca1e56a0479b103b2d1bfa9442532f4ff1f128dfe5e88c,,pending,,,,5
img_00001688,images/img_00001688.jpg,02_deepfirearm,deepfirearm,a2ac59c7e512b6c94241d6390199451ffd6bb297d2e463dd717a8a47d356bf50,,pending,,,,5
img_00001689,images/img_00001689.jpg,02_deepfirearm,deepfirearm,0be5ae843940278d6aa7de07e356a78cb5bd21ccd0983197aebd65d720371488,,pending,,,,5
img_00001690,images/img_00001690.jpg,02_deepfirearm,deepfirearm,8240f0b9a9f428b5a67a89514ff81f19a88c3b9427ff767e084965c2d22f8500,,pending,,,,5
img_00001691,images/img_00001691.jpg,02_deepfirearm,deepfirearm,e31f8b83955617f94db433804ae451f3ad66718b8d9d6222430cb7e035d20b67,,pending,,,,5
img_00001692,images/img_00001692.jpg,02_deepfirearm,deepfirearm,1effe9741224e4d7d1e914c7d19b15b0a4ed07e3d14f54f5ed9377353932120d,,pending,,,,5
img_00001693,images/img_00001693.jpg,02_deepfirearm,deepfirearm,19faf710b968a1d94179200b864b211e807c0a50a2c0f1b600b611ae4f0dd2fb,,pending,,,,5
img_00001694,images/img_00001694.jpg,02_deepfirearm,deepfirearm,0b2803247f1cb7f98f68a72c4eec05c3109bbb892fbf7041764a133ca7929156,,pending,,,,5
img_00001695,images/img_00001695.jpg,02_deepfirearm,deepfirearm,d5c47b7135450439eefef36ce83b8a5140399f4b5e0a9b2477379f9a51433129,,pending,,,,5
img_00001696,images/img_00001696.jpg,02_deepfirearm,deepfirearm,c576df71e9596a88e651bca75eb6fe2c7560d1b3fed198c7ad847cead66b1cb1,,pending,,,,5
img_00001697,images/img_00001697.jpg,02_deepfirearm,deepfirearm,70180c9d94cbc682a29f32159244e2499e6d539a789882a4b7ab394053f779d9,,pending,,,,5
img_00001698,images/img_00001698.jpg,02_deepfirearm,deepfirearm,e9017228a64f9acb9ea89820c5adbb4af457a9302148862d9b99b49f2150d57a,,pending,,,,5
img_00001699,images/img_00001699.jpg,02_deepfirearm,deepfirearm,77c1de2d47d4a30cc5c77f025918de536a993e28aae501d08ddad28464128378,,pending,,,,5
img_00001700,images/img_00001700.jpg,02_deepfirearm,deepfirearm,6b3adb35a73835d200c629eb2a3f1ec4731ba1b10c6309a4d50a3dbefa06258e,,pending,,,,5
img_00001701,images/img_00001701.jpg,02_deepfirearm,deepfirearm,a826f9232d848027bbdf70fa3aecc812126cdfdf95f4420771c6f7e160a02fad,,pending,,,,5
img_00001702,images/img_00001702.jpg,02_deepfirearm,deepfirearm,127a571b17ac8521f28030e618ff46821891d3184a226ef45064c0b4bab70f72,,pending,,,,5
img_00001703,images/img_00001703.jpg,02_deepfirearm,deepfirearm,6cc49ede03566ecf7cd039cfc71c9a6e2712387e6c4e6013223385a93e6191fd,,pending,,,,5
img_00001704,images/img_00001704.jpg,02_deepfirearm,deepfirearm,6543024dfa9a961801af891d49a6c7b32de09f0ff08cb1ff0bdd0a1e3de1fdcd,,pending,,,,5
img_00001705,images/img_00001705.jpg,02_deepfirearm,deepfirearm,8f5bba390a793cde700d3feab471ac5ddd7b764d3ae9a9c50c9916a7db793ee9,,pending,,,,5
img_00001706,images/img_00001706.jpg,02_deepfirearm,deepfirearm,43396549bbdc684e15f235625c6d797a8a723dbd7ae5dc60334473b7ca8c9326,,pending,,,,5
img_00001707,images/img_00001707.jpg,02_deepfirearm,deepfirearm,11c257bf6f7cb67e631e4c37ba367eb020824c39a942ec793f62e8964980318b,,pending,,,,5
img_00001708,images/img_00001708.jpg,02_deepfirearm,deepfirearm,a2816ff7aad21825f8de5bb9aa431204c92e466ed1b3772526b93e2478731672,,pending,,,,5
img_00001709,images/img_00001709.jpg,02_deepfirearm,deepfirearm,7bae3bbed9e15fb80f23a459c70054177fe0ece602340fa9fa3a0d20a54ab3cd,,pending,,,,5
img_00001710,images/img_00001710.jpg,02_deepfirearm,deepfirearm,1c1b0fb34b8b569e709b11f8d8c98972bc07aa6958a30319c9b1baaf01a0f2a9,,pending,,,,5
img_00001711,images/img_00001711.jpg,02_deepfirearm,deepfirearm,fef5a3d54945fe05909134b211cba69615f6a583ccbee99bd5e21e850f46b74c,,pending,,,,5
img_00001712,images/img_00001712.jpg,02_deepfirearm,deepfirearm,1251365dcdb584202077ad487eeb9fdb3dcb9c0ceadf23746d0a224fc2ad461f,,pending,,,,5
img_00001713,images/img_00001713.jpg,02_deepfirearm,deepfirearm,96cafb04ab1a18df94e3b157ae027c7d68044114bbb9177246944126ddaf3993,,pending,,,,5
img_00001714,images/img_00001714.jpg,02_deepfirearm,deepfirearm,62b656e1901f5def50b19cd6dac7dc26de527b3502fad37d348caa5784bfe7a6,,pending,,,,5
img_00001715,images/img_00001715.jpg,02_deepfirearm,deepfirearm,12389086666f5786e7600e6edc7a4c7935e0e8f9ca47ef690a060418e00bfd75,,pending,,,,5
img_00001716,images/img_00001716.jpg,02_deepfirearm,deepfirearm,d252353f09dab16e95b1925565e4f5cee78cbbadb242212b08427729de232334,,pending,,,,5
img_00001717,images/img_00001717.jpg,02_deepfirearm,deepfirearm,d0b0d16fccaf26779d8a93adaf2cb1ddd57eb0cbc81316c87e6b51f1f68827b4,,pending,,,,5
img_00001718,images/img_00001718.jpg,02_deepfirearm,deepfirearm,f28b5a7c03744b4def6e5c905ba5a89cdfa849f6c0c01d8b71144085b429b5e4,,pending,,,,5
img_00001719,images/img_00001719.jpg,02_deepfirearm,deepfirearm,cba848bffcfc95494b60e5aae7135e4eab273d9803e2db20a5713f28f98cfc47,,pending,,,,5
img_00001720,images/img_00001720.jpg,02_deepfirearm,deepfirearm,9406ad788eb15b20099335db3bed1e511adda0d7eb8817aec4259d2ecbf5398c,,pending,,,,5
img_00001721,images/img_00001721.jpg,02_deepfirearm,deepfirearm,907a77d8f05b21f0139281ce241a011857a513d085123a0dc3b5a0455585b1a2,,pending,,,,5
img_00001722,images/img_00001722.jpg,02_deepfirearm,deepfirearm,d78b0dbbe4a35b0b620e77b0ad59137a19d1b71ed7afd7909e819de89cdeb5a3,,pending,,,,5
img_00001723,images/img_00001723.jpg,02_deepfirearm,deepfirearm,74e9aea10bae88f56a6058a66476ce14a391bb2656725e283cf97472dad90c1c,,pending,,,,5
img_00001724,images/img_00001724.jpg,02_deepfirearm,deepfirearm,9645888044bd0f9d1d9f13d15740ec67f886f30c737ff10b1b5b8b2aa25e82e2,,pending,,,,5
img_00001725,images/img_00001725.jpg,02_deepfirearm,deepfirearm,62b52556c6b03ac417a8cce518d701d34c646c5141566a3e22b18c527c41e319,,pending,,,,5
img_00001726,images/img_00001726.jpg,02_deepfirearm,deepfirearm,b0676bcd5c5f39537bb8a8ee7fbeb74f542e2128faa4102dfb365a84dccff46c,,pending,,,,5
img_00001727,images/img_00001727.jpg,02_deepfirearm,deepfirearm,bcf826b4a6e7b64d96aefe3f0eb28303b5b583e8811380f37ac6f3c96b0fe2cf,,pending,,,,5
img_00001728,images/img_00001728.jpg,02_deepfirearm,deepfirearm,04ee40dd3955812107224f162e384f24ebbfc433ca150fdcda93388f465295b7,,pending,,,,5
img_00001729,images/img_00001729.jpg,02_deepfirearm,deepfirearm,b2b4901116d6e2c2a714cc8e6f1f2c3e7c8ce46920da45a92aa5242bb60f34b2,,pending,,,,5
img_00001730,images/img_00001730.jpg,02_deepfirearm,deepfirearm,4bc390c58008544d475374528c98d1f8c8ea042cf299e973cc8dc2a381b1bf8a,,pending,,,,5
img_00001731,images/img_00001731.jpg,02_deepfirearm,deepfirearm,8381ccb437116d9a0081907e6707fd65de9d49e093b0d97e3826e368ba2e67cc,,pending,,,,5
img_00001732,images/img_00001732.jpg,02_deepfirearm,deepfirearm,000d869bc6cb07af3cc3fc16b44a5ee6fe3ba146e3357c2152838c85f4c98a20,,pending,,,,5
img_00001733,images/img_00001733.jpg,02_deepfirearm,deepfirearm,4e193bec43a932487d4229b2a5097d319eed6abc82e58fdf465b47d43c177139,,pending,,,,5
img_00001734,images/img_00001734.jpg,02_deepfirearm,deepfirearm,09e2aa14ab67d68c8a239ff15cc4e1496d0fa894cc494b30b6e0c7722e68c7fa,,pending,,,,5
img_00001735,images/img_00001735.jpg,02_deepfirearm,deepfirearm,b2ab605e69c3505e6e5a01dbf3f874b7c03dfda7b3c6e07d96a51bdbdd05c786,,pending,,,,5
img_00001736,images/img_00001736.jpg,02_deepfirearm,deepfirearm,538d4f9e6b5cb3dcf312b50864da2c4e9ff1e622596802e8bb4b79c5be8f662a,,pending,,,,5
img_00001737,images/img_00001737.jpg,02_deepfirearm,deepfirearm,8091d609c472f844a858752ed4c55fa4c98d649ae2918b8afb6c2710f4addf2f,,pending,,,,5
img_00001738,images/img_00001738.jpg,02_deepfirearm,deepfirearm,97b307c7d3d268c90843d9516600de540dbb937875721419c2e842603d92b9e4,,pending,,,,5
img_00001739,images/img_00001739.jpg,02_deepfirearm,deepfirearm,633f54fa25f5a9834b3eeeb1ee33a94c5e751a683983a3942cf5392eacf32692,,pending,,,,5
img_00001740,images/img_00001740.jpg,02_deepfirearm,deepfirearm,5d6cd0d923dca05ac779f6ec5d848d2bb0ea4f2d0cdfdde24cc45457d2ecd3c4,,pending,,,,5
img_00001741,images/img_00001741.jpg,02_deepfirearm,deepfirearm,89bddfc37080e29a1138b419c330c400a0d14ac2dd174656bf6fb7909297f81a,,pending,,,,5
img_00001742,images/img_00001742.jpg,02_deepfirearm,deepfirearm,77655eeea24adf0825bde6e4da794c7e9a6c46b765336676eb478b4c337be46c,,pending,,,,5
img_00001743,images/img_00001743.jpg,02_deepfirearm,deepfirearm,0ff851e857bdc28a74df78e198c7da305b2987e01c7e83495dcabcdde0a0ec87,,pending,,,,5
img_00001744,images/img_00001744.jpg,02_deepfirearm,deepfirearm,351bf7ec1e3a1e961f2ab99b3b47e9508561f81f768a01c90ccb9b444606ed3e,,pending,,,,5
img_00001745,images/img_00001745.jpg,02_deepfirearm,deepfirearm,604c9c87be2a754d5f1a0b44e47ed6fc2bbebd88550d183d141fe0b8c3c9988c,,pending,,,,5
img_00001746,images/img_00001746.jpg,02_deepfirearm,deepfirearm,6c5e905a7034d44c05c9673616eb768097ab78043460df2e2d0a3b134ba1a2cc,,pending,,,,5
img_00001747,images/img_00001747.jpg,02_deepfirearm,deepfirearm,84b40df739a6fb9e1959b10195f33d64bb7745db3cfed7cc2e55c31cf1905867,,pending,,,,5
img_00001748,images/img_00001748.jpg,02_deepfirearm,deepfirearm,5ea2aa9671507c2beb8000af88f5d35fc29d01c8f6744f886b4e36b34645c880,,pending,,,,5
img_00001749,images/img_00001749.jpg,02_deepfirearm,deepfirearm,66c3fcde94d78d41ae04080d50d8c0d837e6168c6e697847690f5d46cd192ba0,,pending,,,,5
img_00001750,images/img_00001750.jpg,02_deepfirearm,deepfirearm,adbdc1b48e9f8d300bb6fa6692e63376f7fe930e5068d82fd6e15da3c229561d,,pending,,,,5
img_00001751,images/img_00001751.jpg,02_deepfirearm,deepfirearm,ef1cf4013869c33a853b28313cc3687c4443ba87c921ae943c68b9817788566f,,pending,,,,5
img_00001752,images/img_00001752.jpg,02_deepfirearm,deepfirearm,4e245d989b18fdc84b132eb85ad6ef7b59a1a0ba002d130e8b9c3a7415751e4e,,pending,,,,5
img_00001753,images/img_00001753.jpg,02_deepfirearm,deepfirearm,e390281cd458e9267836aabf939f521966507d7256c93cac35ee501a4756f083,,pending,,,,5
img_00001754,images/img_00001754.jpg,02_deepfirearm,deepfirearm,99bd597c3dd1e250cbb583862338c0b7ab2e416038991a87c0199b95a9b564dc,,pending,,,,5
img_00001755,images/img_00001755.jpg,02_deepfirearm,deepfirearm,f5cb60def087c77f16c07fd56a3a4b60a57593e4dadabc48eb790bd51ca6a633,,pending,,,,5
img_00001756,images/img_00001756.jpg,02_deepfirearm,deepfirearm,b15f784476d06e0da701eb336c90b759a5bf39daff3e80492303ab807f1c098a,,pending,,,,5
img_00001757,images/img_00001757.jpg,02_deepfirearm,deepfirearm,9efba4cf510e0b82c82a55470c06c51a28aedfaf58ff9a0f8e6273ef58147031,,pending,,,,5
img_00001758,images/img_00001758.jpg,02_deepfirearm,deepfirearm,94e6260da83d92a53126780fc3a9780235924839f439bb8351ee1c4b772d692e,,pending,,,,5
img_00001759,images/img_00001759.jpg,02_deepfirearm,deepfirearm,ebe43bb0c1dae85e4f6106afd091ee146b5d43d1fe871767f82047cc587d7ff1,,pending,,,,5
img_00001760,images/img_00001760.jpg,02_deepfirearm,deepfirearm,eadcfa8cb40c434033560400e40de0dc3cbbb24adedc0f4d18c01b77690daaed,,pending,,,,5
img_00001761,images/img_00001761.jpg,02_deepfirearm,deepfirearm,91ebf127175108a34ca8dd22d2355f2f715f3e173da074acb1ffe91e21d4bac7,,pending,,,,5
img_00001762,images/img_00001762.jpg,02_deepfirearm,deepfirearm,cb8e2db11be8089514bfff333c93651110d30d5c9de83a8eec0ed6475c867175,,pending,,,,5
img_00001763,images/img_00001763.jpg,02_deepfirearm,deepfirearm,b7c90dd2a9136904b9c389bd23eeed976e733d69ecc42a53eef186966387edd5,,pending,,,,5
img_00001764,images/img_00001764.jpg,02_deepfirearm,deepfirearm,d013336b8e4f2d58151876da53a1b94be17079e7abab005638a9674c45d8166f,,pending,,,,5
img_00001765,images/img_00001765.jpg,02_deepfirearm,deepfirearm,99487008dcddcdacf7e407056b93db32ffb4066989082d64fac1ad8be3aefa08,,pending,,,,5
img_00001766,images/img_00001766.jpg,02_deepfirearm,deepfirearm,d1a6644320d39c81224ab79d1599ead0a87eb95fafe283f1a67bdeac050d3dab,,pending,,,,5
img_00001767,images/img_00001767.jpg,02_deepfirearm,deepfirearm,3ff0b38654c335f754df10ec583fe544248768dfc586aad91ea940d489dbf901,,pending,,,,5
img_00001768,images/img_00001768.jpg,02_deepfirearm,deepfirearm,7c5c5322f3e462b907be72da8a2626085733fffae1217cb3717a9f5981777771,,pending,,,,5
img_00001769,images/img_00001769.jpg,02_deepfirearm,deepfirearm,bcddc7031ea7dbcee7eeec157576e5bcbd87cc2f7450c766a3ea939e660b8e3f,,pending,,,,5
img_00001770,images/img_00001770.jpg,02_deepfirearm,deepfirearm,5568fab58c96acb41d17abbc00e1019a4ec84b9eb1f3422bc638308a18cc8952,,pending,,,,5
img_00001771,images/img_00001771.jpg,02_deepfirearm,deepfirearm,1be462cd9cceced8fb141518d72101b5378ce5419010f317f212ed3200c96c24,,pending,,,,5
img_00001772,images/img_00001772.jpg,02_deepfirearm,deepfirearm,58061d26d57c537ff54c1ff9996d905082e9bf010980ab1c0a99f0523d431e60,,pending,,,,5
img_00001773,images/img_00001773.jpg,02_deepfirearm,deepfirearm,dbff50e01738eed198aef423a30da7a472a50b161e19921c29d6acabc409809e,,pending,,,,5
img_00001774,images/img_00001774.jpg,02_deepfirearm,deepfirearm,fd93b9c8deb056f2df1d0e3770674e6b3d3ff66af5c5d9f70d9996d83e8b5bcd,,pending,,,,5
img_00001775,images/img_00001775.jpg,02_deepfirearm,deepfirearm,ac4f66ed6cf2aaaafc10116f331ed088638646d82dd990aa36b796effc6205d2,,pending,,,,5
img_00001776,images/img_00001776.jpg,02_deepfirearm,deepfirearm,17556515f845d2ca8414ec289a86d9a81fcb7f64328b7497ce31e30b00a2edde,,pending,,,,5
img_00001777,images/img_00001777.jpg,02_deepfirearm,deepfirearm,24ad2585001d80703a136c2491a63b4891ff0fab4cb01b5ef980263a92a8bfcc,,pending,,,,5
img_00001778,images/img_00001778.jpg,02_deepfirearm,deepfirearm,0df07f51a0b14cedb3d0993b3e4cb87ef64c919f2e30751fe1a8b17e5a722b09,,pending,,,,5
img_00001779,images/img_00001779.jpg,02_deepfirearm,deepfirearm,7f5ad0512a9236aa67fbb3452d7ab8307d556eb90ef83a1805df5062d8360977,,pending,,,,5
img_00001780,images/img_00001780.jpg,02_deepfirearm,deepfirearm,04ad9bec0c18ef5a0f16d69902d025e6f764f41e7e5a4e55fd529f2041d2dd30,,pending,,,,5
img_00001781,images/img_00001781.jpg,02_deepfirearm,deepfirearm,14bdf10b478e2f38877111ae1311fedb850d55e3f4f4633ab3d0202b8d2fe84c,,pending,,,,5
img_00001782,images/img_00001782.jpg,02_deepfirearm,deepfirearm,50598cd4f2d99f2a89ed6406c9dfda9f031d81538ee52ad85b8141ec5ec3c7c2,,pending,,,,5
img_00001783,images/img_00001783.jpg,02_deepfirearm,deepfirearm,623fca67e6ded85643bc781303e48693270fb48bd33227ee31e599297af58e54,,pending,,,,5
img_00001784,images/img_00001784.jpg,02_deepfirearm,deepfirearm,50f517f17ce04ace1aec4a2a07dc484b950d008b36c55c11014a8faf9777bb30,,pending,,,,5
img_00001785,images/img_00001785.jpg,02_deepfirearm,deepfirearm,dd87efa3339d7eb107eeb83e91ad1f3892731bb91675b97ee27919d47c9249d9,,pending,,,,5
img_00001786,images/img_00001786.jpg,02_deepfirearm,deepfirearm,f0f8dad9aae14c91cba955a342a3bae13820d2f782f6362ea0a8592240b82f1b,,pending,,,,5
img_00001787,images/img_00001787.jpg,02_deepfirearm,deepfirearm,00136f342109be4eb2f17b31bd1f8bbea6b5e8907513f695f9525f2f1a6a77da,,pending,,,,5
img_00001788,images/img_00001788.jpg,02_deepfirearm,deepfirearm,03ed61907ec655f1e0c9291984013063b9af9e06f640caada00e34e0c8aedf66,,pending,,,,5
img_00001789,images/img_00001789.jpg,02_deepfirearm,deepfirearm,a17931ad7af16b4b67084b86edbebdc84c148fd65cf62f467ce7a419e4fd4a16,,pending,,,,5
img_00001790,images/img_00001790.jpg,02_deepfirearm,deepfirearm,ace1331103eb2497e5c46ddbb51dd2199f736450bc1adea3e173e11264d21875,,pending,,,,5
img_00001791,images/img_00001791.jpg,02_deepfirearm,deepfirearm,8e3fcc41267aea113298c8273129260f1d8849a87c01b473ace4a7a08bd809bd,,pending,,,,5
img_00001792,images/img_00001792.jpg,02_deepfirearm,deepfirearm,c52ffa9c461e5b5c3dc8f7f27a8a97c3e08f7b4bc0d778ab8aa54a3064e80671,,pending,,,,5
img_00001793,images/img_00001793.jpg,02_deepfirearm,deepfirearm,f9d251871af4b4a9577a1266af251882ab410284aaad816505d0b8c4b23806e6,,pending,,,,5
img_00001794,images/img_00001794.jpg,02_deepfirearm,deepfirearm,fe0c58ccf96a4355227132990fca0da8568c728490c00e4dd6527877f4986ef2,,pending,,,,5
img_00001795,images/img_00001795.jpg,02_deepfirearm,deepfirearm,8d989fbde3223210ab65d38204cce57cc5ece598beff8474967adef078e23619,,pending,,,,5
img_00001796,images/img_00001796.jpg,02_deepfirearm,deepfirearm,2aa3bb477b17cb33d7b67fda2ec0a151a50225d4e0be874e09f2383f16747694,,pending,,,,5
img_00001797,images/img_00001797.jpg,02_deepfirearm,deepfirearm,b4c27bbbf8f42215dc61c6b570619db0926896e38504ff790942b2ca1e8e6230,,pending,,,,5
img_00001798,images/img_00001798.jpg,02_deepfirearm,deepfirearm,a5e9b56389b6634c758afc962b7a4004457b453595851574bc97fe1d47ae31d3,,pending,,,,5
img_00001799,images/img_00001799.jpg,02_deepfirearm,deepfirearm,904cfa992dc458c64fe243d1bce989b7d03763a34f275a89f622aae77eb84985,,pending,,,,5
img_00001800,images/img_00001800.jpg,02_deepfirearm,deepfirearm,f8f24715182de84350055bb94a83776b4f7abd994320aa3a6637ef1a01c97790,,pending,,,,5
img_00001801,images/img_00001801.jpg,02_deepfirearm,deepfirearm,1ee9ba391dd8847fd2ead2387e9962291ce86a93c9867eef85be879674837896,,pending,,,,5
img_00001802,images/img_00001802.jpg,02_deepfirearm,deepfirearm,a4b1bea9921beb4cb8aaf38b6e68579bb889b3518d5e659463642e353c25ac49,,pending,,,,5
img_00001803,images/img_00001803.jpg,02_deepfirearm,deepfirearm,35d149c2ac3216932c26fe36c2a77943f860fad757ec5872c456f991293f1dbf,,pending,,,,5
img_00001804,images/img_00001804.jpg,02_deepfirearm,deepfirearm,12cbce345bc1337c928ac4fab39f6fc77627a20285d7f06508ea477ee9cd8df3,,pending,,,,5
img_00001805,images/img_00001805.jpg,02_deepfirearm,deepfirearm,fac07f5a45ac92e6c123ba1fcddc012228f21b1e9fc753f3428bb9f77d3dae80,,pending,,,,5
img_00001806,images/img_00001806.jpg,02_deepfirearm,deepfirearm,1248a25d529d4846ce3e9252f078a3d13753244fe7c36825978f1c0f8cd13f69,,pending,,,,5
img_00001807,images/img_00001807.jpg,02_deepfirearm,deepfirearm,12a1ff01953dadb7969d6759899ebf10afe67382b3f1a878e74b370d25c7928d,,pending,,,,5
img_00001808,images/img_00001808.jpg,02_deepfirearm,deepfirearm,ec94a8eb605a8c3ad37d3ca8ed7b2c57ba9d7181c1285a558663499916800147,,pending,,,,5
img_00001809,images/img_00001809.jpg,02_deepfirearm,deepfirearm,12e1e0d1cb7ba3a3616187e3bdbe44b9b2a52d14531bcc2d2a9996d446469164,,pending,,,,5
img_00001810,images/img_00001810.jpg,02_deepfirearm,deepfirearm,47d297c1fca26e428dbeefa59e02047839a96667ff105d3d2c1fd0cd4ae18d9d,,pending,,,,5
img_00001811,images/img_00001811.jpg,02_deepfirearm,deepfirearm,9f5ce4d2cd41f82a319172fb9dae5bc10ff5887567ddd9b400c7914bbf796a49,,pending,,,,5
img_00001812,images/img_00001812.jpg,02_deepfirearm,deepfirearm,c6823cb1075d52c8e38ed292983db9c360d13862a0cc04db2d31518c6f65faa2,,pending,,,,5
img_00001813,images/img_00001813.jpg,02_deepfirearm,deepfirearm,ac11666fcdd22e41ff0a217c3b983dbba88d700cd7ded3059d72ccbb779c8080,,pending,,,,5
img_00001814,images/img_00001814.jpg,02_deepfirearm,deepfirearm,0a7d0af5d6acc06e51b24ea8ee80374643d357f7c1b0e528fb82fd79cd53d462,,pending,,,,5
img_00001815,images/img_00001815.jpg,02_deepfirearm,deepfirearm,80e0c50a31d6b807a201d66852c7e0ed28058512a0411aaa1f6ebebec8b992ae,,pending,,,,5
img_00001816,images/img_00001816.jpg,02_deepfirearm,deepfirearm,e7964ed4f3e307a1c37ca52d8e92dfc3cf4a50b23b9742cbf744e9d5080ed7c4,,pending,,,,5
img_00001817,images/img_00001817.jpg,02_deepfirearm,deepfirearm,03895e1eac26340f7a9a02c653ef04a0eb900657be046a89cc37a8f0481b176c,,pending,,,,5
img_00001818,images/img_00001818.jpg,02_deepfirearm,deepfirearm,e61366349d594f9d5c309e085ee901cccc3742dde291b5c93e3711ed0ee2c2ff,,pending,,,,5
img_00001819,images/img_00001819.jpg,02_deepfirearm,deepfirearm,6fde093f99dc0373f0d36a1930e1114bf322529e5dcb2d6dbae3add194609f65,,pending,,,,5
img_00001820,images/img_00001820.jpg,02_deepfirearm,deepfirearm,e2535eccc232333b5cb084bba4fdec5050d56bd71f20127ac9480dabfc71d398,,pending,,,,5
img_00001821,images/img_00001821.jpg,02_deepfirearm,deepfirearm,001d207938e9cf044de4cfde748d4b2dd176ec948ba55ee95fb0256e2b3c66c6,,pending,,,,5
img_00001822,images/img_00001822.jpg,02_deepfirearm,deepfirearm,0f544e469354f945d1e9f8c7de68e9bf440bf297e91a08bfe378295b728260cd,,pending,,,,5
img_00001823,images/img_00001823.jpg,02_deepfirearm,deepfirearm,ffa795fc5c643ed7654377be2a8239d4f2408e977ff92a7583bb4eb64d2d3120,,pending,,,,5
img_00001824,images/img_00001824.jpg,02_deepfirearm,deepfirearm,7efda10bf17b5b0248abeb90726df56fd07ed59b00505c9657de0fcfbd1c2b12,,pending,,,,5
img_00001825,images/img_00001825.jpg,02_deepfirearm,deepfirearm,0d7495a6201c95a2f2b1aba7856a6537e078163bc5d2d561a7b8fc13ef30e797,,pending,,,,5
img_00001826,images/img_00001826.jpg,02_deepfirearm,deepfirearm,e88560951f435fd1faf26dc4c31e827c293ec06b10e6136a3cca81e220ecfad2,,pending,,,,5
img_00001827,images/img_00001827.jpg,02_deepfirearm,deepfirearm,ffae137329ae4218732aaa605fe1a7049e7be59fef18980e1713fa52a3a0f162,,pending,,,,5
img_00001828,images/img_00001828.jpg,02_deepfirearm,deepfirearm,a666738f3d6aedb2080af8e92989d590d8039f80be47d6576386c511afe8a551,,pending,,,,5
img_00001829,images/img_00001829.jpg,02_deepfirearm,deepfirearm,8c555c34833e6caa60636f232c6d6eb84bb66732c8f60d4128a7ab5777a613e4,,pending,,,,5
img_00001830,images/img_00001830.jpg,02_deepfirearm,deepfirearm,5bf4cf4593d0a8822a06daa9a8774ddfa8462122e94c6e1f2e740e986b520859,,pending,,,,5
img_00001831,images/img_00001831.jpg,02_deepfirearm,deepfirearm,51137f12a7b44f578bc543df29e5ac82deff9bcffefc8c2dabb266ebe386f9dd,,pending,,,,5
img_00001832,images/img_00001832.jpg,02_deepfirearm,deepfirearm,be44252e31dce557898cfdbdeec74e97196e916d29fa167d4b4d2ffb28bda345,,pending,,,,5
img_00001833,images/img_00001833.jpg,02_deepfirearm,deepfirearm,910b6b793d5cf7e2ee049b0b7120f36bf24a1b144b8e53ae8f8e40b2a14feadb,,pending,,,,5
img_00001834,images/img_00001834.jpg,02_deepfirearm,deepfirearm,fe242096fe16fcc369441c24e631cdd05de7d8e0204cb505a0cabb482229de93,,pending,,,,5
img_00001835,images/img_00001835.jpg,02_deepfirearm,deepfirearm,de99fac7ebb2724e7f317b21f225c55137cc9ceccea43f3fd5d7768092501590,,pending,,,,5
img_00001836,images/img_00001836.jpg,02_deepfirearm,deepfirearm,24a56124b49da703b14990b774301795da66774f6019cb19dd23f2da15fcd717,,pending,,,,5
img_00001837,images/img_00001837.jpg,02_deepfirearm,deepfirearm,c4731cd07d2d1ee085a432e3de5e8db5a010d29b32c0e00a2e77def562cf8bf7,,pending,,,,5
img_00001838,images/img_00001838.jpg,02_deepfirearm,deepfirearm,b2f6bd9a8f11cbff0d8dd0696e25c8598102120c987a6b4665cb1611472dd0e8,,pending,,,,5
img_00001839,images/img_00001839.jpg,02_deepfirearm,deepfirearm,2e4e3130051ac72dfa74bc5f08a93875edbf347f53c6ba7d6124966840065d0d,,pending,,,,5
img_00001840,images/img_00001840.jpg,02_deepfirearm,deepfirearm,62bfab3dd63314ef99b9d273f70d41bfa2895c07feb065faf85cade892c60e2c,,pending,,,,5
img_00001841,images/img_00001841.jpg,02_deepfirearm,deepfirearm,e9cb3366fa4c1fd4dcea6eddad8b9018f68358ea4b6eb804c3e521f70586cd2b,,pending,,,,5
img_00001842,images/img_00001842.jpg,02_deepfirearm,deepfirearm,b67165ecc8291199bc48f75d915fe53240366c43b0a3751ac26c2339ccefbfbe,,pending,,,,5
img_00001843,images/img_00001843.jpg,02_deepfirearm,deepfirearm,be72fd1cc2b41df92ccb366879c957673fb359c489fe4d55500a92978e86aa4f,,pending,,,,5
img_00001844,images/img_00001844.jpg,02_deepfirearm,deepfirearm,5c5e212ab23bf521d2a6df7c22719f5c16e30912bae6044dcbdaaffbc21f6342,,pending,,,,5
img_00001845,images/img_00001845.jpg,02_deepfirearm,deepfirearm,31b0c2dc27125af3d947e1633be495748696475ab0c129f96db5df984c8cab1f,,pending,,,,5
img_00001846,images/img_00001846.jpg,02_deepfirearm,deepfirearm,2c8f7b99ee3623c85c03a8429e6b969d726d68513f2a5f79b881e2c36428652f,,pending,,,,5
img_00001847,images/img_00001847.jpg,02_deepfirearm,deepfirearm,0b28a57cb8a5e79de02f5b2d65578c876fbc197bbe4391dd2d38bae2cafeadcf,,pending,,,,5
img_00001848,images/img_00001848.jpg,02_deepfirearm,deepfirearm,6abc67dcf322e623e846d5d4d019dbdfa5b3632876c094e052b413a9ad9011b9,,pending,,,,5
img_00001849,images/img_00001849.jpg,02_deepfirearm,deepfirearm,2f9c11d7d7758bb6a8165f5b510685178d2a35cbbdaec891f14c30e827b3df82,,pending,,,,5
img_00001850,images/img_00001850.jpg,02_deepfirearm,deepfirearm,f68adfabfdf334e7a9d95c8af81653f213b6fae55f43a02782b146f2d6f71bb7,,pending,,,,5
img_00001851,images/img_00001851.jpg,02_deepfirearm,deepfirearm,cf73e570c5990c0d6c672742196663f0f8d34e48cc4b59a6000ad1751ae5d621,,pending,,,,5
img_00001852,images/img_00001852.jpg,02_deepfirearm,deepfirearm,20e3a5bec0172aea0770935c36e7f3f28f19f4fa191350478c4d7ab708d2a365,,pending,,,,5
img_00001853,images/img_00001853.jpg,02_deepfirearm,deepfirearm,f42cf6073563789a4d6fa2cae3fcab67c3ae3aee3963efaddc06374895588219,,pending,,,,5
img_00001854,images/img_00001854.jpg,02_deepfirearm,deepfirearm,39a35673602feadc09090a636ba98992276938bd1d19adab9a007b8cbb7219b2,,pending,,,,5
img_00001855,images/img_00001855.jpg,02_deepfirearm,deepfirearm,e57199493b85a715bd07bfcce0150533aff09ffcb94a2e01faab3bac2154557f,,pending,,,,5
img_00001856,images/img_00001856.jpg,02_deepfirearm,deepfirearm,bf76d11ebf94f4398a7a83515a0ea8aa1e2eefbe36605ceb3de3fd987a05e499,,pending,,,,5
img_00001857,images/img_00001857.jpg,02_deepfirearm,deepfirearm,739945373deadee57426d82ac8021770828327ae5ba4f3831333b6661980f3b7,,pending,,,,5
img_00001858,images/img_00001858.jpg,02_deepfirearm,deepfirearm,829adf02c2d3163c89704a9802b590952c662b2b0ccc1893495cfd2c60a569a4,,pending,,,,5
img_00001859,images/img_00001859.jpg,02_deepfirearm,deepfirearm,7f8df977205c5730fe8c51a859fd6fd7a2ea47e8a6a4fae3602601cddfa9def7,,pending,,,,5
img_00001860,images/img_00001860.jpg,02_deepfirearm,deepfirearm,fdec9791c702b19a8f7cc2c85a87f71851d39b228cbfee90863a3f10df397fc4,,pending,,,,5
img_00001861,images/img_00001861.jpg,02_deepfirearm,deepfirearm,b5fdfc75489391b8d3c5dd3d1596dd1ffe79dcba11281571ae0b99366ba7e345,,pending,,,,5
img_00001862,images/img_00001862.jpg,02_deepfirearm,deepfirearm,cd95619f8fbd8eedaee818e7cfde06671f2e61936f337e734991bd1fe4b655d3,,pending,,,,5
img_00001863,images/img_00001863.jpg,02_deepfirearm,deepfirearm,129fecb13e10024b509102bc48c62ed0147e42e0e965f54b53c3def9407c4dff,,pending,,,,5
img_00001864,images/img_00001864.jpg,02_deepfirearm,deepfirearm,d45c0821fc5e89e84cb2b0537357b33e3b38d7884c275036b1f4e7112e6f1fe5,,pending,,,,5
img_00001865,images/img_00001865.jpg,02_deepfirearm,deepfirearm,3e38780783e58fdd3353a682dc80ea24eab548da9249393c049d1c47dad5b071,,pending,,,,5
img_00001866,images/img_00001866.jpg,02_deepfirearm,deepfirearm,e58862d606b87f31bf30f1d11cc53a6a94e56747ea9eb66ed6610bd53dde063e,,pending,,,,5
img_00001867,images/img_00001867.jpg,02_deepfirearm,deepfirearm,08d5759bd1e87083db522dbafe64fd699f5fc1aa2b1160cfc1316a72e1e47239,,pending,,,,5
img_00001868,images/img_00001868.jpg,02_deepfirearm,deepfirearm,bc756ed490e92e7a00ee749054157ac930d0f1f7167f544cc2c5d2d90bf06ce5,,pending,,,,5
img_00001869,images/img_00001869.jpg,02_deepfirearm,deepfirearm,d271a2d9b87aaa99cbae5eb9043d4745b5fa295ce312803cd182efb21cf325e1,,pending,,,,5
img_00001870,images/img_00001870.jpg,02_deepfirearm,deepfirearm,33028c01a2baf9b0ead81da83dfd8b547c6a0cf66d3e88cf68d2cf40e24aa7cf,,pending,,,,5
img_00001871,images/img_00001871.jpg,02_deepfirearm,deepfirearm,36ed9391d3c6d155c8bac2342edfd6a452e20665f7606443b7fb1e4c27dce070,,pending,,,,5
img_00001872,images/img_00001872.jpg,02_deepfirearm,deepfirearm,066a4604875af10e824dd3589213df07ce2064888c79d4e7c058e6574cd8dff3,,pending,,,,5
img_00001873,images/img_00001873.jpg,02_deepfirearm,deepfirearm,4a170f2022b59054cf6dd5246f7f6b626ced3c5b075ff337522f6a89ca5eaf80,,pending,,,,5
img_00001874,images/img_00001874.jpg,02_deepfirearm,deepfirearm,99af368ccf56ba60dfd4c8ff8ee22f83da521f525447654b0b5c14e2f71fcb8a,,pending,,,,5
img_00001875,images/img_00001875.jpg,02_deepfirearm,deepfirearm,bedb82bafcbd378c0d8298398bd0716f32001ff1e8b609d2906298eba1146c50,,pending,,,,5
img_00001876,images/img_00001876.jpg,02_deepfirearm,deepfirearm,871ac73cbb30f6fe3684bfbb655499a7edee651485b39e3c41ec6a6f009a5b6b,,pending,,,,5
img_00001877,images/img_00001877.jpg,02_deepfirearm,deepfirearm,96711e007c9f379ed29b822459bab787c64385345e49a2e8fc42ed6a1c127642,,pending,,,,5
img_00001878,images/img_00001878.jpg,02_deepfirearm,deepfirearm,3301b3bef8163f4d3c56ac0f73e4953131a516dcf01c465c36e28f4556a8f717,,pending,,,,5
img_00001879,images/img_00001879.jpg,02_deepfirearm,deepfirearm,72a7347e5bf3294e2b8c0e020cd81a5a00f5de0a871ee14d66708a7e3509d32d,,pending,,,,5
img_00001880,images/img_00001880.jpg,02_deepfirearm,deepfirearm,a73ae96c4d1d92aca81b301d34da986471e72693c15c4826b1ef4b04e3e39464,,pending,,,,5
img_00001881,images/img_00001881.jpg,02_deepfirearm,deepfirearm,2c91112c578464da35e21ae5fc2f0354c058b3dfd481289cca61f9a3739db9b3,,pending,,,,5
img_00001882,images/img_00001882.jpg,02_deepfirearm,deepfirearm,46c2bad8033179bfacbc14d4f4c43b2652701839ebd6ef272a47755327d2e1b9,,pending,,,,5
img_00001883,images/img_00001883.jpg,02_deepfirearm,deepfirearm,f4ea5bfc1f53010e7ed6a00fb5eb8998201c8d91ce1d73685fc1364c9690ff48,,pending,,,,5
img_00001884,images/img_00001884.jpg,02_deepfirearm,deepfirearm,6bce8098bc63623a714c865c847b917cef00f73e758c36524545d8837fc92a5c,,pending,,,,5
img_00001885,images/img_00001885.jpg,02_deepfirearm,deepfirearm,e687bb9b0d38175d2852dd9d27ce189c17d4998b15ddaaf21316285172d8cd14,,pending,,,,5
img_00001886,images/img_00001886.jpg,02_deepfirearm,deepfirearm,8e30dd3b152200ff5d0247d2aa5fcec90cf08963ca66f156b7184f20cd4e11cd,,pending,,,,5
img_00001887,images/img_00001887.jpg,02_deepfirearm,deepfirearm,51c3372f5f79419380770e131b71ca33bee6cb187e4a0ae511c39b41bd6cc678,,pending,,,,5
img_00001888,images/img_00001888.jpg,02_deepfirearm,deepfirearm,69ccdec38c14f9109869b4911879012d26586fd4e7c7888d69ae26bebb8efe22,,pending,,,,5
img_00001889,images/img_00001889.jpg,02_deepfirearm,deepfirearm,bd789686ec8606e1cfd98912739d84a01085c5ee60bbcb222c8c517921f25b15,,pending,,,,5
img_00001890,images/img_00001890.jpg,02_deepfirearm,deepfirearm,12f9002c67aa80a7deabd82951f07253ed0ba7a3922a4e16b7f766b2ab860f0b,,pending,,,,5
img_00001891,images/img_00001891.jpg,02_deepfirearm,deepfirearm,2b5da455dff0e12960e41aad3c9b040232503f2a52401b3a75f131aa48765bfe,,pending,,,,5
img_00001892,images/img_00001892.jpg,02_deepfirearm,deepfirearm,573c4da075d08673893d43e58a8d0b838f390f4de613c30185fc1e8d71783870,,pending,,,,5
img_00001893,images/img_00001893.jpg,02_deepfirearm,deepfirearm,f88a249643881cb1a85e156e6aec43072e10266cf450926b29c663455cd1c03b,,pending,,,,5
img_00001894,images/img_00001894.jpg,02_deepfirearm,deepfirearm,aae2b771f905334d9d36a7d2bb453805eab4ba237c5c1062d54f80f13229fd49,,pending,,,,5
img_00001895,images/img_00001895.jpg,02_deepfirearm,deepfirearm,27532ca99e6b3d831a1804dfe38a19cb16c29d28611f0f4a023c97bee2dd6047,,pending,,,,5
img_00001896,images/img_00001896.jpg,02_deepfirearm,deepfirearm,12031f8ca98fdb3a7c9673f953398b9817218ed9a258926fad3ad3e54d2c16c5,,pending,,,,5
img_00001897,images/img_00001897.jpg,02_deepfirearm,deepfirearm,7d0bff4dc1f4fbb5b01cbd934ecee084aa240c78eefcc63337cb89d695bdbc3f,,pending,,,,5
img_00001898,images/img_00001898.jpg,02_deepfirearm,deepfirearm,fe8ad3d6210b6a3db24722024ddf319d4809bcaa2968c59a90c9aa0805bc5008,,pending,,,,5
img_00001899,images/img_00001899.jpg,02_deepfirearm,deepfirearm,138b822916729ba7811690eeaea52ed9124325de2350b1a3e4309b308869ed06,,pending,,,,5
img_00001900,images/img_00001900.jpg,02_deepfirearm,deepfirearm,dc1823018f37c95b53baf8d490b68ccfe9117e042564c177f4d94a10bef15a3b,,pending,,,,5
img_00001901,images/img_00001901.jpg,02_deepfirearm,deepfirearm,3fbddf9deff78c4532fe75aefc1d516fb4c22a60195fd9aa41c95492b712a8fe,,pending,,,,5
img_00001902,images/img_00001902.jpg,02_deepfirearm,deepfirearm,4b15b79298977f91a7ca108c42b949e00eed76213a1ab02886242b67903ba269,,pending,,,,5
img_00001903,images/img_00001903.jpg,02_deepfirearm,deepfirearm,7f92fb069b31b910c11211e77370c704fa3503fd99ce46097c7194b4eecb7577,,pending,,,,5
img_00001904,images/img_00001904.jpg,02_deepfirearm,deepfirearm,31648e11a0f694ff81241476ff38bf1a8a063513cacdf62bfae72df25a8181ab,,pending,,,,5
img_00001905,images/img_00001905.jpg,02_deepfirearm,deepfirearm,8881c8feaf99e80b2d1891637bcdbbdb495a8ffa0fb475eb774f22a0bd62c7ca,,pending,,,,5
img_00001906,images/img_00001906.jpg,02_deepfirearm,deepfirearm,d7403d454f303efbb02a8c287c21ef9c2227027eb7e16be269ee862d89fef7e4,,pending,,,,5
img_00001907,images/img_00001907.jpg,02_deepfirearm,deepfirearm,2922a71e6ce8971a1fc07121aef0a5caf8cc144a78ac7c91e372a64bccb995bc,,pending,,,,5
img_00001908,images/img_00001908.jpg,02_deepfirearm,deepfirearm,aca9769afd1e559fba1061c7b5c8754047a37a3a3fdd48aba8e51fe0cd89bceb,,pending,,,,5
img_00001909,images/img_00001909.jpg,02_deepfirearm,deepfirearm,96100aafa72d53f761733a076beaeb14d5be5c65bb68bfb2a1e7fc24035e5fb2,,pending,,,,5
img_00001910,images/img_00001910.jpg,02_deepfirearm,deepfirearm,e3d536bead512b6f826da6e84b5842318ce27fc0c1ff27098035947ba5a99af3,,pending,,,,5
img_00001911,images/img_00001911.jpg,02_deepfirearm,deepfirearm,2f607d5f68ceba240ec491f3a54a378d5fd2f99319e4dff0158c364369844edf,,pending,,,,5
img_00001912,images/img_00001912.jpg,02_deepfirearm,deepfirearm,07f00b78756c1d5d235f1aa76e4a47311c578711289de01409d31b9bea13195c,,pending,,,,5
img_00001913,images/img_00001913.jpg,02_deepfirearm,deepfirearm,4a00f2b5341c557fc5c1fca23fbb3f4b6975f3d926e57e1253d5deb7d504be3e,,pending,,,,5
img_00001914,images/img_00001914.jpg,02_deepfirearm,deepfirearm,5e87382694639dc0be3bb11c1d6f9d425e7923cea071c2c59f70efc86f02148d,,pending,,,,5
img_00001915,images/img_00001915.jpg,02_deepfirearm,deepfirearm,825ba447934773e21cc50906e331e004f32c82a286160c5515fbd09f5c67a661,,pending,,,,5
img_00001916,images/img_00001916.jpg,02_deepfirearm,deepfirearm,1e5976adf96576e9eb976e3e8c9118f6ff348c2d5a0f5e786d0b279b00c380df,,pending,,,,5
img_00001917,images/img_00001917.jpg,02_deepfirearm,deepfirearm,af881d048a45b5dc6a85e13d3f88b593e6c700f06f597dc3af9a4a2461962b11,,pending,,,,5
img_00001918,images/img_00001918.jpg,02_deepfirearm,deepfirearm,e00efa3eef6103cbe9cb6c0706847c5454f0dbb6a63da97e6ad24196cba8ae27,,pending,,,,5
img_00001919,images/img_00001919.jpg,02_deepfirearm,deepfirearm,27fb1458dfb1dfe8bb89035a84da3a85a2a889da7c4821ec726de29f7641fb6a,,pending,,,,5
img_00001920,images/img_00001920.jpg,02_deepfirearm,deepfirearm,16b8e0ea1f2751be28b36cac7878c9df9825e0ce14d24571427aa4a843672c83,,pending,,,,5
img_00001921,images/img_00001921.jpg,02_deepfirearm,deepfirearm,c86a5864902d5336678b201bd5755aa92c2b222ebfbd90b25d893fdfbc82e359,,pending,,,,5
img_00001922,images/img_00001922.jpg,02_deepfirearm,deepfirearm,f0a39d5c2c15c5fc181ce2795263aa9d941f8b98dfae27e3477fbecb80ab0894,,pending,,,,5
img_00001923,images/img_00001923.jpg,02_deepfirearm,deepfirearm,122b0de489218662e57be0fdc3700480ed55fec822c2c94392fd04e7d2cca469,,pending,,,,5
img_00001924,images/img_00001924.jpg,02_deepfirearm,deepfirearm,f6f0809af0a17b8000c0a16486de80e08ba9f5db980f560f57e74316ad6e86f8,,pending,,,,5
img_00001925,images/img_00001925.jpg,02_deepfirearm,deepfirearm,6c10ac6038f43e11c410912b3255d6ac8b94a7dc628c7ef867e92e35b6345c4d,,pending,,,,5
img_00001926,images/img_00001926.jpg,02_deepfirearm,deepfirearm,28f25e3b349995df3e3622f21f4517f2b14ea16b67570535da26032c93a330ae,,pending,,,,5
img_00001927,images/img_00001927.jpg,02_deepfirearm,deepfirearm,6443578101dd6c93a63fc402fa72d19aef07a1a2703d1c6a1c803b4209a12efa,,pending,,,,5
img_00001928,images/img_00001928.jpg,02_deepfirearm,deepfirearm,af40422e4685c13ffa35de24c1c81700f0d8601b8dc0d32389322051e18ef6a3,,pending,,,,5
img_00001929,images/img_00001929.jpg,02_deepfirearm,deepfirearm,f6999ed89789bed70a05b94cd315c5c26477055c452077d6e79b9cef7eae3894,,pending,,,,5
img_00001930,images/img_00001930.jpg,02_deepfirearm,deepfirearm,375e6c386187b71815891aa5eff037f497c688b4c0a61724bd9f4716bf9b8a29,,pending,,,,5
img_00001931,images/img_00001931.jpg,02_deepfirearm,deepfirearm,6b4e4c71d651a033c39d99cf966ad3d7075ded48d88b1616c16c7cff84c97d1f,,pending,,,,5
img_00001932,images/img_00001932.jpg,02_deepfirearm,deepfirearm,d3016c67d7837ae1ee40fd5ea0aa6487f518c710fb28e0c1f2c4b31586683b4b,,pending,,,,5
img_00001933,images/img_00001933.jpg,02_deepfirearm,deepfirearm,6dfd2fb3fb5c818235be5453bc39301488ea6bc7236e7bd136c3f659b92ddbcb,,pending,,,,5
img_00001934,images/img_00001934.jpg,02_deepfirearm,deepfirearm,6f099810be9ba12c11b438a2e1bd517494ece84942825d824334f114d88163c9,,pending,,,,5
img_00001935,images/img_00001935.jpg,02_deepfirearm,deepfirearm,8420b600f05074e7c536b3e25bc83d0d61ea00d045357dc7ea630bfd1eda60d0,,pending,,,,5
img_00001936,images/img_00001936.jpg,02_deepfirearm,deepfirearm,dd4cf60c9752920286db621c44d08bd649a31f99b7ec28043de690910b3bbefb,,pending,,,,5
img_00001937,images/img_00001937.jpg,02_deepfirearm,deepfirearm,d04cf0c4b66b1bf67dbe2641a011ccf54e83cd6d7933f3e93511bcd0a5b70805,,pending,,,,5
img_00001938,images/img_00001938.jpg,02_deepfirearm,deepfirearm,54ea070be31a382c9415dc00ebaf7ae7d84108a531aa5fdddf9f804339462425,,pending,,,,5
img_00001939,images/img_00001939.jpg,02_deepfirearm,deepfirearm,9b5cce6c3e8325ccae3892d7951d21018e5c2c9911b4bcc7a2f525e45eee0e8e,,pending,,,,5
img_00001940,images/img_00001940.jpg,02_deepfirearm,deepfirearm,2423cc8fa4f8fa3f37d9fde9c7b0773d5a038920ced1eda404ac56323ba93623,,pending,,,,5
img_00001941,images/img_00001941.jpg,02_deepfirearm,deepfirearm,6919436b85577bcfbb61aa59a37327d5db14a9fef89fde506d55e72f89a26343,,pending,,,,5
img_00001942,images/img_00001942.jpg,02_deepfirearm,deepfirearm,d16aed32166f62100be87a8da35a079650b01f05a51101149123080701ab32c5,,pending,,,,5
img_00001943,images/img_00001943.jpg,02_deepfirearm,deepfirearm,3781989e6ca9477f09f2558a9cd6898a54f737e66e556a287ecf6a8c472b43e2,,pending,,,,5
img_00001944,images/img_00001944.jpg,02_deepfirearm,deepfirearm,eb46c58eb7fe78a159b96272d20a309a97f87fb7db185a8bdcdbd3bbdbcf7c80,,pending,,,,5
img_00001945,images/img_00001945.jpg,02_deepfirearm,deepfirearm,465a9ba6227a3ab2fc817774fdcc14e2f4ca3ca52b78071ff87c9ce35fd66bcb,,pending,,,,5
img_00001946,images/img_00001946.jpg,02_deepfirearm,deepfirearm,c3d17efd153e6da2b4159ed755be533b044f76a6836e1b2e5b73799949a6ce29,,pending,,,,5
img_00001947,images/img_00001947.jpg,02_deepfirearm,deepfirearm,0f913502a0ca31ee3bf22888328ae74e49b49d41d7dc8e57ab0e35ed18089f7c,,pending,,,,5
img_00001948,images/img_00001948.jpg,02_deepfirearm,deepfirearm,e58ea49d0cfb3d5f598db002059eff74247cc240e5519df84536badb1418514b,,pending,,,,5
img_00001949,images/img_00001949.jpg,02_deepfirearm,deepfirearm,280ba9f0f48ff8f0dc90de030852dba57e06d04628a948abe17a2606a562f42a,,pending,,,,5
img_00001950,images/img_00001950.jpg,02_deepfirearm,deepfirearm,0cc00bbaef5d04310f56dfff8732a320e41bdcea9b0dfcd6c4982f3e437c975f,,pending,,,,5
img_00001951,images/img_00001951.jpg,02_deepfirearm,deepfirearm,20c98e60fe8c0c8d990b4ad11c64100eec4f84184024eff65931c7368214d9ff,,pending,,,,5
img_00001952,images/img_00001952.jpg,02_deepfirearm,deepfirearm,a3b48607bce89a9652ecb9de9dac0cfe8af1441e8465b1aadd9765e70d8bb352,,pending,,,,5
img_00001953,images/img_00001953.jpg,02_deepfirearm,deepfirearm,36ba78f02e6620185602e675155a4c1d4ebbe5e518908d42daba1030c4e94cab,,pending,,,,5
img_00001954,images/img_00001954.jpg,02_deepfirearm,deepfirearm,dd1a975d0c090edcf4cf7cfcdae9ac46454eeaca1756072eaaf8f73298e53b5f,,pending,,,,5
img_00001955,images/img_00001955.jpg,02_deepfirearm,deepfirearm,eb44aec89ba2ec7f5daeeb109bebfdf9c68de0c8ed78363bb3e4f884507f4ec2,,pending,,,,5
img_00001956,images/img_00001956.jpg,02_deepfirearm,deepfirearm,4f5707b1f9ae6023db586b523d27c92cc96b3fcfc5b882f581ece865772d0379,,pending,,,,5
img_00001957,images/img_00001957.jpg,02_deepfirearm,deepfirearm,4f5f28287898f1f000b17b78c143c3235e87c36ce448d039f1c130a8d44f0445,,pending,,,,5
img_00001958,images/img_00001958.jpg,02_deepfirearm,deepfirearm,75bb5876058898c682b734fa9ab93525ff378e6efcd0454d7f1b29b03c3ccf6f,,pending,,,,5
img_00001959,images/img_00001959.jpg,02_deepfirearm,deepfirearm,149aaf792578e7e0fc4c8a97e8757b3862d19de2afdceafb595c45dbd76443dd,,pending,,,,5
img_00001960,images/img_00001960.jpg,02_deepfirearm,deepfirearm,eee4f03a310f4d22334a79be7cf32851d4d8348e3c5374aa1079116854b0beb6,,pending,,,,5
img_00001961,images/img_00001961.jpg,02_deepfirearm,deepfirearm,fa0670a080db320e34893c3ce1fccf9f379d1c27bf0c0f0f425fbb95ffecafac,,pending,,,,5
img_00001962,images/img_00001962.jpg,02_deepfirearm,deepfirearm,486703b39d1477c3762e989ef95156079a2d676f2cb6a348b4f00de93670fa6b,,pending,,,,5
img_00001963,images/img_00001963.jpg,02_deepfirearm,deepfirearm,d488222f4441bdf55e8fa26330d6df3510b7b3c8793c788dc48d8cec2c0d9093,,pending,,,,5
img_00001964,images/img_00001964.jpg,02_deepfirearm,deepfirearm,99dcd070bb8cd6681460e187758f2eea17b614d610826d4103f285c1ab6e3157,,pending,,,,5
img_00001965,images/img_00001965.jpg,02_deepfirearm,deepfirearm,397d23b4041145fda48601fa3e0cfa786013b3e6d32cc28e69e2e40eadf175d9,,pending,,,,5
img_00001966,images/img_00001966.jpg,02_deepfirearm,deepfirearm,68b3d03041b85028c21b6f3141b513c6096f446438a00e06e1592fbf596f2ce7,,pending,,,,5
img_00001967,images/img_00001967.jpg,02_deepfirearm,deepfirearm,3b897e1393f1da9f37fe5b16d7adb60f0cc8481073d0a067847f9a91bfb075fa,,pending,,,,5
img_00001968,images/img_00001968.jpg,02_deepfirearm,deepfirearm,f7a8cf270a1ed6d5478414dd3d7c6a83c0f0c1e2ed44c7b93bdbd8586f4e5dbf,,pending,,,,5
img_00001969,images/img_00001969.jpg,02_deepfirearm,deepfirearm,29d9c7110f25c14739bff99316758052b7df2ae519abb10992cacf3269f11f4a,,pending,,,,5
img_00001970,images/img_00001970.jpg,02_deepfirearm,deepfirearm,1b33b5f92b1b37b9696c70e6dedff24fb50e7ab1ea72ffd83ba8afdda9177940,,pending,,,,5
img_00001971,images/img_00001971.jpg,02_deepfirearm,deepfirearm,8afddf423fb81a3081b3f9de71c3c01a2f3e72aefcffff1faa4e88c2d6b75ad0,,pending,,,,5
img_00001972,images/img_00001972.jpg,02_deepfirearm,deepfirearm,7369d29fef977161a6bfc07f04fcfe3e99988dbc9784524a9a3cef4ca7b17331,,pending,,,,5
img_00001973,images/img_00001973.jpg,02_deepfirearm,deepfirearm,cbbe56a330ab5f9884378da8c56cf2aa96102efba01dfe99852d6b68ee1ddb8c,,pending,,,,5
img_00001974,images/img_00001974.jpg,02_deepfirearm,deepfirearm,2e73dbaff41f6c44fc189c85e8aa2c46749a47372fc5f79e4775a7244caea139,,pending,,,,5
img_00001975,images/img_00001975.jpg,02_deepfirearm,deepfirearm,1517dfb11cfa6b973b463083322e80e52e48840160b9fed0e8fbf3d0f37fb4f1,,pending,,,,5
img_00001976,images/img_00001976.jpg,02_deepfirearm,deepfirearm,a4bf3d5cf222d0f75640aea7f51506fea60d35a388b628a8cee92c6bd9662788,,pending,,,,5
img_00001977,images/img_00001977.jpg,02_deepfirearm,deepfirearm,86fd88538c503f1276d72fb6ddaf11de693730944fb69ffdbcb34363f24f363f,,pending,,,,5
img_00001978,images/img_00001978.jpg,02_deepfirearm,deepfirearm,2b2e3a35d4f7048bd5e9c095253ffe5950b6a3784c3588006df00a625459696d,,pending,,,,5
img_00001979,images/img_00001979.jpg,02_deepfirearm,deepfirearm,a3076a3befa684dac30cf1289a0778b0bce91739adcc1824a1d44b9240b5cd38,,pending,,,,5
img_00001980,images/img_00001980.jpg,02_deepfirearm,deepfirearm,93b4eff46cca32b7dd821f2dc0538315110ac3c15fd118887c494f40b470a058,,pending,,,,5
img_00001981,images/img_00001981.jpg,02_deepfirearm,deepfirearm,8f2d73b491e54cae24518ed84fd3bb67f9153434f3d0af1ad51ebe9c297b7ded,,pending,,,,5
img_00001982,images/img_00001982.jpg,02_deepfirearm,deepfirearm,4a4a2e505fd7c38a545b0fa8512fd47dbaec2a2f589fd6fa399713eb1327b261,,pending,,,,5
img_00001983,images/img_00001983.jpg,02_deepfirearm,deepfirearm,7c5bfec8fb48e1afb2d1e624eb7c261ab6b3cfc292cd55a9f9fef252f0bd6208,,pending,,,,5
img_00001984,images/img_00001984.jpg,02_deepfirearm,deepfirearm,b5f204df608d509726d81f886b0c0842cdb0814ad5f741b8231b97b2c566e105,,pending,,,,5
img_00001985,images/img_00001985.jpg,02_deepfirearm,deepfirearm,32eaff1ad7b8aa754f23dbf7371ed8dcd0175d9f118615cf2b5c511b70e80238,,pending,,,,5
img_00001986,images/img_00001986.jpg,02_deepfirearm,deepfirearm,d8eec27494f2e0cf80d3a3941123942ca1eb67c5f654840129368e4a32de4aa6,,pending,,,,5
img_00001987,images/img_00001987.jpg,02_deepfirearm,deepfirearm,ac36af317339af799502e656398a3d2a1b0a690cb8087372f4ed34e198c021f4,,pending,,,,5
img_00001988,images/img_00001988.jpg,02_deepfirearm,deepfirearm,06b3940e85c8eaa61b64c7993d54d52bf51ecbb6bb87732841549b52e20f38dd,,pending,,,,5
img_00001989,images/img_00001989.jpg,02_deepfirearm,deepfirearm,71b2508d74f71672a23c1de704c3d7560d4a49a3c8ce343e8df9567c577289f3,,pending,,,,5
img_00001990,images/img_00001990.jpg,02_deepfirearm,deepfirearm,be2076b1b52d47616f489cbe41f34341ca0efa3dadf11fbc481d175ea0ec496f,,pending,,,,5
img_00001991,images/img_00001991.jpg,02_deepfirearm,deepfirearm,d2b470430ade806e6dce4f0311a171005a6fb75525071d4fcc4e46a71b9bf8f0,,pending,,,,5
img_00001992,images/img_00001992.jpg,02_deepfirearm,deepfirearm,79208b7fd4715c0b856020f5f23fbd06bffaf41935e697d9241f01151de39978,,pending,,,,5
img_00001993,images/img_00001993.jpg,02_deepfirearm,deepfirearm,e894fcac891ef01a77867cb4c1b917b1663b95675438a11f1032d246cfa502d4,,pending,,,,5
img_00001994,images/img_00001994.jpg,02_deepfirearm,deepfirearm,5505e867ee88c20d6ee347cf3146abdbc04c41491c64f860487e3ac8d63d8714,,pending,,,,5
img_00001995,images/img_00001995.jpg,02_deepfirearm,deepfirearm,b22ae7df71c7a06e32897de1f78e19f57973b9ae2b047e27a77d789fb5b4aee7,,pending,,,,5
img_00001996,images/img_00001996.jpg,02_deepfirearm,deepfirearm,0b95d153a02c93106ac39553a012077ff172c2c0c23afb53c27f798dbf0e6065,,pending,,,,5
img_00001997,images/img_00001997.jpg,02_deepfirearm,deepfirearm,431174787d783a8127e6bf292d8fb3d37a0f96b080c8bfbad1de3250f4add348,,pending,,,,5
img_00001998,images/img_00001998.jpg,02_deepfirearm,deepfirearm,7cedea8288c94436cf90bece4f89cda19c3314fda0dfa905f58614a41c765aba,,pending,,,,5
img_00001999,images/img_00001999.jpg,02_deepfirearm,deepfirearm,e41ddb0b4137810a9c0e6f078fc755a55d70cfdcbed22c7909b31e8708d41765,,pending,,,,5
img_00002000,images/img_00002000.jpg,02_deepfirearm,deepfirearm,6d07d7548fc574b33446ca9257f752730eb4216364713d8d454d7961a3d0e459,,pending,,,,5
img_00002001,images/img_00002001.jpg,02_deepfirearm,deepfirearm,3c0094cb531d365c66451ef5c72174d9b77949e530e0110a23338d4d4a0d3dc8,,pending,,,,5
img_00002002,images/img_00002002.jpg,02_deepfirearm,deepfirearm,6b3ca2e8dc42a3fba7f9e2924830e349f4e1828d3878e4ec17e2ae02fd8c5671,,pending,,,,5
img_00002003,images/img_00002003.jpg,02_deepfirearm,deepfirearm,05da6d657d5eb85bc55acd43106c9ea2602425f19bde5164850a37be3a6b7709,,pending,,,,5
img_00002004,images/img_00002004.jpg,02_deepfirearm,deepfirearm,e3b0db0859be673c3542b985c19662fbd7f19f95a8967901835cc71e3b9b0813,,pending,,,,5
img_00002005,images/img_00002005.jpg,02_deepfirearm,deepfirearm,73d86845d3676159204d8b429ff4b84a365544fbc08992164262619f8c0a1dd3,,pending,,,,5
img_00002006,images/img_00002006.jpg,02_deepfirearm,deepfirearm,543d4190b9d8c6426eb87956e7e69594775249b5c1070351cb9529278a059a5d,,pending,,,,5
img_00002007,images/img_00002007.jpg,02_deepfirearm,deepfirearm,43634830b077357ee7cfc0101b924a90e4897b67a4f92695232f33166435b0c5,,pending,,,,5
img_00002008,images/img_00002008.jpg,02_deepfirearm,deepfirearm,93720be1815ded743a59a6a0d9728eeb84f8c0479fb143365a0c262d6fa81c0c,,pending,,,,5
img_00002009,images/img_00002009.jpg,02_deepfirearm,deepfirearm,3e30306e73f02e8b0e0d58a8b3773be59fa7f348516e0d7f2e46ca7f0790ca41,,pending,,,,5
img_00002010,images/img_00002010.jpg,02_deepfirearm,deepfirearm,701c0381dcce658ac52b223ab4430e38d26aa908dd439fe58de086fc9fe1935d,,pending,,,,5
img_00002011,images/img_00002011.jpg,02_deepfirearm,deepfirearm,2d474f3ebf573168b2255b7275a212b81964921c09bfd4000ac1577181c62081,,pending,,,,5
img_00002012,images/img_00002012.jpg,02_deepfirearm,deepfirearm,b4fe5ebcc326474ab4afaed881ff92f114b00c86cf2eec8e01818c49a3fd2219,,pending,,,,5
img_00002013,images/img_00002013.jpg,02_deepfirearm,deepfirearm,e515c429938a9706a3e7edae45606929e8bdb5129aff70653285c0b3a737b44a,,pending,,,,5
img_00002014,images/img_00002014.jpg,02_deepfirearm,deepfirearm,6590c2ca0365a7d75c1a6010c2f8670f69ca4db8cbbc95b9194c7150ecfe9b1f,,pending,,,,5
img_00002015,images/img_00002015.jpg,02_deepfirearm,deepfirearm,71ff36d46f530acc953d002a12378f541df576b654db960c076078bfbdc07e46,,pending,,,,5
img_00002016,images/img_00002016.jpg,02_deepfirearm,deepfirearm,442bc585007f91379b5fd108d8141dc60303b56ee1032aae67743652042c7ad3,,pending,,,,5
img_00002017,images/img_00002017.jpg,02_deepfirearm,deepfirearm,8ee146795d5f0939197c30ee387451fa004df9f042fffddbfe6db0779879c8d8,,pending,,,,5
img_00002018,images/img_00002018.jpg,02_deepfirearm,deepfirearm,451629c829c5144e7175ff96a0c560cedd953ed061bd8c5007fa45fd68393cb6,,pending,,,,5
img_00002019,images/img_00002019.jpg,02_deepfirearm,deepfirearm,973b843d86b8d7c3faed219d72465eda9a6cf3c31723c1a7d71e89273a0c2b68,,pending,,,,5
img_00002020,images/img_00002020.jpg,02_deepfirearm,deepfirearm,08b4f356b61a6a95c3a1beb17f22b1c6b98a37ea9271abee524c705380a4f1ba,,pending,,,,5
img_00002021,images/img_00002021.jpg,02_deepfirearm,deepfirearm,6dff1008c8a4093146a25cb9837efc6fe792c4d74901a8ee51edcf85005702aa,,pending,,,,5
img_00002022,images/img_00002022.jpg,02_deepfirearm,deepfirearm,e8e35c3ac5fa0b55668e98e0caf6eabc97557a3cea81bb7fa13a4011fe1ea2ce,,pending,,,,5
img_00002023,images/img_00002023.jpg,02_deepfirearm,deepfirearm,f7ab0e54cc0a8c11f7bae4c23cb8e3d5ba0ce88f60d35b2a68c6fbc841b1b3f8,,pending,,,,5
img_00002024,images/img_00002024.jpg,02_deepfirearm,deepfirearm,9bff173786ab90a41e66c8ec047ce978edc2e382bcc17d4ba3728ac0cbfaca98,,pending,,,,5
img_00002025,images/img_00002025.jpg,02_deepfirearm,deepfirearm,8ddf446edc758c6f67810e389629038c9ebb1d321ec4752723991f5dcfcb7653,,pending,,,,5
img_00002026,images/img_00002026.jpg,02_deepfirearm,deepfirearm,e192bd9666b432590bb892a157f377793a64c7f5fc2461208a6d32ba7c9e176c,,pending,,,,5
img_00002027,images/img_00002027.jpg,02_deepfirearm,deepfirearm,d449cb0cb95b04872e486d8cae9eb400200d9420343edff25c981c2e1dd0acce,,pending,,,,5
img_00002028,images/img_00002028.jpg,02_deepfirearm,deepfirearm,f8b08e57414ba24e1f210160cd49525a4957ba5b4d0d3457ff77ead1f6248134,,pending,,,,5
img_00002029,images/img_00002029.jpg,02_deepfirearm,deepfirearm,a00b895a17cbd494f612587702b7e9e5fb488ab26ecc395192c2dda300786a1c,,pending,,,,5
img_00002030,images/img_00002030.jpg,02_deepfirearm,deepfirearm,ef0f68552fec36eaeade48507cb3aa69a2399f21b3ccf370968562f141d60ca0,,pending,,,,5
img_00002031,images/img_00002031.jpg,02_deepfirearm,deepfirearm,138c4cce7abc2f716b4f13a3e0daa7b7bc3c86f809720d119a4e09750c272a07,,pending,,,,5
img_00002032,images/img_00002032.jpg,02_deepfirearm,deepfirearm,97a203aa15d0e272ed21e70758f9b152b7d592769cf27f41762b9c779ce994bc,,pending,,,,5
img_00002033,images/img_00002033.jpg,02_deepfirearm,deepfirearm,3409d64d82ce4bb7450ff8da6187e7feb22e222f6a8536d6fdb3a6fed151745e,,pending,,,,5
img_00002034,images/img_00002034.jpg,02_deepfirearm,deepfirearm,156d740e403fb6998d5887efb0f4b42a3e623abd592db3fe92a3c2afea4a15d1,,pending,,,,5
img_00002035,images/img_00002035.jpg,02_deepfirearm,deepfirearm,b7cc24e5ab2ec5f76006d6b88c9b899e59377db300873edcabfd20455d6121df,,pending,,,,5
img_00002036,images/img_00002036.jpg,02_deepfirearm,deepfirearm,a826aaaa0da2cf8c686655b50a4ab1715aa4b41671c676af03e46a92f9a0a845,,pending,,,,5
img_00002037,images/img_00002037.jpg,02_deepfirearm,deepfirearm,44e703fde6a3ef588e59ab906632e184440bb9207eaaf8534c74d1fa725edb20,,pending,,,,5
img_00002038,images/img_00002038.jpg,02_deepfirearm,deepfirearm,1b72ba2c62e1aa6e38cf272b2484d8490c5b8d41cace3c71c1d6aaf64991f23d,,pending,,,,5
img_00002039,images/img_00002039.jpg,02_deepfirearm,deepfirearm,cbd8c061e49bdcc9c3b9bb6177b71b4875e1d153b27ba31b30a8e9604cddd18c,,pending,,,,5
img_00002040,images/img_00002040.jpg,02_deepfirearm,deepfirearm,029015f4030849b9384e672c83fb502f0875ef696b871fcadbef731dedb48829,,pending,,,,5
img_00002041,images/img_00002041.jpg,02_deepfirearm,deepfirearm,7fcd5ef0222438525a68a4c4a81a4f395d76d94b218545dae22282147af6067c,,pending,,,,5
img_00002042,images/img_00002042.jpg,02_deepfirearm,deepfirearm,7f1dd9b10e73c02dcd1eaa450f5822808b291162ebb08df2021ed809d3cd825c,,pending,,,,5
img_00002043,images/img_00002043.jpg,02_deepfirearm,deepfirearm,e887244923f7c721a4de8f0eff9beaba19cb1b633971b004badbf9e4b1ec4cbf,,pending,,,,5
img_00002044,images/img_00002044.jpg,02_deepfirearm,deepfirearm,bbe56b4e008d5e4ab83d887d1d8bf20d7917b0fb07180c227efca7dfc072b08c,,pending,,,,5
img_00002045,images/img_00002045.jpg,02_deepfirearm,deepfirearm,ac4fc775ef2e31ca1a36a54c9420dcaf109d3eb93aa4f6d2bad781ef4c5965a0,,pending,,,,5
img_00002046,images/img_00002046.jpg,02_deepfirearm,deepfirearm,cb1b8610e7834e1072d60cab3223455e7f4c5b29158e7141e48fa02526154046,,pending,,,,5
img_00002047,images/img_00002047.jpg,02_deepfirearm,deepfirearm,6acaa634e564a26be819a5c8e8cfea633c8acc0864f4783e61ecfed6165fe620,,pending,,,,5
img_00002048,images/img_00002048.jpg,02_deepfirearm,deepfirearm,ef93291c580bf576f5b43493364a7bcbd30c4c2376d9d7079fdd829b6c3e9fa9,,pending,,,,5
img_00002049,images/img_00002049.jpg,02_deepfirearm,deepfirearm,44224ffb555c33b2be5a35c416239142b6a6d87ccfcc746497d98009fa4dbfbf,,pending,,,,5
img_00002050,images/img_00002050.jpg,02_deepfirearm,deepfirearm,dd02c10465efd2ca772b6d2a2a6830a317b1414ee0aadb62bb8689671ccfbb3e,,pending,,,,5
img_00002051,images/img_00002051.jpg,02_deepfirearm,deepfirearm,c7107ef1d8fd131f5af9b9225d0199c81852a5dda31bc98b7c56e0c39072ad9a,,pending,,,,5
img_00002052,images/img_00002052.jpg,02_deepfirearm,deepfirearm,1d39146cb218f6351a1ae4d6781fbb38d9ca360aace989d7c1257af97f8ca263,,pending,,,,5
img_00002053,images/img_00002053.jpg,02_deepfirearm,deepfirearm,289dc5a885b94ab14c985f0dae7de28f5890d99634ab6b097e8b2f6bdedccc20,,pending,,,,5
img_00002054,images/img_00002054.jpg,02_deepfirearm,deepfirearm,5b9b2005b6aaffca805ecab98fcba3576695a9911fdcdda177ba2d01f1e6c1ec,,pending,,,,5
img_00002055,images/img_00002055.jpg,02_deepfirearm,deepfirearm,125f501b46a773cbfc1dcf6ac85910b657cc40e3b11e35c6c6e4ccdcfdf075c7,,pending,,,,5
img_00002056,images/img_00002056.jpg,02_deepfirearm,deepfirearm,f18cbd11980bbb41f15a498e98d70f5c7817a06616e55c4624454770ad7c30be,,pending,,,,5
img_00002057,images/img_00002057.jpg,02_deepfirearm,deepfirearm,0110d98034c21ec06ae93a7b64cc4e5539a7438d8d8f6cefa2cab37451fc8af6,,pending,,,,5
img_00002058,images/img_00002058.jpg,02_deepfirearm,deepfirearm,826732202659e4690aad71291ea032b0594916493af58ee2211af9480feee831,,pending,,,,5
img_00002059,images/img_00002059.jpg,02_deepfirearm,deepfirearm,0e3cbca7f0acb841b864a547ddd35ce2c07440ae623dcf319010f57f861bccc7,,pending,,,,5
img_00002060,images/img_00002060.jpg,02_deepfirearm,deepfirearm,e0f524879aa92cb50a60662adf26b15c8e812b72bf706c3afbffadffc50d93e3,,pending,,,,5
img_00002061,images/img_00002061.jpg,02_deepfirearm,deepfirearm,fc54a2085451f271743b95b2153e3b2154cecb1f8ccf21afdf549070dba9a466,,pending,,,,5
img_00002062,images/img_00002062.jpg,02_deepfirearm,deepfirearm,83fef33d55227c058576e66ebbfa549e43d6bfb0911064736f34a83cd35a46c4,,pending,,,,5
img_00002063,images/img_00002063.jpg,02_deepfirearm,deepfirearm,fb8a1ff8fc4d5457852d719043f7df34dcc8f10d4e32cc87de03ddeb662cbba4,,pending,,,,5
img_00002064,images/img_00002064.jpg,02_deepfirearm,deepfirearm,1098dc2996aa28c8d10c385a1ce3ffec0a2c907c23415e33dc40d947e4c93a59,,pending,,,,5
img_00002065,images/img_00002065.jpg,02_deepfirearm,deepfirearm,4dbd4c33a7f99474af6b3a96dbf3f6455af361c9f9f1da0f1a7006f159e1fe1c,,pending,,,,5
img_00002066,images/img_00002066.jpg,02_deepfirearm,deepfirearm,e97bddae156d15890d789d841f0ca69a2a8453ea1074e92ba2f164c10af36306,,pending,,,,5
img_00002067,images/img_00002067.jpg,02_deepfirearm,deepfirearm,6af24ab14185a296d9aeac3bb35e584ce1a29a73e189b44a338ce4fdc825dda4,,pending,,,,5
img_00002068,images/img_00002068.jpg,02_deepfirearm,deepfirearm,af7bed634ae4b02107714ac7b17687db50d35090e4f02957d67d6eca6390f8c1,,pending,,,,5
img_00002069,images/img_00002069.jpg,02_deepfirearm,deepfirearm,15d4428e00ddd054fe5771cc7f8c812e332f01d5851b93b51b8a019158f05c1c,,pending,,,,5
img_00002070,images/img_00002070.jpg,02_deepfirearm,deepfirearm,b256d1835734637b86b0f8532aab368c6c0e34e7175eacec9ce47ce1872a5844,,pending,,,,5
img_00002071,images/img_00002071.jpg,02_deepfirearm,deepfirearm,064e0aaf8ceda857135702e605dcc5691d03c077af7c8a3e346815665dfe1190,,pending,,,,5
img_00002072,images/img_00002072.jpg,02_deepfirearm,deepfirearm,bd0ef5739b21ee8252bc779b247f90a5b9300f7a71b7196401879c4dcbd4e5f8,,pending,,,,5
img_00002073,images/img_00002073.jpg,02_deepfirearm,deepfirearm,1d70633b534d39a1da3b8d2ce5864f688b62150ad5364d23b8a41112877a1c4f,,pending,,,,5
img_00002074,images/img_00002074.jpg,02_deepfirearm,deepfirearm,775d950ad3895b22e07e1364a48164c2fbef4beb258743450697d92267396019,,pending,,,,5
img_00002075,images/img_00002075.jpg,02_deepfirearm,deepfirearm,b8e6b81d8b5f5b97cd4f82447ac26ec3b3fe162ec5128bf7c1a2eb616ce85246,,pending,,,,5
img_00002076,images/img_00002076.jpg,02_deepfirearm,deepfirearm,16334b4fe93f24c4380d3795245c57159bde1bbd4399823ee132b2252590c315,,pending,,,,5
img_00002077,images/img_00002077.jpg,02_deepfirearm,deepfirearm,38c675e505004e77077743bbe514df78e59ac39903f1e910d0f166346836dd46,,pending,,,,5
img_00002078,images/img_00002078.jpg,02_deepfirearm,deepfirearm,07272ef74ca7ef16d8dde82a14cbaaf5bdc93c60d0083c9f73f660ace76f5b83,,pending,,,,5
img_00002079,images/img_00002079.jpg,02_deepfirearm,deepfirearm,3f971de37d7f491eb700a8db1fefdbadd3a36b809c5812f3fd39e7ba982e0a63,,pending,,,,5
img_00002080,images/img_00002080.jpg,02_deepfirearm,deepfirearm,a42bd549dc4ab71cc568a2a9081a4007c40f270d0c355e8839bc88eb4b04c10b,,pending,,,,5
img_00002081,images/img_00002081.jpg,02_deepfirearm,deepfirearm,568ddab9db4ffd61a79e356393776ca5f5961b93b0a4f8865890d30c5f6b7ed4,,pending,,,,5
img_00002082,images/img_00002082.jpg,02_deepfirearm,deepfirearm,8452752bdb13f899363536faa03420154aa0029bc646e2ab73dcf3ef3dd59c2c,,pending,,,,5
img_00002083,images/img_00002083.jpg,02_deepfirearm,deepfirearm,08c97afa5f52284ed4125922ef8480cd108d9d30b56b73007b71b40a057eb332,,pending,,,,5
img_00002084,images/img_00002084.jpg,02_deepfirearm,deepfirearm,01192d851570fa6494d4779a930a20e76271cd1e2208de94cbc3cebe8979b230,,pending,,,,5
img_00002085,images/img_00002085.jpg,02_deepfirearm,deepfirearm,0764a85bb1726e3439702c55eae709a6df40bcbeaf748fa7c067d3a157b74142,,pending,,,,5
img_00002086,images/img_00002086.jpg,02_deepfirearm,deepfirearm,7082d369b049bb24608eb1977b5714a8aaa7aa6e5135f67af7544d2a5b51ede1,,pending,,,,5
img_00002087,images/img_00002087.jpg,02_deepfirearm,deepfirearm,0fbe40267345bb7ca2a3762cbeb6d27295ff3bd4da21f810797b32e8060d0ec1,,pending,,,,5
img_00002088,images/img_00002088.jpg,02_deepfirearm,deepfirearm,d9dd3333e7a49fe31e855bb53d4e0aa095f3b5fa9b3b7676a5448fbf8d3de95d,,pending,,,,5
img_00002089,images/img_00002089.jpg,02_deepfirearm,deepfirearm,6e6c1c1324d40b466b5430c5289468cfd15f3070db9f9538503f7d18f622fa3c,,pending,,,,5
img_00002090,images/img_00002090.jpg,02_deepfirearm,deepfirearm,97367dde4e167a9d73ad29ba95630cbcb9a758647cab5208dca3435bea6956d1,,pending,,,,5
img_00002091,images/img_00002091.jpg,02_deepfirearm,deepfirearm,ba23557ac4e0ad28301d3925eb845d2d23e6d5b1e017a9fc3594b62af575d652,,pending,,,,5
img_00002092,images/img_00002092.jpg,02_deepfirearm,deepfirearm,a847ea932b850af150f9b920f98ad120d5fe21f2638c9d8653aeba44dbdb94e9,,pending,,,,5
img_00002093,images/img_00002093.jpg,02_deepfirearm,deepfirearm,110d10de17604318b53bfbe3479eb2241571c5ef0da0796d1f41c1b6bd35e5fa,,pending,,,,5
img_00002094,images/img_00002094.jpg,02_deepfirearm,deepfirearm,1ce909b5bd1173dac8df822ff3517a7d91ff9f0108c42a168f7ad80776dc9093,,pending,,,,5
img_00002095,images/img_00002095.jpg,02_deepfirearm,deepfirearm,dc46cf26a9edbff3dc40dadf1b44fcfdaa35b2fcae02dd7fb530215c7c8e4e66,,pending,,,,5
img_00002096,images/img_00002096.jpg,02_deepfirearm,deepfirearm,0792210d789f2d2e9a147ea97aa95f8d9d855e25133e1a82266d007f06354514,,pending,,,,5
img_00002097,images/img_00002097.jpg,02_deepfirearm,deepfirearm,4c92d485b16c698bb61d7a445586c4e84edeb2f5431e55b58040af0da74f2944,,pending,,,,5
img_00002098,images/img_00002098.jpg,02_deepfirearm,deepfirearm,d21d0df2ae3e2f10b7d421e472160ac733fdb83946dba8f9dfeaa944dbc53e18,,pending,,,,5
img_00002099,images/img_00002099.jpg,02_deepfirearm,deepfirearm,09026e6e5d865824cbc0370ebda5bbecbe974ee49de68a99f8cb62227d86ecc3,,pending,,,,5
img_00002100,images/img_00002100.jpg,02_deepfirearm,deepfirearm,5ca0ed88a00d87d6ca537e8e3a9d84e5fc0868e3cc9ecd974e3bb45d0a83a3e1,,pending,,,,5
img_00002101,images/img_00002101.jpg,02_deepfirearm,deepfirearm,2f8a27b2788ee04f70886ccf81f3645398753633626cd2f6a48e3ba927c20769,,pending,,,,5
img_00002102,images/img_00002102.jpg,02_deepfirearm,deepfirearm,c4afcb9b9c3a77dd93c22a888e219e5317d2154047f980e51750c07cd41f32ed,,pending,,,,5
img_00002103,images/img_00002103.jpg,02_deepfirearm,deepfirearm,af76e00ec4499642e05730ba0a16687284a009094e9860ac1bc7bc9297f8726e,,pending,,,,5
img_00002104,images/img_00002104.jpg,02_deepfirearm,deepfirearm,c88eda1c8f685cb85fd15a00efef008a21966a428bfe52a24a7f88c68e7b3618,,pending,,,,5
img_00002105,images/img_00002105.jpg,02_deepfirearm,deepfirearm,abce9ac11119ca4f81540ce6f2c95496ed7754a87346af91dd9ad6c1490b2489,,pending,,,,5
img_00002106,images/img_00002106.jpg,02_deepfirearm,deepfirearm,ee3606f203e4dab8f1e212271da3b0ace376d4611931ad0ac883e29f52c61d6d,,pending,,,,5
img_00002107,images/img_00002107.jpg,02_deepfirearm,deepfirearm,bf73e080e639f9813236d31eff428e6ccf60fefa7205c1c859eb9c8dda2b643d,,pending,,,,5
img_00002108,images/img_00002108.jpg,02_deepfirearm,deepfirearm,63d2c3cab70f871138e7a5ac69879380a3f2c38860c16ff56dda45400f6eeb16,,pending,,,,5
img_00002109,images/img_00002109.jpg,02_deepfirearm,deepfirearm,d2a5904b1331b9043c4459162e383bd840980e13812031b7e474917b4e679b2b,,pending,,,,5
img_00002110,images/img_00002110.jpg,02_deepfirearm,deepfirearm,46d4529fce9d11c40756e393d5fedce5c579d9e7102ae31902d454eebea55c26,,pending,,,,5
img_00002111,images/img_00002111.jpg,02_deepfirearm,deepfirearm,fcfb111903cc335fbeb3dc432c08613f82de0c62e88b94b934a0d04ec3b6686f,,pending,,,,5
img_00002112,images/img_00002112.jpg,02_deepfirearm,deepfirearm,68aff8e2b17f95ca53fe7f03e0a0c3820d9286bd2c59261388d0d77099dae7cd,,pending,,,,5
img_00002113,images/img_00002113.jpg,02_deepfirearm,deepfirearm,cb2c440d89b7f41713b62c8b007ea566e06cae815f3ea0a92945c31af5c33ed0,,pending,,,,5
img_00002114,images/img_00002114.jpg,02_deepfirearm,deepfirearm,369db5f649dbfc04f430e84195700d5e58635164f50a54433c744072fb346e9a,,pending,,,,5
img_00002115,images/img_00002115.jpg,02_deepfirearm,deepfirearm,d75aa121539f294fd9b8fafd86e4f4bc5c38cf8a4b928d7ef44bbc0203eadb1f,,pending,,,,5
img_00002116,images/img_00002116.jpg,02_deepfirearm,deepfirearm,88694ffcaab9a436b914d7ae9aa853e5e094fc290729a8cb739f3732a95e8425,,pending,,,,5
img_00002117,images/img_00002117.jpg,02_deepfirearm,deepfirearm,73134743b60761c200c954fea22d1cc04ad2f52d9a8853a81b824f47b87fdab4,,pending,,,,5
img_00002118,images/img_00002118.jpg,02_deepfirearm,deepfirearm,0c3bb15720481500abdad743411cf08af0a3030c250074b1f2e24f9c5cc81616,,pending,,,,5
img_00002119,images/img_00002119.jpg,02_deepfirearm,deepfirearm,1646dbdfa4217b3081f159aad7dd9f6868e5567ccdca3eb4bc93617c06df5416,,pending,,,,5
img_00002120,images/img_00002120.jpg,02_deepfirearm,deepfirearm,984bc8b389945895300904919bce59ad2765b6fea2f1b496030162550912dad9,,pending,,,,5
img_00002121,images/img_00002121.jpg,02_deepfirearm,deepfirearm,dd44224af608ae9ddce69d1f7374a944f2c58dc48ea087b06ce12df0cc4222ab,,pending,,,,5
img_00002122,images/img_00002122.jpg,02_deepfirearm,deepfirearm,f7ddfa4dcb6bfd63b8153801688a130edb3e61c1664b4df4fecbebe42de467e8,,pending,,,,5
img_00002123,images/img_00002123.jpg,02_deepfirearm,deepfirearm,671d13c883b5ebe58de9e954397121468d23ddfb2d534c07fd214bb64867825a,,pending,,,,5
img_00002124,images/img_00002124.jpg,02_deepfirearm,deepfirearm,1117aea4f8432c795d4b6fe57fbc455d27fcd98915b574ba633b5d0dbdf3023a,,pending,,,,5
img_00002125,images/img_00002125.jpg,02_deepfirearm,deepfirearm,785172afd6c2ce612f9565c8b25aa718b98ef5a67dca89193310d425435438c9,,pending,,,,5
img_00002126,images/img_00002126.jpg,02_deepfirearm,deepfirearm,d9a246908fe841fb7f3a617b650794436028aa19d3ba988b91266e294601ba46,,pending,,,,5
img_00002127,images/img_00002127.jpg,02_deepfirearm,deepfirearm,7a2801dfda8cefd87922ac5fb72cf2802cfed5ceb971075c19f301354d97eaf2,,pending,,,,5
img_00002128,images/img_00002128.jpg,02_deepfirearm,deepfirearm,dc0f2593e4ce12a255db167c552b3a2115a69d78102d2dc37016166d6f600de3,,pending,,,,5
img_00002129,images/img_00002129.jpg,02_deepfirearm,deepfirearm,69bb166bb14c935458d2447a0993af9f1051f9ddab1f7bacf655545e1014d83b,,pending,,,,5
img_00002130,images/img_00002130.jpg,02_deepfirearm,deepfirearm,4942b117da4472ad0a8bcc27ab28235dced960c7ff89863a50052b6d2d5716f6,,pending,,,,5
img_00002131,images/img_00002131.jpg,02_deepfirearm,deepfirearm,05419230c163779dbf9c2905711975fadb6faac0f1eb0468c1d85563803ff1c9,,pending,,,,5
img_00002132,images/img_00002132.jpg,02_deepfirearm,deepfirearm,fa35510cc0ba2545a6002f9250d87c84ad3530fd47c993ac7ecae3edf6942c2f,,pending,,,,5
img_00002133,images/img_00002133.jpg,02_deepfirearm,deepfirearm,44b01f72adf0086169609a2f1aa7cec42ae3c983eda204b8db85e16ba4bd0ac9,,pending,,,,5
img_00002134,images/img_00002134.jpg,02_deepfirearm,deepfirearm,181d04578883f699694309aea5477c6757664daa08083cdc1bb10377e7a1ed2c,,pending,,,,5
img_00002135,images/img_00002135.jpg,02_deepfirearm,deepfirearm,d6510943944afd339ea0bde98089e93ccc36943d7681b85d21cbd0a34e452199,,pending,,,,5
img_00002136,images/img_00002136.jpg,02_deepfirearm,deepfirearm,2f93a22698ad10a596356cd816695b1e6abb642a4ab0ae29798a5f3d9679c956,,pending,,,,5
img_00002137,images/img_00002137.jpg,02_deepfirearm,deepfirearm,5d765095b20b678bb0197496bbe8e305a6956eef10da420d6eca4ca1ce7e24ba,,pending,,,,5
img_00002138,images/img_00002138.jpg,02_deepfirearm,deepfirearm,098e05a6e6b257f31e039ff16e3fefedc7f14bfa52b37222e7745877cc029cb5,,pending,,,,5
img_00002139,images/img_00002139.jpg,02_deepfirearm,deepfirearm,62b0167f6b4ce9d1fb1944fe04551d908b55282c6d7efc21c5901e4ddf8321e5,,pending,,,,5
img_00002140,images/img_00002140.jpg,02_deepfirearm,deepfirearm,6fc6807f8b4d20da7280d0ce31f16004b1b40086321100b20e0d3116621a95c8,,pending,,,,5
img_00002141,images/img_00002141.jpg,02_deepfirearm,deepfirearm,dffea3f262053f12755624e182caca36eecff180c14096a5e4b9306cdb99e223,,pending,,,,5
img_00002142,images/img_00002142.jpg,02_deepfirearm,deepfirearm,f52aa8b9cd546808b295909615c99ac5653cc3a762b9ea796e98079ead7a5320,,pending,,,,5
img_00002143,images/img_00002143.jpg,02_deepfirearm,deepfirearm,a2a0a6132e948345d817929ba3f80c0fa306ff8f17f45f5e0cdde438d50fb26f,,pending,,,,5
img_00002144,images/img_00002144.jpg,02_deepfirearm,deepfirearm,5897d71090acf29f48a86edbf13260df3ecc226aa92da39a5315d48d2460a59a,,pending,,,,5
img_00002145,images/img_00002145.jpg,02_deepfirearm,deepfirearm,cfdd1edac8f850494aa8c3e29efa5bc98b7c6f77f81d5ed9fc1ea1a125e4c598,,pending,,,,5
img_00002146,images/img_00002146.jpg,02_deepfirearm,deepfirearm,94bbff400e90b287bb64647307997540757b27aea42bc4ca5473effca7b93eb0,,pending,,,,5
img_00002147,images/img_00002147.jpg,02_deepfirearm,deepfirearm,2d4fce1d2c7b3c65da014374300608047ca5f205b50dfa290786f4e384c35082,,pending,,,,5
img_00002148,images/img_00002148.jpg,02_deepfirearm,deepfirearm,de18bfae3f7aeb6599b401bbe5d8152e05a285f3bdddb7963a536bb3b2ccf1dc,,pending,,,,5
img_00002149,images/img_00002149.jpg,02_deepfirearm,deepfirearm,114d742caa2737580bee1a24867f02ce291f54a71f3a29d3181f205cc4eb97f8,,pending,,,,5
img_00002150,images/img_00002150.jpg,02_deepfirearm,deepfirearm,f9fbcc91ed0fd89b8b7241c04920775f8c3ee716bc6efd09d797fd6fd7ec99a4,,pending,,,,5
img_00002151,images/img_00002151.jpg,02_deepfirearm,deepfirearm,185e05f35f3426e809bcff6bf97368f2be267eaa5b45f52dc3ec7e6dbc94b843,,pending,,,,5
img_00002152,images/img_00002152.jpg,02_deepfirearm,deepfirearm,30833386a10b5d0cc36f73d5cbf6e0e47a0d43fcb189a923c9b7442bf9c3b5ca,,pending,,,,5
img_00002153,images/img_00002153.jpg,02_deepfirearm,deepfirearm,81466335766cf45f26dee3763618778fa28cdeee3bffc7e41d1222ad6d019358,,pending,,,,5
img_00002154,images/img_00002154.jpg,02_deepfirearm,deepfirearm,e81f56acf425d35e5ecdbc62b586304b4ecdfe783d94ad77e841bb61b6843d72,,pending,,,,5
img_00002155,images/img_00002155.jpg,02_deepfirearm,deepfirearm,f33b77c2c8392a242b10af1a3c9dccee47894d709572cc96a7e77a1644827e1f,,pending,,,,5
img_00002156,images/img_00002156.jpg,02_deepfirearm,deepfirearm,4c4ff4303859e32934bd4ccee238fc4164050b7801be39d110433d7fc75f5e6b,,pending,,,,5
img_00002157,images/img_00002157.jpg,02_deepfirearm,deepfirearm,9fb188ab93f6b3ad25dec68cf2198312684fbe8e1d353ffbb602c72ec9a7fe59,,pending,,,,5
img_00002158,images/img_00002158.jpg,02_deepfirearm,deepfirearm,589d1e4ad98a2268824545a02ad3c44a29ecc10ff2a75a1a000f5b5560204cf0,,pending,,,,5
img_00002159,images/img_00002159.jpg,02_deepfirearm,deepfirearm,02148045e3955e119ec5bf3556dd63e2e1dca4a006bb266ab55d625f9402aba3,,pending,,,,5
img_00002160,images/img_00002160.jpg,02_deepfirearm,deepfirearm,a05a684789349514c741d32611a7dc5f7972d2214074bc0e40b77a3fde3291de,,pending,,,,5
img_00002161,images/img_00002161.jpg,02_deepfirearm,deepfirearm,664b0877a7aada9f6e875a0ea8a95e8073bca667765c1700c36ec4888eff902d,,pending,,,,5
img_00002162,images/img_00002162.jpg,02_deepfirearm,deepfirearm,eeb5bccead37caaf1e284df469e51cbbc083cc50a6e7b32fafd1605ce3d74204,,pending,,,,5
img_00002163,images/img_00002163.jpg,02_deepfirearm,deepfirearm,66b3bdfbcc41738bad2d84c5dc22881a376403d50a0488ea82821fedf05dfb9c,,pending,,,,5
img_00002164,images/img_00002164.jpg,02_deepfirearm,deepfirearm,aa27d33184326bd1b1f2b230f812c89e6e04a79001f0b4c5f50875403ab779f3,,pending,,,,5
img_00002165,images/img_00002165.jpg,02_deepfirearm,deepfirearm,f0bdb6fac2504a6fd6ccdb2199fb42e39e7091f6feb625782b9d93e593b02659,,pending,,,,5
img_00002166,images/img_00002166.jpg,02_deepfirearm,deepfirearm,27203e9235909bfaf83981524e14e88b0dcb17c9473bfbfff94edf2454fab204,,pending,,,,5
img_00002167,images/img_00002167.jpg,02_deepfirearm,deepfirearm,a05e8965746746716a22ce312f62845481b8010b3177d51bb63035050b67e9c5,,pending,,,,5
img_00002168,images/img_00002168.jpg,02_deepfirearm,deepfirearm,f7e1251f26dc43162be7c371d7d0a259d615577b976bca00f8496d39f47a45ba,,pending,,,,5
img_00002169,images/img_00002169.jpg,02_deepfirearm,deepfirearm,d4818816ce38ddea2ef002670e8ab9337e4496e8e2e0556b269821e6cec9e366,,pending,,,,5
img_00002170,images/img_00002170.jpg,02_deepfirearm,deepfirearm,c67b25449a4a0f106cd099a847aeaa969267adb49220a0613dd3868c34f6cd24,,pending,,,,5
img_00002171,images/img_00002171.jpg,02_deepfirearm,deepfirearm,6c677a3fe5943d1c75c03ab87acdfa345845aba7cb02c8c2ae850931701266a7,,pending,,,,5
img_00002172,images/img_00002172.jpg,02_deepfirearm,deepfirearm,a774e00dfb21b28cb70372efb552fbfb51a1da01d34682e54302936e68f4e644,,pending,,,,5
img_00002173,images/img_00002173.jpg,02_deepfirearm,deepfirearm,8709a6e133e64b6a00a5dc2091f46173d1e8855fcbdf1954a623eb7020ad4f76,,pending,,,,5
img_00002174,images/img_00002174.jpg,02_deepfirearm,deepfirearm,3a9dac85d1f8596c41177a222849b31b9d915bebf7cc1019657a20c3027be41a,,pending,,,,5
img_00002175,images/img_00002175.jpg,02_deepfirearm,deepfirearm,ecc0948540b30c6c4f6407f4d16963f361e98393d8d2dd19bb5b64e2ad99b863,,pending,,,,5
img_00002176,images/img_00002176.jpg,02_deepfirearm,deepfirearm,9753ae200a1a16c16b167362b503d0da282a8ed8830f4890f45d015c9a1869fc,,pending,,,,5
img_00002177,images/img_00002177.jpg,02_deepfirearm,deepfirearm,151b03dfcfa1e1b0185ad5c310ab8a3e12cb4cf00093781c060932bdd4e69be0,,pending,,,,5
img_00002178,images/img_00002178.jpg,02_deepfirearm,deepfirearm,17bbc1921c4940f90898219899d7dc310f287220551438494904e95e0a717348,,pending,,,,5
img_00002179,images/img_00002179.jpg,02_deepfirearm,deepfirearm,68c9168b9392055937b439b7edb687a938f99fa74c8bbabcbf0579cd93f32aa2,,pending,,,,5
img_00002180,images/img_00002180.jpg,02_deepfirearm,deepfirearm,8b95dba0ea9ca18e802749f6e0b14cc1200e68b0572fcb338cc05f11a8a98dbb,,pending,,,,5
img_00002181,images/img_00002181.jpg,02_deepfirearm,deepfirearm,7df03406016462abb8cbcdabfff1b64f188b267f943f2cd5925890cceb6fa78b,,pending,,,,5
img_00002182,images/img_00002182.jpg,02_deepfirearm,deepfirearm,348db973d4d2c3b42ea94e6284f5059fafa8f01a0a0d983c656a706b65546f5f,,pending,,,,5
img_00002183,images/img_00002183.jpg,02_deepfirearm,deepfirearm,034f9ae3b74a4463d79b1da64c202a1d7b2b6911e1f8344286b6f935a110b945,,pending,,,,5
img_00002184,images/img_00002184.jpg,02_deepfirearm,deepfirearm,a97687a0cbfcc61feb65767d952820c728a56fc27cc6e25c76530144a6987194,,pending,,,,5
img_00002185,images/img_00002185.jpg,02_deepfirearm,deepfirearm,355e1c9678fe97d6898ce7b870ef05e8800d00efcff087205cfdc55f460bf6cd,,pending,,,,5
img_00002186,images/img_00002186.jpg,02_deepfirearm,deepfirearm,ddd3470d47ccd10611d77b7c0b61b8cb1ad78a0f3a8e3aeb87e4410102f0fa0c,,pending,,,,5
img_00002187,images/img_00002187.jpg,02_deepfirearm,deepfirearm,442a4782c6e63349ad01880c34a064741c88c53eee1f1449c05030aeb63133f4,,pending,,,,5
img_00002188,images/img_00002188.jpg,02_deepfirearm,deepfirearm,741c89def1b7248276b6dd126b7fc3765a0874d4af5e60f1426b1d9fa2303f82,,pending,,,,5
img_00002189,images/img_00002189.jpg,02_deepfirearm,deepfirearm,c7c2d040f71fb94e9132cbd496aa6ededa6024ed75328725aeaeb36e8c011e6e,,pending,,,,5
img_00002190,images/img_00002190.jpg,02_deepfirearm,deepfirearm,be8ca530516e40a3e394e70f64b2dba09b246b4088fd84c853dcffc860111513,,pending,,,,5
img_00002191,images/img_00002191.jpg,02_deepfirearm,deepfirearm,31851a70e90b77e70002d328c9446dd1668e6a632634c5f052068900ff30a310,,pending,,,,5
img_00002192,images/img_00002192.jpg,02_deepfirearm,deepfirearm,3cc12c2e7e3b076e5e219b7ed323b64dd36667a003a0da2740df5ee07ff43910,,pending,,,,5
img_00002193,images/img_00002193.jpg,02_deepfirearm,deepfirearm,1165c2bb5ba9f91c5c866d1558fe6a58c7080c42de3d1795598ecc93be63d1a6,,pending,,,,5
img_00002194,images/img_00002194.jpg,02_deepfirearm,deepfirearm,133038383fa9947fdb7e849cd907536748a7bff679a625ef6876e0a98207a404,,pending,,,,5
img_00002195,images/img_00002195.jpg,02_deepfirearm,deepfirearm,772bb7c9e6f82a8f540d710d5ff51ff5d879cb2e8cb38124c85d3db93bda6648,,pending,,,,5
img_00002196,images/img_00002196.jpg,02_deepfirearm,deepfirearm,fb3c3b82fcee6d68395ac29c4e7adc82d4ac6e96ac42a58bfb949a741ddb3b44,,pending,,,,5
img_00002197,images/img_00002197.jpg,02_deepfirearm,deepfirearm,42c7b424b8432d33fc49e23158ea7f8d8586e2a600b9858b9557a1c9e385b63a,,pending,,,,5
img_00002198,images/img_00002198.jpg,02_deepfirearm,deepfirearm,3c3d7d8f2d0efd80186c460c4c784df407e7cd0f4647d64e9c14de46f8401968,,pending,,,,5
img_00002199,images/img_00002199.jpg,02_deepfirearm,deepfirearm,c2dd7db40a382f42a0944e2ba2abc59ee1adada939763824d23e11eafbd030e5,,pending,,,,5
img_00002200,images/img_00002200.jpg,02_deepfirearm,deepfirearm,f3ae336601aa5d069fe346143d0ea129fd0daa93fe0db87fdfb893442e0e3550,,pending,,,,5
img_00002201,images/img_00002201.jpg,02_deepfirearm,deepfirearm,92c5523ae2f59d52b9f8a216b3129b8837539bcd94e21ddd9de1f361aa408127,,pending,,,,5
img_00002202,images/img_00002202.jpg,02_deepfirearm,deepfirearm,53695ee8ab08e7c9d0d3f1ad668a8c4f3f57ea190f746900f32031ab92038a54,,pending,,,,5
img_00002203,images/img_00002203.jpg,02_deepfirearm,deepfirearm,2f17f17a87cfbee374512b8761354720172209206ad683254fbfae105978f1d2,,pending,,,,5
img_00002204,images/img_00002204.jpg,02_deepfirearm,deepfirearm,9f314a5710e0e85a0f10fc64c162b28ffcb8bef2a4fcc3fcf5cf4696637c92b9,,pending,,,,5
img_00002205,images/img_00002205.jpg,02_deepfirearm,deepfirearm,820e5e18b82e47d401417f358b145d2fd778970480e71ca3618f4879517c84aa,,pending,,,,5
img_00002206,images/img_00002206.jpg,02_deepfirearm,deepfirearm,d1a1e4b371c7c48f00a38f484f2a87149520bd7952144d28e8b782bd9d2d97a8,,pending,,,,5
img_00002207,images/img_00002207.jpg,02_deepfirearm,deepfirearm,9390505818809edd5d5038c1a15f5d3d791ded206c74ed9d64e8003aa49ce551,,pending,,,,5
img_00002208,images/img_00002208.jpg,02_deepfirearm,deepfirearm,348eb1e11887eac5e13e7c9ddc859b955b67f28636ddfb62b6aabd2097473e3e,,pending,,,,5
img_00002209,images/img_00002209.jpg,02_deepfirearm,deepfirearm,0a1f6f581813f0dc9888dfb7fe08d4bf7f18d2eae17d32343908d4d931a9bc1e,,pending,,,,5
img_00002210,images/img_00002210.jpg,02_deepfirearm,deepfirearm,6995ed50149eef7152ec988b1f48b09ee0444b4a86b84799867ca67696c514f5,,pending,,,,5
img_00002211,images/img_00002211.jpg,02_deepfirearm,deepfirearm,53c0b53ed3ac83ddf7b2a7c78224bde9f1828548d3fd2abc7cd43df5683c15b4,,pending,,,,5
img_00002212,images/img_00002212.jpg,02_deepfirearm,deepfirearm,5a2ccd6e5463c66562700c80b1c2af8580b9f5492085f29ce246d195387422e5,,pending,,,,5
img_00002213,images/img_00002213.jpg,02_deepfirearm,deepfirearm,6c5cb87438cbe584d427dbd2dfc24be0e6ac8b9b26a72b3ee6de01675d98aa1e,,pending,,,,5
img_00002214,images/img_00002214.jpg,02_deepfirearm,deepfirearm,4b17c65a3d35dfddc02b77bd548f86a5cc9ac7eb06d17088d8b5bbe3182c5ac2,,pending,,,,5
img_00002215,images/img_00002215.jpg,02_deepfirearm,deepfirearm,66bf42eadfd3730f0f1d73ff784744897f9f47edfb23bababa7c6d715183f5fb,,pending,,,,5
img_00002216,images/img_00002216.jpg,02_deepfirearm,deepfirearm,a643ec8c5e6dbc66f86d81b4f8e25a1177c9f3d60819f30a71d7e6eb9f996bc8,,pending,,,,5
img_00002217,images/img_00002217.jpg,02_deepfirearm,deepfirearm,6a5ae4dfe13a5b36f6aef3f6ba8aa9451c3fb59e9dd395c4e808f4960f12e45d,,pending,,,,5
img_00002218,images/img_00002218.jpg,02_deepfirearm,deepfirearm,d8cb061012ce5f54a1a3dddce7fc4812ba95f7043ae68f79c3bac21972cbe109,,pending,,,,5
img_00002219,images/img_00002219.jpg,02_deepfirearm,deepfirearm,b1e4fb5a88584bdd22ab364a3627d617bceac61c17843be3c73769d8d780c0aa,,pending,,,,5
img_00002220,images/img_00002220.jpg,02_deepfirearm,deepfirearm,845c47cd3f70cce5a484e1f8f60baac1c27e73c6e44472ed89a5a7d94d67738a,,pending,,,,5
img_00002221,images/img_00002221.jpg,02_deepfirearm,deepfirearm,00d6a82139f0c188849e46448c07befb18bed24a946dffe8318c0e16506a3c0a,,pending,,,,5
img_00002222,images/img_00002222.jpg,02_deepfirearm,deepfirearm,0c6b11bb4cd1b7f7f3deeb7ad2eb79140171df450e5edb872dd50c3e09492944,,pending,,,,5
img_00002223,images/img_00002223.jpg,02_deepfirearm,deepfirearm,4bc2443a786f52f372e01f31c8147de45e70b195efb7a74f2551af3ed5ba8f06,,pending,,,,5
img_00002224,images/img_00002224.jpg,02_deepfirearm,deepfirearm,0e871b27cbfe7193cac8cbfb241e35bb2c26eaa626c2e2af9732ac109d3250a6,,pending,,,,5
img_00002225,images/img_00002225.jpg,02_deepfirearm,deepfirearm,3b4b65e691bff1eb87c8e5011fb84873cfec5cbac6c3e40532bd133973c36aca,,pending,,,,5
img_00002226,images/img_00002226.jpg,02_deepfirearm,deepfirearm,3bec67105463e1957caadb31244f76aa1d6f773bbdf1a8060eeb48bd44f7f833,,pending,,,,5
img_00002227,images/img_00002227.jpg,02_deepfirearm,deepfirearm,96980621509c29cf4de8cc4e4d22737eb882aaca908d5d5f3ffbcc39f30ee62d,,pending,,,,5
img_00002228,images/img_00002228.jpg,02_deepfirearm,deepfirearm,4a4b81fb30893dda886405c35d51f71060a6502d25df2fcdc7759967170d832d,,pending,,,,5
img_00002229,images/img_00002229.jpg,02_deepfirearm,deepfirearm,d81a3303540824b0aeffec41576457186fcaa51a735033d4c16ccd461cf6876e,,pending,,,,5
img_00002230,images/img_00002230.jpg,02_deepfirearm,deepfirearm,92fd5d9ca9fa57a183bd4dfcb8aac7008fea1682198d732a789d60fb0424b485,,pending,,,,5
img_00002231,images/img_00002231.jpg,02_deepfirearm,deepfirearm,e2b6696cf5da2f65d011aa066b73140848b0a24978c9e82217013d6b100b6ea1,,pending,,,,5
img_00002232,images/img_00002232.jpg,02_deepfirearm,deepfirearm,fafa20b9278dcbc007d9085d37c38d8781d4db1d32a4519d63e2fbfcee34eaf4,,pending,,,,5
img_00002233,images/img_00002233.jpg,02_deepfirearm,deepfirearm,f2fa75d2ed689d781e46241ea017d7560ddb690d42bbc66eb686cd3c2e21e711,,pending,,,,5
img_00002234,images/img_00002234.jpg,02_deepfirearm,deepfirearm,3763fefb7a2bad16485afa9ac861eb108eae0b67d623b64a456e9a58621962bc,,pending,,,,5
img_00002235,images/img_00002235.jpg,02_deepfirearm,deepfirearm,2cc094f657444b7a704ac00dde367d7b415f3189307cc4a598dac6d8d8e16d59,,pending,,,,5
img_00002236,images/img_00002236.jpg,02_deepfirearm,deepfirearm,cd94223be6ba330777cc63844317e5a366e533b2284d9cd10f484c977a86e8ea,,pending,,,,5
img_00002237,images/img_00002237.jpg,02_deepfirearm,deepfirearm,d1c42ec2f4e0e9d512c16a499d099385a30d1decfc413c2797790e43bcbfb195,,pending,,,,5
img_00002238,images/img_00002238.jpg,02_deepfirearm,deepfirearm,7983555b466d111617debcca971d587dd7a00e87e45ba217ebbdb2b431c5e1a2,,pending,,,,5
img_00002239,images/img_00002239.jpg,02_deepfirearm,deepfirearm,7bc7a7fef0bb85b3937664bccad18e481f62b812df063753f658158761d22ab1,,pending,,,,5
img_00002240,images/img_00002240.jpg,02_deepfirearm,deepfirearm,c741548bb0505993522b49f210eb810ee327106c146802f9c0f317d36c31bebf,,pending,,,,5
img_00002241,images/img_00002241.jpg,02_deepfirearm,deepfirearm,f4a10ebf686cd39934913104b9bc1a2c2970d2c448b13146d1c376c0c2143920,,pending,,,,5
img_00002242,images/img_00002242.jpg,02_deepfirearm,deepfirearm,a6960a95eb6c4ead1e1821b22650fa6770c8e3beedabad318193c05704fe7c79,,pending,,,,5
img_00002243,images/img_00002243.jpg,02_deepfirearm,deepfirearm,a5218a3e2965d858f1111c7dd9354a5ec4ebcb63588f70a6354688a51dc12079,,pending,,,,5
img_00002244,images/img_00002244.jpg,02_deepfirearm,deepfirearm,f0de599570bac3bb3bdb9c1de77f55e4eb5c9b41917651ba54774d531a1c2164,,pending,,,,5
img_00002245,images/img_00002245.jpg,02_deepfirearm,deepfirearm,363a5f7743450c94d46851f47d181d612e1460ee789a7ccd9f67bffdec8dce80,,pending,,,,5
img_00002246,images/img_00002246.jpg,02_deepfirearm,deepfirearm,7534b10bebe6fdafdd4dd6b7e5cd12d7e82cabc49fcece09b8ab4b86c8072b90,,pending,,,,5
img_00002247,images/img_00002247.jpg,02_deepfirearm,deepfirearm,2123a118c11d8ae17aef67a44ea9e6ad2705935adaf1d87cfc240b8ffcc5d233,,pending,,,,5
img_00002248,images/img_00002248.jpg,02_deepfirearm,deepfirearm,57e6a2a88eb9f708c24656eb173d70bb0003a7f21abf579d23587dfa22ba519d,,pending,,,,5
img_00002249,images/img_00002249.jpg,02_deepfirearm,deepfirearm,aab6ae5cb46c94c079bede3b73a4b97bca1180ad195a7ab498112f0a7a552b01,,pending,,,,5
img_00002250,images/img_00002250.jpg,02_deepfirearm,deepfirearm,c550678518ba8e39d4c3853af39317b5d4e92f957fd924831ae6485e8899c25f,,pending,,,,5
img_00002251,images/img_00002251.jpg,02_deepfirearm,deepfirearm,97ce2380a8bec015cd2263f8057c9d48b670f1e993cf808bdf403a6f76cca00e,,pending,,,,5
img_00002252,images/img_00002252.jpg,02_deepfirearm,deepfirearm,66cba9efcafe85d55e680efa7a2ee5dee7efe85d238588388e7d33713e239693,,pending,,,,5
img_00002253,images/img_00002253.jpg,02_deepfirearm,deepfirearm,03ed6df105f67207edc2ff1f449e1725338e191b5da10818723ddb8362cdb176,,pending,,,,5
img_00002254,images/img_00002254.jpg,02_deepfirearm,deepfirearm,2e10ff69fa0e062462192169b002b8ba8565f778eaf015b0e97c228674111add,,pending,,,,5
img_00002255,images/img_00002255.jpg,02_deepfirearm,deepfirearm,e8ff8703b81d49f519e57ef4d26422ea96b47b493d325e14ea5b234c5663dc4f,,pending,,,,5
img_00002256,images/img_00002256.jpg,02_deepfirearm,deepfirearm,95d2a2f4c18f21b72ba6d0dc40c07d0f63ca9a00df760585367c8bd37eee081e,,pending,,,,5
img_00002257,images/img_00002257.jpg,02_deepfirearm,deepfirearm,79890eb80725da6fb13aa2a54f8309884730ebb77825df1fc5f172a6c7c5e65c,,pending,,,,5
img_00002258,images/img_00002258.jpg,02_deepfirearm,deepfirearm,796c4a0dd7bca397a6a2fae3ab625d8288544615efa7dc8eea0b4d81dd959c7f,,pending,,,,5
img_00002259,images/img_00002259.jpg,02_deepfirearm,deepfirearm,2866a9306b5efbe49d31b8aef4748b73ca3af2f16ef59690c3248564648d5ebd,,pending,,,,5
img_00002260,images/img_00002260.jpg,02_deepfirearm,deepfirearm,b1aff7931d4956a2df9c565d10b4ea989970df0f16d4164b9132a64595098d24,,pending,,,,5
img_00002261,images/img_00002261.jpg,02_deepfirearm,deepfirearm,306b649d208b73a47fa40974d033fb325fdf19e729b75302bf4b9f3c8e9e5309,,pending,,,,5
img_00002262,images/img_00002262.jpg,02_deepfirearm,deepfirearm,1ed1bdb7c154e4357a01ae1517f6100b9e6ac008566786eab219b8cbb8520204,,pending,,,,5
img_00002263,images/img_00002263.jpg,02_deepfirearm,deepfirearm,f223dc1177557f62f717e92390f150be9f037d0410911fd4148f60ec8ee63305,,pending,,,,5
img_00002264,images/img_00002264.jpg,02_deepfirearm,deepfirearm,d923a41ae510c1b7c260905b2a1ba902a562db2bba8fb58497d3f944aa587837,,pending,,,,5
img_00002265,images/img_00002265.jpg,02_deepfirearm,deepfirearm,83be6d20887bdd3044261c8610debd9eb90c9e73e8fe66af429e158a3bb58872,,pending,,,,5
img_00002266,images/img_00002266.jpg,02_deepfirearm,deepfirearm,840e376871c38ce3ff5b4ab13efc8ade84be84024e75c55cbe460d7e324f5aaa,,pending,,,,5
img_00002267,images/img_00002267.jpg,02_deepfirearm,deepfirearm,e0b5ebaf66e03bce149529c2980848b4fb4d368e8df85a32f105deadcf6efc67,,pending,,,,5
img_00002268,images/img_00002268.jpg,02_deepfirearm,deepfirearm,65838bd37c30b19935339177a5e84ebba62592c825e20e81c96788216410fedc,,pending,,,,5
img_00002269,images/img_00002269.jpg,02_deepfirearm,deepfirearm,32dc93e47dacc18252e330a2d932829039c0bde0251e884e55d26fd88910bd0e,,pending,,,,5
img_00002270,images/img_00002270.jpg,02_deepfirearm,deepfirearm,763b8fa9976b1700c8752d606d38b2eb500d49c71ec5a842bc15411aa012f6df,,pending,,,,5
img_00002271,images/img_00002271.jpg,02_deepfirearm,deepfirearm,da99ffc65f52e203d635883c21f0778935a3202bafa3fb975531bc0c4d03b504,,pending,,,,5
img_00002272,images/img_00002272.jpg,02_deepfirearm,deepfirearm,96636567fa277adc583ba97d834bed94b826067e4fe43992d2bd6f74ad8e125f,,pending,,,,5
img_00002273,images/img_00002273.jpg,02_deepfirearm,deepfirearm,449e8d9402d2f79af11c1e3c64f97e78589e0ad2aecf83515cad5adb436ce71c,,pending,,,,5
img_00002274,images/img_00002274.jpg,02_deepfirearm,deepfirearm,7a7fbbd706e597e89ac8325b05432cfca5afe9cff109f6efaa575867089d9430,,pending,,,,5
img_00002275,images/img_00002275.jpg,02_deepfirearm,deepfirearm,e28124e8c25915990526769cee0fde0c98bff9bac6f8958f5b7f02af63e8b11a,,pending,,,,5
img_00002276,images/img_00002276.jpg,02_deepfirearm,deepfirearm,8bac807c1aa62544e2a87591ec87e82ee76e039ac7428ebb8d53fadfc839e707,,pending,,,,5
img_00002277,images/img_00002277.jpg,02_deepfirearm,deepfirearm,0607436ae4f715790114516c763855e57e0063f503ccd2ead97cea485a5d3bba,,pending,,,,5
img_00002278,images/img_00002278.jpg,02_deepfirearm,deepfirearm,93637753ff2e10dc0b604b8e2001d0de8766f9bcbfcbee49c296cbb3d8e8fe09,,pending,,,,5
img_00002279,images/img_00002279.jpg,02_deepfirearm,deepfirearm,ab5a8d20ef7a240ee8b2375fea25f0bf72a96fcd586936efbeddc00fc7932ef3,,pending,,,,5
img_00002280,images/img_00002280.jpg,02_deepfirearm,deepfirearm,d1c9b6fefec4052a5cc16acc1152fe77c849e78a31644a759785a496118bac85,,pending,,,,5
img_00002281,images/img_00002281.jpg,02_deepfirearm,deepfirearm,226075ed0866433ae7b2be3879b37c84046d227ba4d0654cfd2f0192871cc01e,,pending,,,,5
img_00002282,images/img_00002282.jpg,02_deepfirearm,deepfirearm,390f2b4684c04e33532a3ab8fba153e6b4e309307aa9b9540c37d67a7ada8b15,,pending,,,,5
img_00002283,images/img_00002283.jpg,02_deepfirearm,deepfirearm,8158f718a1b034f13e74f82ae3e1192f379a01b61afb2ab620a7d596ef835227,,pending,,,,5
img_00002284,images/img_00002284.jpg,02_deepfirearm,deepfirearm,6a542139828f0d58f8b78805313f302ad3f4d1662deeeb0572b6ce75f52dd235,,pending,,,,5
img_00002285,images/img_00002285.jpg,02_deepfirearm,deepfirearm,371e349a0502cd1039209dcc10a3db7b3c4885c338131234686d1be6719463c4,,pending,,,,5
img_00002286,images/img_00002286.jpg,02_deepfirearm,deepfirearm,ecacd8336602f7c7628e7862472f226e1863b0ec9ba115b19735f2fca53a8437,,pending,,,,5
img_00002287,images/img_00002287.jpg,02_deepfirearm,deepfirearm,45c39882c93b90c295cad84a53c34730410139461b34ce9ad71a4f7cbaac30b3,,pending,,,,5
img_00002288,images/img_00002288.jpg,02_deepfirearm,deepfirearm,3dbdb32b788ed241797b4c6ee6e823bbb8cefbef42ed7d403f076896e44aefd8,,pending,,,,5
img_00002289,images/img_00002289.jpg,02_deepfirearm,deepfirearm,9859310985b180197e64685d0c5f9f1617cb57462a160da26f14ce8cab29d188,,pending,,,,5
img_00002290,images/img_00002290.jpg,02_deepfirearm,deepfirearm,c891f1369fe28aaadfc7c72155dede646934c69c7d22c8330c58c87bc84a866d,,pending,,,,5
img_00002291,images/img_00002291.jpg,02_deepfirearm,deepfirearm,42e54471fe1c31558b7c1c267af4ab61307c2a347709c6bdf72d26c36adbf8db,,pending,,,,5
img_00002292,images/img_00002292.jpg,02_deepfirearm,deepfirearm,bb826ba1e8e2926aaa8bf70185669e51c9bb19b3e0b62a1866191fc01a1491f7,,pending,,,,5
img_00002293,images/img_00002293.jpg,02_deepfirearm,deepfirearm,c2e4ca2c05ed6f27759e761b92d0c0040c22bc19a1b505dced35abe327bfafe4,,pending,,,,5
img_00002294,images/img_00002294.jpg,02_deepfirearm,deepfirearm,0c5c140ee8ebe2ea73ace8e78c1bf5b7ba268e211c8981c35be96963b69a302d,,pending,,,,5
img_00002295,images/img_00002295.jpg,02_deepfirearm,deepfirearm,42fbe9a3c665399e2409f75af0d649234ab1affe56245ed650b075a1eb30214f,,pending,,,,5
img_00002296,images/img_00002296.jpg,02_deepfirearm,deepfirearm,abb5a4e1df90c414c755a15a757ea970a22afcbc6b490344e044de9d44909b90,,pending,,,,5
img_00002297,images/img_00002297.jpg,02_deepfirearm,deepfirearm,6c6eebd2fb787eb19b852958883ab56d37ed7dcec77330583c86daadf4bd6ae7,,pending,,,,5
img_00002298,images/img_00002298.jpg,02_deepfirearm,deepfirearm,4cafff6b2459789cad15964ead901ea59f3bab37e98db51afcf4fb6f5a819ff3,,pending,,,,5
img_00002299,images/img_00002299.jpg,02_deepfirearm,deepfirearm,cd0a1e1da727a04663159a03302a084d9acdc2e432c7324deb944dbd4e3434bf,,pending,,,,5
img_00002300,images/img_00002300.jpg,02_deepfirearm,deepfirearm,aee242d8f871d42d5ede58adc335a565a2ed4fd2c5f27ccf7976b8821396e521,,pending,,,,5
img_00002301,images/img_00002301.jpg,02_deepfirearm,deepfirearm,bfbaad85e2a3820a72e52b337b670a8322317122c99b238d553ff74f4a6ae5a5,,pending,,,,5
img_00002302,images/img_00002302.jpg,02_deepfirearm,deepfirearm,b272b0e278ba9d9ec80d06cafdd74c93e3c84239ae9a498ac85927fcba21dd72,,pending,,,,5
img_00002303,images/img_00002303.jpg,02_deepfirearm,deepfirearm,6c24d6ffb2603987d0deb57fe33bc422b96e2eb91b7f6b98e1df37b8be22dd18,,pending,,,,5
img_00002304,images/img_00002304.jpg,02_deepfirearm,deepfirearm,e86e3b736fc48a356cf5e05f4e87e411ebcb8616df6a3745fd4cb2b41cbb68bb,,pending,,,,5
img_00002305,images/img_00002305.jpg,02_deepfirearm,deepfirearm,6f3af72444ef9702d8d357a75141e123dbbb3e164152f9eb4eb549a1306b9602,,pending,,,,5
img_00002306,images/img_00002306.jpg,02_deepfirearm,deepfirearm,03593fceb19086570eb8a4a874ccd79aca38eb9124d7407d0518f396e129fc7f,,pending,,,,5
img_00002307,images/img_00002307.jpg,02_deepfirearm,deepfirearm,b087d7b4f34df515bd11867589122471f4de6e410e2eba24045f202dc14e48ce,,pending,,,,5
img_00002308,images/img_00002308.jpg,02_deepfirearm,deepfirearm,a828502eb6a9bbbbfd7a008e9b9cc1ad465961e46f8abb429d3f8518be53ecda,,pending,,,,5
img_00002309,images/img_00002309.jpg,02_deepfirearm,deepfirearm,78e3a4afee8cfae3373b22935bb67416681df720b3c4d9d13fb984acc285f750,,pending,,,,5
img_00002310,images/img_00002310.jpg,02_deepfirearm,deepfirearm,ef400a17e19422945321c7caf9130014f22cb5acdcf059abc2f59fe9dba386f8,,pending,,,,5
img_00002311,images/img_00002311.jpg,02_deepfirearm,deepfirearm,81c03e054437753655b9232dd118b4c7a7d3cc6bcbffbb10131b750d086b0f2d,,pending,,,,5
img_00002312,images/img_00002312.jpg,02_deepfirearm,deepfirearm,e3337b4e20416e7d8b8c075e4b9dee163cdc854bc8e64415a04c780002057876,,pending,,,,5
img_00002313,images/img_00002313.jpg,02_deepfirearm,deepfirearm,a8e6dfa5a6e2d32cde0c76fa0c02c4731707d0871ea93308efe7689ce08c1215,,pending,,,,5
img_00002314,images/img_00002314.jpg,02_deepfirearm,deepfirearm,371d89dd671b82e9d9624c7efec0461ea669bb02003c596f96b1bc01eb27f5cd,,pending,,,,5
img_00002315,images/img_00002315.jpg,02_deepfirearm,deepfirearm,e11a5de366db91f392362f87ef3b8b2e48aa0376a99353be4fb1e87581fc2833,,pending,,,,5
img_00002316,images/img_00002316.jpg,02_deepfirearm,deepfirearm,ad9223a045e9d851f337664c6a341b644746f966f5f0f548572d011faf4157b8,,pending,,,,5
img_00002317,images/img_00002317.jpg,02_deepfirearm,deepfirearm,ed47da6a4eef6639f3bdfe48ab34091b3bf6beb914ced179771501e7439b3e4c,,pending,,,,5
img_00002318,images/img_00002318.jpg,02_deepfirearm,deepfirearm,582bcab0f264caa169c034aaed0bb2e9d53078e2dc580ac99ddd1f2d6039dd10,,pending,,,,5
img_00002319,images/img_00002319.jpg,02_deepfirearm,deepfirearm,f26db40cbd9ff2ecfdf4f80cad8b6770d0b149d9b535c93af3643d676ba467e7,,pending,,,,5
img_00002320,images/img_00002320.jpg,02_deepfirearm,deepfirearm,a46c6094a8d531a5c36465aef812af9d24ac6ed781ab80651ae3e2cc61240aa1,,pending,,,,5
img_00002321,images/img_00002321.jpg,02_deepfirearm,deepfirearm,1302783eef3275b740b1dd002a819a531b25ee88913befb4c32b5905a77c3d0f,,pending,,,,5
img_00002322,images/img_00002322.jpg,02_deepfirearm,deepfirearm,66545c9246a1add7acf2b8ac4ca2de466477a9d6c5984cabdf198fc4a54a41dc,,pending,,,,5
img_00002323,images/img_00002323.jpg,02_deepfirearm,deepfirearm,bb6249efb82e7d8be9b323feb1fab2b502ce92275e1706953310ea4890993680,,pending,,,,5
img_00002324,images/img_00002324.jpg,02_deepfirearm,deepfirearm,7c58e9ab3025d9b7dd528af17128acfbf4ebe81bc6f827735b70e67a9ebef5ef,,pending,,,,5
img_00002325,images/img_00002325.jpg,02_deepfirearm,deepfirearm,64c39d3b9837fcf7526dca3428f9b77db2bdcdc8d193ce1384e621a4e8eadde6,,pending,,,,5
img_00002326,images/img_00002326.jpg,02_deepfirearm,deepfirearm,7264359aa0729504e7b7df9c60c1b4fe9dd032e5ed0f8dd33c4b438fb42b489a,,pending,,,,5
img_00002327,images/img_00002327.jpg,02_deepfirearm,deepfirearm,d36f61121e6d9b18f953c379278857ccc77619127fa5d51cafb7cdc2c3f3074f,,pending,,,,5
img_00002328,images/img_00002328.jpg,02_deepfirearm,deepfirearm,cf5d1e5b0e04359318eef86ec7f885cf6dbd199c26a371d766525f2363d43297,,pending,,,,5
img_00002329,images/img_00002329.jpg,02_deepfirearm,deepfirearm,c0aa0160afaf710a3e59c6c094926586aaa3ec1ab14466545697882384f95055,,pending,,,,5
img_00002330,images/img_00002330.jpg,02_deepfirearm,deepfirearm,80e944a5febd4b6384512f8e75ff17fc07f7bc5b26e61ba1307eb4a5b5de94fe,,pending,,,,5
img_00002331,images/img_00002331.jpg,02_deepfirearm,deepfirearm,f017d066726e3cf82bc06870835e827ca64933f68a76cba28d61987ab01238a8,,pending,,,,5
img_00002332,images/img_00002332.jpg,02_deepfirearm,deepfirearm,b9e99b664f50fecfb3bbb2a06daeb56cd1b3f7187c05f81d3a88124951ec61e2,,pending,,,,5
img_00002333,images/img_00002333.jpg,02_deepfirearm,deepfirearm,72d0602a7e3ab608df6d75889321d69eb7258cc42b1daa6d56d8f8ee4cd70942,,pending,,,,5
img_00002334,images/img_00002334.jpg,02_deepfirearm,deepfirearm,3801ed2828d0afb6a070fb952c17ed61c5d93cc68adb14c9de278d2cc7c8a2f7,,pending,,,,5
img_00002335,images/img_00002335.jpg,02_deepfirearm,deepfirearm,95f7bd8123128af10c059824218fbd39302c56bb0ce39ab851214690c9370c7e,,pending,,,,5
img_00002336,images/img_00002336.jpg,02_deepfirearm,deepfirearm,df8fd8c3d78e826e478bd72eaf84434be4c465d417ab7925bffa324882e99296,,pending,,,,5
img_00002337,images/img_00002337.jpg,02_deepfirearm,deepfirearm,c2017c67f4b4105f89b0d3dae1789487b0d95d8eea5dea4f577191431ac13710,,pending,,,,5
img_00002338,images/img_00002338.jpg,02_deepfirearm,deepfirearm,09c64c5b5aa3ee677d705324494d8a4a78dfb2f720dfda3b388efb6037fd30e1,,pending,,,,5
img_00002339,images/img_00002339.jpg,02_deepfirearm,deepfirearm,c6ff83f98574590401dee4356b3498220b9fd95feb3450f742b582417cb276ad,,pending,,,,5
img_00002340,images/img_00002340.jpg,02_deepfirearm,deepfirearm,35f97c89fea9e428abeaccd13a5447d768607c984f801dce842b54abaec4c1bb,,pending,,,,5
img_00002341,images/img_00002341.jpg,02_deepfirearm,deepfirearm,e98da9621c1e77e3ac6cd44538186876ff485172fc84aee52ccdc2c69c1ce118,,pending,,,,5
img_00002342,images/img_00002342.jpg,02_deepfirearm,deepfirearm,236943f6cf847452d7b191a811d5a39f36a9db0e979464436e1b666bdc5ebaac,,pending,,,,5
img_00002343,images/img_00002343.jpg,02_deepfirearm,deepfirearm,adacaac539d8f2a96222b87d64a93354082ca8f87b32ad2d2bce2155c8a249cf,,pending,,,,5
img_00002344,images/img_00002344.jpg,02_deepfirearm,deepfirearm,afbe2b16080ff8b74ff3cd53589bde153a1a679adfacbbd9d7f8a438e3597365,,pending,,,,5
img_00002345,images/img_00002345.jpg,02_deepfirearm,deepfirearm,3ae86acfd356942854bdc8d3806884222bdf8d4b339bc799f047a39d74246f8f,,pending,,,,5
img_00002346,images/img_00002346.jpg,02_deepfirearm,deepfirearm,3a1aa1bd0092a661f05ef0b4722ced91c5d13e744028e6f5dce475015379de66,,pending,,,,5
img_00002347,images/img_00002347.jpg,02_deepfirearm,deepfirearm,8d0d5f5f4b89655f232ec7c7272109d591ae9b0d519a5ff87c3fb49c2d04e151,,pending,,,,5
img_00002348,images/img_00002348.jpg,02_deepfirearm,deepfirearm,2478f6935b0e900bd0da5fcf4864ce79258f427f9e1c6b63bb47d0b733c7a5f0,,pending,,,,5
img_00002349,images/img_00002349.jpg,02_deepfirearm,deepfirearm,6e064d1196976cde1efec31ea268c6a223ae693d0a10f97da9a034cf08e23c3f,,pending,,,,5
img_00002350,images/img_00002350.jpg,02_deepfirearm,deepfirearm,4eb17d446f9d64e5706479a72d0c0f63c305fbbbc4a7831afae58e60518ad28c,,pending,,,,5
img_00002351,images/img_00002351.jpg,02_deepfirearm,deepfirearm,e9650ded6983aea4fc381ac170fe430d3b642936cd51d7b16b566bc652e439bd,,pending,,,,5
img_00002352,images/img_00002352.jpg,02_deepfirearm,deepfirearm,f69eba2d8d2b9dc9c3eeec2be3da4c3c5c227a09a3c870a46e6566cafd60c7c6,,pending,,,,5
img_00002353,images/img_00002353.jpg,02_deepfirearm,deepfirearm,884c1c46c6fc054f748f594763b7d72de13da28c4dcb0bd998c5269e9d47e309,,pending,,,,5
img_00002354,images/img_00002354.jpg,02_deepfirearm,deepfirearm,15ab439970a9cf51b02da30c3ea1d1d2e18bb6b00abce8d7ac02eecae9b79a2e,,pending,,,,5
img_00002355,images/img_00002355.jpg,02_deepfirearm,deepfirearm,e01e730ea444318e8abbd1d92e8981a389d90ea26ea90db5cbd188a9cb312268,,pending,,,,5
img_00002356,images/img_00002356.jpg,02_deepfirearm,deepfirearm,119c08585e732d8639cedb87cd05b6e80188762c78ee4fc27411dce1c2c8ef84,,pending,,,,5
img_00002357,images/img_00002357.jpg,02_deepfirearm,deepfirearm,c96121ba180d16308e1641bff4267d1309a3dcd7e25441b18ff80d6581d09b1b,,pending,,,,5
img_00002358,images/img_00002358.jpg,02_deepfirearm,deepfirearm,a0a2b8e12bfd6504f280a5b0bfb05569d29130bd97f6e58cf12856d45fdaacc4,,pending,,,,5
img_00002359,images/img_00002359.jpg,02_deepfirearm,deepfirearm,401aa7863e5d10c128441f877db13a847368661ce554b0f76ccf501ac9a41dda,,pending,,,,5
img_00002360,images/img_00002360.jpg,02_deepfirearm,deepfirearm,904f59791c48cc3beac223bdb2f5d11d254c909493664010fa5818516f43661b,,pending,,,,5
img_00002361,images/img_00002361.jpg,02_deepfirearm,deepfirearm,ba2962047d79153d04c7ab626ce3454a9c643f5149cd55009cb150a7bf471904,,pending,,,,5
img_00002362,images/img_00002362.jpg,02_deepfirearm,deepfirearm,483c9fb5c98e20dc1a75852c4e13a9647417011d297b1c1d956e4d9d2439849d,,pending,,,,5
img_00002363,images/img_00002363.jpg,02_deepfirearm,deepfirearm,af62c5a6370c1094b413db7e6144b26a896d9310519aa176d23a614346f17bb8,,pending,,,,5
img_00002364,images/img_00002364.jpg,02_deepfirearm,deepfirearm,1e70649f5d3d6660ba7c4d245ea0351f84f95e9164ec277da5be878e3587e8db,,pending,,,,5
img_00002365,images/img_00002365.jpg,02_deepfirearm,deepfirearm,bef33ca8eb6791319abec40080e453fab0b3c6b1faf5e3cdd1a175509a0277ed,,pending,,,,5
img_00002366,images/img_00002366.jpg,02_deepfirearm,deepfirearm,f164484f5de6ae41e4326e03f48ba594c0b7ce06d6d2abc50e68588c75aa8d89,,pending,,,,5
img_00002367,images/img_00002367.jpg,02_deepfirearm,deepfirearm,c6ca665df1c5e243ec28615b650041b6b9b770d7013a7084f9df1914ab34e4a5,,pending,,,,5
img_00002368,images/img_00002368.jpg,02_deepfirearm,deepfirearm,f59ab9b1f4249641d1da7c39175989ee0cb8aa9a39dfae06959782611791bb0c,,pending,,,,5
img_00002369,images/img_00002369.jpg,02_deepfirearm,deepfirearm,ac88f62106683336d09c6b021b6626e978576edac7a29c1b944bb5503fe68c28,,pending,,,,5
img_00002370,images/img_00002370.jpg,02_deepfirearm,deepfirearm,303868598760e0650e57eded925154d9fc17e9d5b215051f195ad6478edff769,,pending,,,,5
img_00002371,images/img_00002371.jpg,02_deepfirearm,deepfirearm,e4bd81b9588649e71ff0132fcb454f6e3c8ce8dc09e559e177f5010edfafb874,,pending,,,,5
img_00002372,images/img_00002372.jpg,02_deepfirearm,deepfirearm,870283554ca883186b9e81879fb28b037b803febb63f363bfdeb16ea4c4dfa3a,,pending,,,,5
img_00002373,images/img_00002373.jpg,02_deepfirearm,deepfirearm,a75147040d7f45483507960b3f69339d54cbcdec1a7e7d9261b359fe6bc74d27,,pending,,,,5
img_00002374,images/img_00002374.jpg,02_deepfirearm,deepfirearm,e520904c88ea9493d3a7a9ec2d51059413ce3aeb6445cc4dae854d1810f12f94,,pending,,,,5
img_00002375,images/img_00002375.jpg,02_deepfirearm,deepfirearm,ba3fa5c14f0fb5216de21fa313d79edde612edb6c64ce1b8030ad2f8a873eea1,,pending,,,,5
img_00002376,images/img_00002376.jpg,02_deepfirearm,deepfirearm,c2e442becee879c472de9bbcb633074ec7b06b5ed14aaf738a9dc1b16f8be81e,,pending,,,,5
img_00002377,images/img_00002377.jpg,02_deepfirearm,deepfirearm,85728d753b20cba2e31b8ba7ad6f6fff274f4dd15c6ac4a7da3c8bff08402edb,,pending,,,,5
img_00002378,images/img_00002378.jpg,02_deepfirearm,deepfirearm,40168153284e946e55edd31e92d7ef8faf92fd4371814edfb3c2baf95e97d2ef,,pending,,,,5
img_00002379,images/img_00002379.jpg,02_deepfirearm,deepfirearm,d33e440e504749eafc93a9c4cbe7201e07bc97da12669bf671401079b8977ba0,,pending,,,,5
img_00002380,images/img_00002380.jpg,02_deepfirearm,deepfirearm,36346f4236c83dc91e16452139728e39201b7035add53e5492c33865fa4ac768,,pending,,,,5
img_00002381,images/img_00002381.jpg,02_deepfirearm,deepfirearm,360779737975c19a0c51ea217c824b0ace743f83ec598b5b969c391d1b5b20e3,,pending,,,,5
img_00002382,images/img_00002382.jpg,02_deepfirearm,deepfirearm,86c82f46ca9f02af058d02bb4209c691167234c2c2d6cd58f61c48c2ff683a80,,pending,,,,5
img_00002383,images/img_00002383.jpg,02_deepfirearm,deepfirearm,50c35ccb63feb475c0efdea5f298902e905b01576b15d45e603640ab8c8337ce,,pending,,,,5
img_00002384,images/img_00002384.jpg,02_deepfirearm,deepfirearm,8c63558774c08a41adbd3123f661add388f7d3bb2b75289f6f87bfc46fae552c,,pending,,,,5
img_00002385,images/img_00002385.jpg,02_deepfirearm,deepfirearm,0cc397d7a173f95c83f4ca7dfdfb0d14e84d9db9dc30539386ba636e40c281e1,,pending,,,,5
img_00002386,images/img_00002386.jpg,02_deepfirearm,deepfirearm,70298192ca467be1ad3133e6a1d8aafb97eef28be9a00794809be58c6b2cc808,,pending,,,,5
img_00002387,images/img_00002387.jpg,02_deepfirearm,deepfirearm,a48d9f7779f6a898346b8ff22645332f71fc7a396abb8874681ec24ce1ba076b,,pending,,,,5
img_00002388,images/img_00002388.jpg,02_deepfirearm,deepfirearm,51c24255f796da66c2a12d2d74189d32f0f9ba682159bdba5d04275ef5f44afb,,pending,,,,5
img_00002389,images/img_00002389.jpg,02_deepfirearm,deepfirearm,a77bf5fc682342f4176df0aa12dd47f869f66e5ce6d8865aacb694c3cefbbfbb,,pending,,,,5
img_00002390,images/img_00002390.jpg,02_deepfirearm,deepfirearm,d71bf2611d80f8373c4035e1d2a67836a32a37fc879677fa5b10de3824c3a091,,pending,,,,5
img_00002391,images/img_00002391.jpg,02_deepfirearm,deepfirearm,c2d915ea9f0a58fa541b8c7ddcbb538235afe9ca9aa33ba0aa80d4e1d321d79b,,pending,,,,5
img_00002392,images/img_00002392.jpg,02_deepfirearm,deepfirearm,a4c805a3a96cde319ae0950688295342f7570dcdb39d803122de120c30926381,,pending,,,,5
img_00002393,images/img_00002393.jpg,02_deepfirearm,deepfirearm,2788cd89c73d79441f8688c484a91595f88f2ef3d2cdc731135572cfc1b668c5,,pending,,,,5
img_00002394,images/img_00002394.jpg,02_deepfirearm,deepfirearm,ef974f5a58e42a3eee4137190fbafc50d8dbc9aca34b38499e88c4b1e78be5f5,,pending,,,,5
img_00002395,images/img_00002395.jpg,02_deepfirearm,deepfirearm,2940868f47f05a1f8aa4761bbdefb68df11a30d5a63f7802734db658f73dd8b5,,pending,,,,5
img_00002396,images/img_00002396.jpg,02_deepfirearm,deepfirearm,7308222eb1f1a7b80ac78bb13354569a807f59e7ead8aba8c82947c349e2cb67,,pending,,,,5
img_00002397,images/img_00002397.jpg,02_deepfirearm,deepfirearm,19551a684b3877d46c79d649e1d541f505249682a633f47356e1a6e052253fa7,,pending,,,,5
img_00002398,images/img_00002398.jpg,02_deepfirearm,deepfirearm,3e49123366528de63ecfb52959b34f8d3d3275eea7276f59260cba5a63a33212,,pending,,,,5
img_00002399,images/img_00002399.jpg,02_deepfirearm,deepfirearm,6222a599a50b94b3bb4daca035c7667fd7347b0277eaf0b9b0a846854e2a8eb1,,pending,,,,5
img_00002400,images/img_00002400.jpg,02_deepfirearm,deepfirearm,c36872f4f6fadae13e417abe7775d8f033c0bee5da340bb7cf87e1b702434f45,,pending,,,,5
img_00002401,images/img_00002401.jpg,02_deepfirearm,deepfirearm,16388cc8f459ac7533e1e6590da1f0e047b4c706e5c7fff4c4335286473f4adc,,pending,,,,5
img_00002402,images/img_00002402.jpg,02_deepfirearm,deepfirearm,ddf2b97fea14e05e420be884e270a8ce7bd8e81c59d904c9cbe9510346fdd6cd,,pending,,,,5
img_00002403,images/img_00002403.jpg,02_deepfirearm,deepfirearm,f820a7f8a0a9efb8b076cfcfc671d1862ab092d4b6702b045d170ebcb5cd1ec3,,pending,,,,5
img_00002404,images/img_00002404.jpg,02_deepfirearm,deepfirearm,048cce472c689c2fc55552e59686e968917161823eea242e94aa172360b17d0f,,pending,,,,5
img_00002405,images/img_00002405.jpg,02_deepfirearm,deepfirearm,4e6301732360983762a774ff77186b75e97596500c3de2fb9eec810fc1629acc,,pending,,,,5
img_00002406,images/img_00002406.jpg,02_deepfirearm,deepfirearm,783fbd5b4444879007cd401dead1e141b51a98d006b3c0520e89556ee4a957ad,,pending,,,,5
img_00002407,images/img_00002407.jpg,02_deepfirearm,deepfirearm,c705b38c6c795edd227c45504ab0359e83745f5247d06381552c6ae2387f9921,,pending,,,,5
img_00002408,images/img_00002408.jpg,02_deepfirearm,deepfirearm,39bb9c5609036813d4beddcbef96377582a77e60e6c4af06e0194ca5df824d09,,pending,,,,5
img_00002409,images/img_00002409.jpg,02_deepfirearm,deepfirearm,250dc3be689ae19a93a6707abecaa49a806175fd9a93cbe248fb35196f04afbd,,pending,,,,5
img_00002410,images/img_00002410.jpg,02_deepfirearm,deepfirearm,09b19fd75f74e789cbfbc61bfa835e11d066cd6d1f40167d67eb92ef6574031f,,pending,,,,5
img_00002411,images/img_00002411.jpg,02_deepfirearm,deepfirearm,621739a4340de2533f0f5ebebee55d15dff315c63a43f02176c745a8f536528a,,pending,,,,5
img_00002412,images/img_00002412.jpg,02_deepfirearm,deepfirearm,b77c5fad3a34a16bf8fe6d303f0096d12076a437a9305094ac770f798373a75a,,pending,,,,5
img_00002413,images/img_00002413.jpg,02_deepfirearm,deepfirearm,d0e7854f49b4abb954cfd54be16565a84cfbde087f0cd6689cc3745956bb935f,,pending,,,,5
img_00002414,images/img_00002414.jpg,02_deepfirearm,deepfirearm,b2e2ef231126ed427cd503ce2d16418bbe97f9a6b1859b5e362d3d2800d9f1eb,,pending,,,,5
img_00002415,images/img_00002415.jpg,02_deepfirearm,deepfirearm,ae4f25184d5c3e941fcb1f5136d5b6d226d726a28ba127c75234ba5d0dc1c761,,pending,,,,5
img_00002416,images/img_00002416.jpg,02_deepfirearm,deepfirearm,f4d3bb5d294a5b9cfbe2cc2d3f3d824a7df265205d3a02e78ae57f84eacb6c35,,pending,,,,5
img_00002417,images/img_00002417.jpg,02_deepfirearm,deepfirearm,24ab49a5ce79545aa6cb91efb7972e36ba77d4d3be553bee10eb13a84cf57d1b,,pending,,,,5
img_00002418,images/img_00002418.jpg,02_deepfirearm,deepfirearm,81551ca3ec21b72e14ed32ac735c1132106fd75e6a1db244d0637470593c9ab3,,pending,,,,5
img_00002419,images/img_00002419.jpg,02_deepfirearm,deepfirearm,89185bf3737288b75cc2bb244c93e403714352d601ca73652a06ff0901a07ed2,,pending,,,,5
img_00002420,images/img_00002420.jpg,02_deepfirearm,deepfirearm,83364b11e32acfba4b8e120b774a5a5f05a24234a879c4477a4bafe8cf7e4bd8,,pending,,,,5
img_00002421,images/img_00002421.jpg,02_deepfirearm,deepfirearm,50d35379572fbccb0fa03bf512904721ffc1b1d905f2b118269af8a9d11a5753,,pending,,,,5
img_00002422,images/img_00002422.jpg,02_deepfirearm,deepfirearm,b1670a337eef4a995f55dfeab3240cbe36b4cb15912f6d3490a527be941a19e0,,pending,,,,5
img_00002423,images/img_00002423.jpg,02_deepfirearm,deepfirearm,70257149ecd392d3a646db6153491af6a83ca908e783136eedf61d96c4652ba1,,pending,,,,5
img_00002424,images/img_00002424.jpg,02_deepfirearm,deepfirearm,ed30f5d36285677d18e4e43dc27d5c6378965ff4e8cf28e62bcef975b1cf8e00,,pending,,,,5
img_00002425,images/img_00002425.jpg,02_deepfirearm,deepfirearm,783d52e68a73c98cc8483cf5e412d1840b379497d4b66a81295ee5c1d3e18cae,,pending,,,,5
img_00002426,images/img_00002426.jpg,02_deepfirearm,deepfirearm,489c2d3f4e3ee147292b163c202b30c4243b0f08858a52a55d67b7c36d4eeead,,pending,,,,5
img_00002427,images/img_00002427.jpg,02_deepfirearm,deepfirearm,6b908c4a117ea155be2a9fb73007444b106e3c270908c9e4ebd0a4165fcdffd5,,pending,,,,5
img_00002428,images/img_00002428.jpg,02_deepfirearm,deepfirearm,e44ff9b182d9c9f0ff0b93fcca1c18a25f90fab38c4c9f05e210949c75132406,,pending,,,,5
img_00002429,images/img_00002429.jpg,02_deepfirearm,deepfirearm,d6b72bed43c3161679440206c7681b0ac45dc0b9d78f9451b8e2c35cc5847432,,pending,,,,5
img_00002430,images/img_00002430.jpg,02_deepfirearm,deepfirearm,defb9d89ac5c97cddb4a223213f675416d3c97959477b47dd0f3a6aae6190c47,,pending,,,,5
img_00002431,images/img_00002431.jpg,02_deepfirearm,deepfirearm,e8857cbe32b5f3e0eb6a287f54853003a8210edc767e55ec0e6b13112d886ccf,,pending,,,,5
img_00002432,images/img_00002432.jpg,02_deepfirearm,deepfirearm,d5b2b5aab53deb895a33ff171f95eb808600ccf4c1af77cdd56430fd0afc6f37,,pending,,,,5
img_00002433,images/img_00002433.jpg,02_deepfirearm,deepfirearm,ff930e0244795a0192c19a81db4e56b674a1af78609c56ec6f7459ed3ec1e5d9,,pending,,,,5
img_00002434,images/img_00002434.jpg,02_deepfirearm,deepfirearm,118a4ec9ce34233565c71365e441e570bf40c87bdca23bde91cc3698ae0b92a4,,pending,,,,5
img_00002435,images/img_00002435.jpg,02_deepfirearm,deepfirearm,27506098b313769e64b29a3009ee3e3af189f0d4d29060387af923292e5e21dd,,pending,,,,5
img_00002436,images/img_00002436.jpg,02_deepfirearm,deepfirearm,a38329e97f74fb8178eaeac95f4f47939befc0c6a7d00e302578da735134384d,,pending,,,,5
img_00002437,images/img_00002437.jpg,02_deepfirearm,deepfirearm,604190259d0192f3b4ff512032310700e185072d1346c095d70977077c36a734,,pending,,,,5
img_00002438,images/img_00002438.jpg,02_deepfirearm,deepfirearm,22053c85cdff7ee45ae9f331cc2abe8698a639ba5792f3263cacffe949f24729,,pending,,,,5
img_00002439,images/img_00002439.jpg,02_deepfirearm,deepfirearm,c05a698bc064cf4bc1e3453b364f7275268a7eb92ea6502019c2b1afd6716d9a,,pending,,,,5
img_00002440,images/img_00002440.jpg,02_deepfirearm,deepfirearm,47eaea840cd528f8b9385577d845a796002e2a0991ccf2e1725dcd3818cc182c,,pending,,,,5
img_00002441,images/img_00002441.jpg,02_deepfirearm,deepfirearm,ee6f40972da5bb3755cbf4d195d8aa8e55a31feb742361fea2855dfb59585906,,pending,,,,5
img_00002442,images/img_00002442.jpg,02_deepfirearm,deepfirearm,55bfeec29433a1cc1bd19c71149f4ee998da6338a0deee845802e503f8e13d5b,,pending,,,,5
img_00002443,images/img_00002443.jpg,02_deepfirearm,deepfirearm,56195a8aa9db734b40fa8ed2121226c6aca2d752b50af05d6a122ccb224740ed,,pending,,,,5
img_00002444,images/img_00002444.jpg,02_deepfirearm,deepfirearm,629576c27c59360ae788e45748534803badbb2ac607e7531f798e794b2a10a18,,pending,,,,5
img_00002445,images/img_00002445.jpg,02_deepfirearm,deepfirearm,46906782eb432eac14ddb627304d566559a66394da7940009a54b2e0b2bb53ef,,pending,,,,5
img_00002446,images/img_00002446.jpg,02_deepfirearm,deepfirearm,302dfb6b01edc551cc126eaf3197b856b6e86adf05b28a603b51ae089d26cac4,,pending,,,,5
img_00002447,images/img_00002447.jpg,02_deepfirearm,deepfirearm,8064263969d9b5578c5c8fb26252c58c5b16188b4b37e407fa41e0d8ce351cd0,,pending,,,,5
img_00002448,images/img_00002448.jpg,02_deepfirearm,deepfirearm,5e5c937be1a552c6880df830b800f335bac9b553aee3dae662fa27b86ff58bf3,,pending,,,,5
img_00002449,images/img_00002449.jpg,02_deepfirearm,deepfirearm,b94b1945facc2f13045c8d018843e7d0fa78c6105998735d805f1dd2859b5baf,,pending,,,,5
img_00002450,images/img_00002450.jpg,02_deepfirearm,deepfirearm,13ac516f9f498124982c533fb32a4c0f4f7411fd73462274aaf8c7ba56a17242,,pending,,,,5
img_00002451,images/img_00002451.jpg,02_deepfirearm,deepfirearm,1de885f2a5b78712c838ab770d04dc425bace4a89fbf94aacc659f6f596fc305,,pending,,,,5
img_00002452,images/img_00002452.jpg,02_deepfirearm,deepfirearm,7f190d82ababb684f33dfb823344204786719f9aa65aa4258ddc132efc861be0,,pending,,,,5
img_00002453,images/img_00002453.jpg,02_deepfirearm,deepfirearm,de747c4e5701271bbb6b8fff1b0f92977d43c892570814377e584e3e99347062,,pending,,,,5
img_00002454,images/img_00002454.jpg,02_deepfirearm,deepfirearm,7fb74646d49f1f7ad235fcbf4ac7b746e82239989ac41b385993a69b2dd23659,,pending,,,,5
img_00002455,images/img_00002455.jpg,02_deepfirearm,deepfirearm,638465b3bc2bc991c870e32e3e8ffb0cac1ef23b0fc1f21f593cce63b5489f1b,,pending,,,,5
img_00002456,images/img_00002456.jpg,02_deepfirearm,deepfirearm,d92fe85c6e7fa10850c558b365bfe6c657d8e1cbe8b1fb9db494f82cbd0eb1a2,,pending,,,,5
img_00002457,images/img_00002457.jpg,02_deepfirearm,deepfirearm,1e3d08f7b0d96a0d54c024981ee80ce0d5bcab1bbded22e1c3a5f7e9ff052f38,,pending,,,,5
img_00002458,images/img_00002458.jpg,02_deepfirearm,deepfirearm,fd42b9d2aac08d2903a40145d08974f3b8829cb30f91cea8f41f1f3c055a10a1,,pending,,,,5
img_00002459,images/img_00002459.jpg,02_deepfirearm,deepfirearm,144668893b4af173073ea1b331b68b4045f15f1be3cce3daba5f5c46b6c30747,,pending,,,,5
img_00002460,images/img_00002460.jpg,02_deepfirearm,deepfirearm,a9241cbdfbb9d7fa065da4b617a1aa8818e852e5db265929e797008ae46ee6d4,,pending,,,,5
img_00002461,images/img_00002461.jpg,02_deepfirearm,deepfirearm,047cf331f758802a00762466572c14614d64d48d249697d416f9380f345da0f9,,pending,,,,5
img_00002462,images/img_00002462.jpg,02_deepfirearm,deepfirearm,1689062852d63cc6e90d46962549afc91c384e0f7e667448f7ab9038558378f7,,pending,,,,5
img_00002463,images/img_00002463.jpg,02_deepfirearm,deepfirearm,861a9390727cd2ffb3a1db90b00ae818b5c330a3f79672ce6eb153230f9597e8,,pending,,,,5
img_00002464,images/img_00002464.jpg,02_deepfirearm,deepfirearm,0ba86180d0be7d7fde088ecb43f7cb7ede6ccca6f0bdbbc93c54d1584e26a4df,,pending,,,,5
img_00002465,images/img_00002465.jpg,02_deepfirearm,deepfirearm,f01ec070abbe0a9c0d2bd4f0319d120862944e6b61f1652427e158c3a4f95eea,,pending,,,,5
img_00002466,images/img_00002466.jpg,02_deepfirearm,deepfirearm,543faa23c87480fdeef0b71b0e54b354f5ddbfae7971b4fa0bd111ce86186ea0,,pending,,,,5
img_00002467,images/img_00002467.jpg,02_deepfirearm,deepfirearm,f443f72f14a692fee5617ad4f988744642ffdbea6e13d2d2acb0778514551771,,pending,,,,5
img_00002468,images/img_00002468.jpg,02_deepfirearm,deepfirearm,529dac21f11bc84a62f1f409fcd0a55699f74bdd3b2d8b02af057b588f8a81dc,,pending,,,,5
img_00002469,images/img_00002469.jpg,02_deepfirearm,deepfirearm,cf93b071773df647b63d441d0fd4c98ae2e1d381e6dd69f66d887b4bb98e76ec,,pending,,,,5
img_00002470,images/img_00002470.jpg,02_deepfirearm,deepfirearm,9d00c20314a273d8a37550053db49374a03fb913f05b981a8683bf0c1d9cbac6,,pending,,,,5
img_00002471,images/img_00002471.jpg,02_deepfirearm,deepfirearm,2768d89570aed442c03b67822956b86cb6ad1a560a66c044170cfca0ffe5547d,,pending,,,,5
img_00002472,images/img_00002472.jpg,02_deepfirearm,deepfirearm,6f788cc033e0983dfc01553d355e4e7d673239377bbdb1db6d67bafbbb34c0de,,pending,,,,5
img_00002473,images/img_00002473.jpg,02_deepfirearm,deepfirearm,5c9a849665086eda51def5ba31c9e3b8f66d5d949bcad52c4150ee4778523e5f,,pending,,,,5
img_00002474,images/img_00002474.jpg,02_deepfirearm,deepfirearm,9eab746c0a1a5a2a6ab8a7313bb118ee052f388a8ba29c0aaded4f60142925f5,,pending,,,,5
img_00002475,images/img_00002475.jpg,02_deepfirearm,deepfirearm,8630856098c890cfe15d800a3434aa56b741f1b6c09795db8bac7f1c8fee2e5b,,pending,,,,5
img_00002476,images/img_00002476.jpg,02_deepfirearm,deepfirearm,fc3d11cf93b434aefe8c3cc6cf001da2ef204f163cfb255e7ebee49f6d099ac0,,pending,,,,5
img_00002477,images/img_00002477.jpg,02_deepfirearm,deepfirearm,c61b088072b64baac228fff4f0a05e4f365fde71d9c560e6f681b3bee81a4466,,pending,,,,5
img_00002478,images/img_00002478.jpg,02_deepfirearm,deepfirearm,b9d3eff599c1be09706dd68be69f9489bb08c2c043190168e46ae0c383c850cd,,pending,,,,5
img_00002479,images/img_00002479.jpg,02_deepfirearm,deepfirearm,95b231e6870d1713cc97940a316c64a046d9c670cd5d42000cf0460e2ab3179b,,pending,,,,5
img_00002480,images/img_00002480.jpg,02_deepfirearm,deepfirearm,b5c36de47cd6c9dc1985af8597882b2be2ec511970815768ba54ecc0a1469ba6,,pending,,,,5
img_00002481,images/img_00002481.jpg,02_deepfirearm,deepfirearm,1d20d56b87400ca625aeb015af481118e4ba2860246014219e6c53c8e8fd181c,,pending,,,,5
img_00002482,images/img_00002482.jpg,02_deepfirearm,deepfirearm,65b786c224a640d8a3222af9a2f685843cd40a4e1be8a5f162317827ddc7ab6a,,pending,,,,5
img_00002483,images/img_00002483.jpg,02_deepfirearm,deepfirearm,dc3b9e81216de00e043923fe0a6978ede900d765214f36d374cb6531445122dd,,pending,,,,5
img_00002484,images/img_00002484.jpg,02_deepfirearm,deepfirearm,e0c03ac7e70d6e2e21dba8c93f9a303039b695336b4bbc207bcf90efecf8f5d1,,pending,,,,5
img_00002485,images/img_00002485.jpg,02_deepfirearm,deepfirearm,d47a8f6f458fab4f8db0ae03eacf3f0dd228d8f8f7fa6e8b43204fc2e3062c6f,,pending,,,,5
img_00002486,images/img_00002486.jpg,02_deepfirearm,deepfirearm,3b3192cbd6130b8f21975a861abc8b9834fd912940cbf2a96e0357d3680c5eab,,pending,,,,5
img_00002487,images/img_00002487.jpg,02_deepfirearm,deepfirearm,54effc3235e7549067c91fc46bc751077cec4915411c39ff97a5e98760047082,,pending,,,,5
img_00002488,images/img_00002488.jpg,02_deepfirearm,deepfirearm,d02f4b44409447719892cbee1d24d17673eb8ab0c50397023872ee6a412c89ca,,pending,,,,5
img_00002489,images/img_00002489.jpg,02_deepfirearm,deepfirearm,ae0a6ee38de1ba700f17dbb0a22224c291b0ae7c498f403332d0165205e0549b,,pending,,,,5
img_00002490,images/img_00002490.jpg,02_deepfirearm,deepfirearm,0e12f456ebd958ba8ad880a366ffc0a42308730aa086bafe43b0ec0c8a5ad480,,pending,,,,5
img_00002491,images/img_00002491.jpg,02_deepfirearm,deepfirearm,b6f8fe3d84848d9758e542cf52798b13ef4c0ff1f80ca219323c3668e055c6eb,,pending,,,,5
img_00002492,images/img_00002492.jpg,02_deepfirearm,deepfirearm,5873be4c380e8b728bcac1bd24989b65481cb94480851f51f3ab77c73bb344bf,,pending,,,,5
img_00002493,images/img_00002493.jpg,02_deepfirearm,deepfirearm,036fae4601c0f243a0a6555ea048181d1cbfb93ce0261da58b04ca396a1e6666,,pending,,,,5
img_00002494,images/img_00002494.jpg,02_deepfirearm,deepfirearm,0169463a017b87b7454b8bca9d4b9aa672a549a86225f33ac8119f6bb7e90cf0,,pending,,,,5
img_00002495,images/img_00002495.jpg,02_deepfirearm,deepfirearm,bc1508f9ff219854472ad424378482da00a89573871a0d2d9db5478147b04bb8,,pending,,,,5
img_00002496,images/img_00002496.jpg,02_deepfirearm,deepfirearm,a96ec6e490c9acb75aeb92984a58f373d9386869ba95e8d110eb43f6a492f931,,pending,,,,5
img_00002497,images/img_00002497.jpg,02_deepfirearm,deepfirearm,05a585a6afb3311d1ea2b0dd6250a8ebb27808349df560393f86994e4c3b599c,,pending,,,,5
img_00002498,images/img_00002498.jpg,02_deepfirearm,deepfirearm,011e5a46cae35f32f1e3ae77e8eeb33bbd44eb4753bc9a98e94555fe28b30474,,pending,,,,5
img_00002499,images/img_00002499.jpg,02_deepfirearm,deepfirearm,e1524d46ccf6ec83c4cea0c4921c989f46b995884fe61c6c492082139dc4c408,,pending,,,,5
img_00002500,images/img_00002500.jpg,02_deepfirearm,deepfirearm,34fa1df1adf82810eb847b504452cfb20b5bf590e0426bb8fc14644c7778e2a7,,pending,,,,5
img_00002501,images/img_00002501.jpg,02_deepfirearm,deepfirearm,48ff19059f2170e6957adb3a2b40b8c81aa09cbae1030ce0680fac835149643a,,pending,,,,5
img_00002502,images/img_00002502.jpg,02_deepfirearm,deepfirearm,4729cca18595e0162dadf8ef8c2b155cd9311dba9df9d96b8b0350c7d0d04a15,,pending,,,,5
img_00002503,images/img_00002503.jpg,02_deepfirearm,deepfirearm,13126f7cf388eba33e2a6800462527769f4dbe631da688dad614e24f39211473,,pending,,,,5
img_00002504,images/img_00002504.jpg,02_deepfirearm,deepfirearm,8245e4decc5184e65b748eedfa8e55183492652f243a25bf1bb3325996f04142,,pending,,,,5
img_00002505,images/img_00002505.jpg,02_deepfirearm,deepfirearm,44fcf003122ace10ff85365dacb1abe901dadda380931c26258b08ae144da8b7,,pending,,,,5
img_00002506,images/img_00002506.jpg,02_deepfirearm,deepfirearm,fe17b6a9a84ef6dc62a3aeeaceb783e30eec2c6aaa7d922437f093ef60316ae2,,pending,,,,5
img_00002507,images/img_00002507.jpg,02_deepfirearm,deepfirearm,ddd304c6a4a4180f3b54f0259d85de39a13720416c8c2d3f41da32ef4ee7f71a,,pending,,,,5
img_00002508,images/img_00002508.jpg,02_deepfirearm,deepfirearm,dd06f2440523716589b07abfa4185e1ae4616bf6537bd1c141bac371e8f179b4,,pending,,,,5
img_00002509,images/img_00002509.jpg,02_deepfirearm,deepfirearm,c130a4dfc67299688b49f0745715b7a00c174505d5661d37f6416115c0c00e16,,pending,,,,5
img_00002510,images/img_00002510.jpg,02_deepfirearm,deepfirearm,e98747db57da9cc0a84cab0f28dd40850d31b4e3b8e6f5a99dc181f6684098a8,,pending,,,,5
img_00002511,images/img_00002511.jpg,02_deepfirearm,deepfirearm,30a6755a8451ba2e114567efe03aaaffed7c9109894d4ed5cca6ac49764e523c,,pending,,,,5
img_00002512,images/img_00002512.jpg,02_deepfirearm,deepfirearm,4f62f4269c52605862b7983feadac07e9ba42312134cc5496d3a3d296854e782,,pending,,,,5
img_00002513,images/img_00002513.jpg,02_deepfirearm,deepfirearm,311cb7544cfa0a1ea4c3040ba20f1f56ccd8d87bef57dadb2e96cf30701dcd08,,pending,,,,5
img_00002514,images/img_00002514.jpg,02_deepfirearm,deepfirearm,d35c19a604254d98787aef96b07fa2e5077e1a62ccc80f748fd7871ad761eeeb,,pending,,,,5
img_00002515,images/img_00002515.jpg,02_deepfirearm,deepfirearm,a24092464d3d911e86cbd70b59e72d4a828c17267bce1759e2af5095c9d77f33,,pending,,,,5
img_00002516,images/img_00002516.jpg,02_deepfirearm,deepfirearm,1eff7d72771dbe4e34f752681081ccd0685fb558d407b9dcbede8ab29c282ccf,,pending,,,,5
img_00002517,images/img_00002517.jpg,02_deepfirearm,deepfirearm,83b01c8a3b4a8417b41c9c1f76eddbe8a0066b908ed8054b64b372d47126fb6d,,pending,,,,5
img_00002518,images/img_00002518.jpg,02_deepfirearm,deepfirearm,aef1f544c0b81a3356f41e627fd07122fe5726ddb8adde1c60e0cb683be25890,,pending,,,,5
img_00002519,images/img_00002519.jpg,02_deepfirearm,deepfirearm,0d151b011fc601ed6e57b85f496a27473c658c9314a228940bd01c451d0a0951,,pending,,,,5
img_00002520,images/img_00002520.jpg,02_deepfirearm,deepfirearm,6852deeb5a1d1e606d2ea473c6f2dca9a8bb1ad1498e3be8bfb9975851087a32,,pending,,,,5
img_00002521,images/img_00002521.jpg,02_deepfirearm,deepfirearm,675af69f5f37a6f09d9f5eb358931048b33eb8e31945b2dc7b9d385b8a6689c8,,pending,,,,5
img_00002522,images/img_00002522.jpg,02_deepfirearm,deepfirearm,0f3848e4ccd2dd5203b315c01c3900f38b897dbf28a88170196d7f95f3253258,,pending,,,,5
img_00002523,images/img_00002523.jpg,02_deepfirearm,deepfirearm,798cb12bcba218cf7d7963d82353d1a97d5a547ca469a7f5d327cf4f1f431f91,,pending,,,,5
img_00002524,images/img_00002524.jpg,02_deepfirearm,deepfirearm,92ec67bd6a449eb1b0f421c30ba5346588ed540beae6d7cf04c553365bc4dd9b,,pending,,,,5
img_00002525,images/img_00002525.jpg,02_deepfirearm,deepfirearm,5c6620140dee31fda927db6dc71a57354cd5510fadfa8d0b003438c644a8717f,,pending,,,,5
img_00002526,images/img_00002526.jpg,02_deepfirearm,deepfirearm,aac6d138e9908b498468db5f33015ccc8f6e1f2628dd5ea70cbe49dcb5a79fd1,,pending,,,,5
img_00002527,images/img_00002527.jpg,02_deepfirearm,deepfirearm,3b927fa9d6d54e02668c348730b42184762c309923d4840d8ea1e90a3d8ee3b3,,pending,,,,5
img_00002528,images/img_00002528.jpg,02_deepfirearm,deepfirearm,657db351694e204b721fb8719a65b4cc1dde6b8cbf2c9637a389fad4d237a5c7,,pending,,,,5
img_00002529,images/img_00002529.jpg,02_deepfirearm,deepfirearm,122854f0df310eb69ea56da535354ab34e1dc418f46b098f0c9f963cb8c8dca0,,pending,,,,5
img_00002530,images/img_00002530.jpg,02_deepfirearm,deepfirearm,e8877fca860a35da56c5b1462394714959b555e78f1ca86f0884242e78c82f90,,pending,,,,5
img_00002531,images/img_00002531.jpg,02_deepfirearm,deepfirearm,7f027472f997fca5aa38275ef1ae8deddfa7c22136b0f93612b87c42b78ac56d,,pending,,,,5
img_00002532,images/img_00002532.jpg,02_deepfirearm,deepfirearm,80d40be59056008930b0aa5f79efbeb9fe888605c1047eac9aa0b2f62edabee4,,pending,,,,5
img_00002533,images/img_00002533.jpg,02_deepfirearm,deepfirearm,20eb2917b79bb27aab27a24ae204a5cd8344fe414a308a1409355bd6b858a2bd,,pending,,,,5
img_00002534,images/img_00002534.jpg,02_deepfirearm,deepfirearm,968f457e01bebf7c840647cb8b77f977680603d29ddf5f6b37b8dd7b4fa0b051,,pending,,,,5
img_00002535,images/img_00002535.jpg,02_deepfirearm,deepfirearm,223a697c853b605ff098c0a9e10b79630ab0063c0ecd3b13ef10404b18f146b6,,pending,,,,5
img_00002536,images/img_00002536.jpg,02_deepfirearm,deepfirearm,b5549cd074704b71f56b114823f0257c8e45f74d14053cff1729a3492ec23375,,pending,,,,5
img_00002537,images/img_00002537.jpg,02_deepfirearm,deepfirearm,990f46f8161f63af1cef88529d62f6b4392cb5f8df99b800005da5cd71ddfa81,,pending,,,,5
img_00002538,images/img_00002538.jpg,02_deepfirearm,deepfirearm,351904733d29aaaa743df305cc65119541c38bb93794c035c6006e9f58ab489b,,pending,,,,5
img_00002539,images/img_00002539.jpg,02_deepfirearm,deepfirearm,54c66075055f9a5bbba14d499faa9fe5f3d70bef4d2a3313dc27b36ccc178112,,pending,,,,5
img_00002540,images/img_00002540.jpg,02_deepfirearm,deepfirearm,87deb1a5dba175e0340a70fec455252f092bccbf6cda0879459c5b55d4a4d94d,,pending,,,,5
img_00002541,images/img_00002541.jpg,02_deepfirearm,deepfirearm,23c713f1f3e8d1aca8b94589ebb63a14daa200fcf41727c5f4540c9091c75231,,pending,,,,5
img_00002542,images/img_00002542.jpg,02_deepfirearm,deepfirearm,23411740b88e22fa9c4e2592e1468f02a354705115eabaf247bd76bb1d92cb6a,,pending,,,,5
img_00002543,images/img_00002543.jpg,02_deepfirearm,deepfirearm,0bc46bf365792cc94f89360be8efa6e2b621be08b37827d2a97863b90aa5e205,,pending,,,,5
img_00002544,images/img_00002544.jpg,02_deepfirearm,deepfirearm,4e6312426d4adb9bf9c22dd7e8a818ee011a0b757d0bc8023964d2fbce9893b0,,pending,,,,5
img_00002545,images/img_00002545.jpg,02_deepfirearm,deepfirearm,5403658391e1670b885ade5eedc3a47e767679448671643f77d46e2d81137107,,pending,,,,5
img_00002546,images/img_00002546.jpg,02_deepfirearm,deepfirearm,98500f38790cc8c99b3154a0ec864683439109ff55a1d5f3d342d624eb10f60f,,pending,,,,5
img_00002547,images/img_00002547.jpg,02_deepfirearm,deepfirearm,f3b7fbbb5266e5f93a45065fcff1834a366869d18369fab583374331762a3ce2,,pending,,,,5
img_00002548,images/img_00002548.jpg,02_deepfirearm,deepfirearm,81e782f502ab7639748ce747806bc2588a62a85216833448ad01f24114841020,,pending,,,,5
img_00002549,images/img_00002549.jpg,02_deepfirearm,deepfirearm,7348c3b2e0f20e5f5cd3df195f3aaa7eaddfdf4f458129d335c83147b9af9e87,,pending,,,,5
img_00002550,images/img_00002550.jpg,02_deepfirearm,deepfirearm,833a516311c535524e999a34933daeee218c46dab428af4b20cfbc6c4714faf1,,pending,,,,5
img_00002551,images/img_00002551.jpg,02_deepfirearm,deepfirearm,6762533877e5c0e6932fbbfcd3992bc53e5ab8ef0ff89c93e582bd31a5af902c,,pending,,,,5
img_00002552,images/img_00002552.jpg,02_deepfirearm,deepfirearm,4a1ff2b3f644262d91fed7c29a3c663a9ad53430ecd38d0945a331a5e421b614,,pending,,,,5
img_00002553,images/img_00002553.jpg,02_deepfirearm,deepfirearm,84d360c720e8bd3e7c621875b18f5f7f796a650045085f27ed3f77176142e8e8,,pending,,,,5
img_00002554,images/img_00002554.jpg,02_deepfirearm,deepfirearm,b5ffbee8a0d1c575837b0d0d6728f5503bf531dd466c7b379a94eca72642d774,,pending,,,,5
img_00002555,images/img_00002555.jpg,02_deepfirearm,deepfirearm,51a9274031fd5b187bca4f48125af2f29993c44cb527266b2bced013f169b24b,,pending,,,,5
img_00002556,images/img_00002556.jpg,02_deepfirearm,deepfirearm,02fa689a015db01e4fc9d349b3f8ff9b1e4ae6ef7635fa5e63764abc706fb107,,pending,,,,5
img_00002557,images/img_00002557.jpg,02_deepfirearm,deepfirearm,e1d77d479624b6ef35608a375d6fe2e6aabf55ce798d51fe563f8228cd93e091,,pending,,,,5
img_00002558,images/img_00002558.jpg,02_deepfirearm,deepfirearm,476d9f9ed4d246e7c5f9cb8e1f77bc61f1619c7ea7f6ff81c6c7dd78ef68c64c,,pending,,,,5
img_00002559,images/img_00002559.jpg,02_deepfirearm,deepfirearm,2d178925f3dfdc7bdad0a85d043e0816e339b9ee03dccaaae3e89d60355c234f,,pending,,,,5
img_00002560,images/img_00002560.jpg,02_deepfirearm,deepfirearm,7bc00fe5759b656d411867c03426440e34216b925ed6b517b2a98120a2d2ca2e,,pending,,,,5
img_00002561,images/img_00002561.jpg,02_deepfirearm,deepfirearm,3cd35cf5417117b61b651700eca001d152138a9ddcf3920e72c5643d2ff2e2b3,,pending,,,,5
img_00002562,images/img_00002562.jpg,02_deepfirearm,deepfirearm,45676bed2be73add5f9259ab8213d692479dfc3a148fa5882e8594654fedfcbe,,pending,,,,5
img_00002563,images/img_00002563.jpg,02_deepfirearm,deepfirearm,73e99e5335081e87b708c89e7fa52901b0ba62f05f6100be9038b25022959c39,,pending,,,,5
img_00002564,images/img_00002564.jpg,02_deepfirearm,deepfirearm,ef9ac270bd0238d61e396e6c7f44871128fc79ab245aeb6d3324850651c8af77,,pending,,,,5
img_00002565,images/img_00002565.jpg,02_deepfirearm,deepfirearm,dcef541b560fcd81edb3a95e1fcc3b618ce18cda2aacbfc0d08cfd1d2c6c8d52,,pending,,,,5
img_00002566,images/img_00002566.jpg,02_deepfirearm,deepfirearm,01a0b7c1cd50161db00b06f584f5528445bdc744a021dce30181739220c0535c,,pending,,,,5
img_00002567,images/img_00002567.jpg,02_deepfirearm,deepfirearm,cbedec6568cfbc453afac9819bb89a50c5bccf92536824d5ff399edfc1850160,,pending,,,,5
img_00002568,images/img_00002568.jpg,02_deepfirearm,deepfirearm,4d8b53ca367a91a8c3c5eca0a2b8f26797c65dc40fe354087bd05dc21ab59165,,pending,,,,5
img_00002569,images/img_00002569.jpg,02_deepfirearm,deepfirearm,bbc7a6fe6908f8d4617d74321c40f46a29fcfdd7e61eb4fb47d1bef25382c25c,,pending,,,,5
img_00002570,images/img_00002570.jpg,02_deepfirearm,deepfirearm,147c3605107ee011aae77fbddf010e536d9beff2330caee7c5c945f51c65b87b,,pending,,,,5
img_00002571,images/img_00002571.jpg,02_deepfirearm,deepfirearm,bda69c71e8d6c440a3048042f2f438d28c7f51384d0e62705efd749ce8aaef6f,,pending,,,,5
img_00002572,images/img_00002572.jpg,02_deepfirearm,deepfirearm,6d964f94733e2f2167c80526357762f11cb40745165b77801e1dc25b08f2867f,,pending,,,,5
img_00002573,images/img_00002573.jpg,02_deepfirearm,deepfirearm,3d42dc0785e6405a9dff48880a795f8262963c0a9a46dc170908dd4285895d2b,,pending,,,,5
img_00002574,images/img_00002574.jpg,02_deepfirearm,deepfirearm,5b481b67d2992a071da632bebfc037ea1a5063d4cc74c473ad5a0bebfcd74fbb,,pending,,,,5
img_00002575,images/img_00002575.jpg,02_deepfirearm,deepfirearm,f018e1f06e2fb7e09f9461f35aa8c95a644d85d1d0ed911e5a70b3e696a0afda,,pending,,,,5
img_00002576,images/img_00002576.jpg,02_deepfirearm,deepfirearm,b3eaa07184edccfd977aeb07cc2a15022c9455d4386714feddbef948e9110d1a,,pending,,,,5
img_00002577,images/img_00002577.jpg,02_deepfirearm,deepfirearm,c50e30523c3675f3dc7095409647f84edcb39102643945f9ba6c8c342749824f,,pending,,,,5
img_00002578,images/img_00002578.jpg,02_deepfirearm,deepfirearm,694a9df0ed005f03d038dd48ea0f08adb0ad38955f25dbad48d4a9cf4171770b,,pending,,,,5
img_00002579,images/img_00002579.jpg,02_deepfirearm,deepfirearm,a4b6f8d81abe55a89a29443430dd1e446e2d3da67c56e2518f76265645d01cfd,,pending,,,,5
img_00002580,images/img_00002580.jpg,02_deepfirearm,deepfirearm,d651fa3469e5fc885ab4a6d6504a62a48bb5fe010fbe54387385e7c1b176c7cc,,pending,,,,5
img_00002581,images/img_00002581.jpg,02_deepfirearm,deepfirearm,848f4d4cf8cd4fabb523d51a4d5233862e3a9d51e44687354e31b3bd40778136,,pending,,,,5
img_00002582,images/img_00002582.jpg,02_deepfirearm,deepfirearm,c144376fc79fcd4920866295ef4b68e8932e6b7643dd7aa175f524680db0e741,,pending,,,,5
img_00002583,images/img_00002583.jpg,02_deepfirearm,deepfirearm,ebb66ffa91d0973aea80571486e766dd6bb9dcd160bb06a3296c9c0cbd272478,,pending,,,,5
img_00002584,images/img_00002584.jpg,02_deepfirearm,deepfirearm,9d061a6b9e67b14ba282d17d86f628457c79cf35cfcaf207e7ffb961a46c935e,,pending,,,,5
img_00002585,images/img_00002585.jpg,02_deepfirearm,deepfirearm,ecc23975ac3d2a32d1407984ab494cdc306b0b25da9e16d7549449ef30912b2c,,pending,,,,5
img_00002586,images/img_00002586.jpg,02_deepfirearm,deepfirearm,1c118f02bfbba6ab3c9b8b26d687eb1534409c0a33e7fd0a42ca3a0ecd3e9642,,pending,,,,5
img_00002587,images/img_00002587.jpg,02_deepfirearm,deepfirearm,bbc7ad71a2eb36c389cb7d30ab266b949d67a60bca1db604da8132ed8cd5f494,,pending,,,,5
img_00002588,images/img_00002588.jpg,02_deepfirearm,deepfirearm,a6434f8399b36b03889832007637e0f28caad29d620ea3aa0cfc61aab60a33bf,,pending,,,,5
img_00002589,images/img_00002589.jpg,02_deepfirearm,deepfirearm,1fff9bbba9b7f0d2a48bc0b1b32c93e36693529f0cae606d67dae49d1504b23b,,pending,,,,5
img_00002590,images/img_00002590.jpg,02_deepfirearm,deepfirearm,f3d428eadf89854ce8d105f2d9fbe14ccb1eb7a99c2c6500328cb784699a2e16,,pending,,,,5
img_00002591,images/img_00002591.jpg,02_deepfirearm,deepfirearm,3146ed164450077e70bb82b87b65504227df46c1f269bab5fdff8270d391704f,,pending,,,,5
img_00002592,images/img_00002592.jpg,02_deepfirearm,deepfirearm,707ee441f24a92ec981d93e62775504a9e45a2f5f246fe25c4f339b9ac3ca692,,pending,,,,5
img_00002593,images/img_00002593.jpg,02_deepfirearm,deepfirearm,5d63ecdcd734f26149eb629f651f61b4fe16b5415da3d8c2f81e3e85585e82c9,,pending,,,,5
img_00002594,images/img_00002594.jpg,02_deepfirearm,deepfirearm,569dfee10241b98b3cd4375da3aa1bc4ee87cfdd4eace175cce4727ba78b0436,,pending,,,,5
img_00002595,images/img_00002595.jpg,02_deepfirearm,deepfirearm,58209c5314a8d99c99e5b23eb854ca7d607fe9295b743a88148fcfcd4e6e5435,,pending,,,,5
img_00002596,images/img_00002596.jpg,02_deepfirearm,deepfirearm,4e270ce637121b193a6cc53632c304bd168e80c3455ef914fa14ba31688bfdf0,,pending,,,,5
img_00002597,images/img_00002597.jpg,02_deepfirearm,deepfirearm,8f3a3bfca2ceed68b9a5cbcf0a4cb2f47ab0240bd7c4c0a2924f92cc514a452d,,pending,,,,5
img_00002598,images/img_00002598.jpg,02_deepfirearm,deepfirearm,2bafb48ff2e1ad3db5ffb677f22e3eff9494250a1ca345776960529787dfc489,,pending,,,,5
img_00002599,images/img_00002599.jpg,02_deepfirearm,deepfirearm,96f5b0fb809754126ca0ec80609d1373fc89735d69ce2c074e7d7d3e65d0892b,,pending,,,,5
img_00002600,images/img_00002600.jpg,02_deepfirearm,deepfirearm,22a3a42a7495755e38e813871e68e595de32490f7c306767253ca70ea24f7253,,pending,,,,5
img_00002601,images/img_00002601.jpg,02_deepfirearm,deepfirearm,c32dd88584fb64d377fbd9c2529dc8860826e2155312ef8d13c46ddc89272316,,pending,,,,5
img_00002602,images/img_00002602.jpg,02_deepfirearm,deepfirearm,4ba88b340f5f34a7e340688501a7ee538a1c494f377fa637772d622c53750a01,,pending,,,,5
img_00002603,images/img_00002603.jpg,02_deepfirearm,deepfirearm,8269d2ff9f7c21b65477e283c09f0b4e2665596c48eac77fa1f2909605daeaad,,pending,,,,5
img_00002604,images/img_00002604.jpg,02_deepfirearm,deepfirearm,079d94457caaa5bbaeacef22f384d1c059e548d8729e7c9fa1b0994bb7fe6c0c,,pending,,,,5
img_00002605,images/img_00002605.jpg,02_deepfirearm,deepfirearm,32b03fc466bd254a59ab0b0c77779c35862407e503f63e871fc7e305552493f4,,pending,,,,5
img_00002606,images/img_00002606.jpg,02_deepfirearm,deepfirearm,2eafbf73a139a50f6e01089cc3a139f399c7fc24ef2097c4dda6a10721b3d901,,pending,,,,5
img_00002607,images/img_00002607.jpg,02_deepfirearm,deepfirearm,3783f2573b2519878c041f28608edc1c07b5cd94f06df3fda2e9d95598fb5af8,,pending,,,,5
img_00002608,images/img_00002608.jpg,02_deepfirearm,deepfirearm,4ae3da2c53361947bed041bd8a1386defa3f71460f7c71b09035c954ed246be8,,pending,,,,5
img_00002609,images/img_00002609.jpg,02_deepfirearm,deepfirearm,c57817117cab1849a3dd1e67d128bd0789036650707c53bd144cb5847340b120,,pending,,,,5
img_00002610,images/img_00002610.jpg,02_deepfirearm,deepfirearm,e94fdc719e4852b6cb8774c7d8c6897906bfd9d059c32cd84e492845686a48a3,,pending,,,,5
img_00002611,images/img_00002611.jpg,02_deepfirearm,deepfirearm,4889407d5fd17e6ccb66405b8e768f1735178454ed279e7376e4a14fd5dd27be,,pending,,,,5
img_00002612,images/img_00002612.jpg,02_deepfirearm,deepfirearm,537eb77aa19f140714afb11d43ae8b3248f7253faa150c96393f5b464c0af8e9,,pending,,,,5
img_00002613,images/img_00002613.jpg,02_deepfirearm,deepfirearm,10b8efff5c73280454ac4fbee645ab099dfe6c2d60de4d6f9e28d1e28debf33f,,pending,,,,5
img_00002614,images/img_00002614.jpg,02_deepfirearm,deepfirearm,c044c3c995f0712f32c4dcc98fc327a2ac76f52187dfcbc4743b392c7d2cf1bd,,pending,,,,5
img_00002615,images/img_00002615.jpg,02_deepfirearm,deepfirearm,8065c9ade01202b7f1fb5e3f9726c57841a3a504a3507de0440181e1721cb725,,pending,,,,5
img_00002616,images/img_00002616.jpg,02_deepfirearm,deepfirearm,a536a2cb6afb009c51e6880ad1aa80bcee3efc04025bdea670d855a82fb7d942,,pending,,,,5
img_00002617,images/img_00002617.jpg,02_deepfirearm,deepfirearm,a0cbe48d93e46b089e276dd6f86f543a9fe81980754ed0f186ca1dcd54d26043,,pending,,,,5
img_00002618,images/img_00002618.jpg,02_deepfirearm,deepfirearm,81164851fdfef77525b8e8b61d3ecfef39bfe835fc9266ce5e66fa3ef349870c,,pending,,,,5
img_00002619,images/img_00002619.jpg,02_deepfirearm,deepfirearm,773fb7a842afb16ad8233c189333ff04309e291821b027414705309d95b2788a,,pending,,,,5
img_00002620,images/img_00002620.jpg,02_deepfirearm,deepfirearm,cb147cd6a6bd353b08fe57ef5673b4f43b7383699b2a7e051afeb85be413861b,,pending,,,,5
img_00002621,images/img_00002621.jpg,02_deepfirearm,deepfirearm,b53c1910af1cf8942e59a53330bba666cfc911243628b6b9a3b88ceff8f64fde,,pending,,,,5
img_00002622,images/img_00002622.jpg,02_deepfirearm,deepfirearm,5ace72ee9decdde2ee4eacf9c3f615f181a4d356a4b7e201852e539cd3dbacf8,,pending,,,,5
img_00002623,images/img_00002623.jpg,02_deepfirearm,deepfirearm,bb18891c85b3876a8e988a329f50c44f54b166a431ef139874875a4966176284,,pending,,,,5
img_00002624,images/img_00002624.jpg,02_deepfirearm,deepfirearm,3016d4a4bc3e6d8a44956998e468044e6e01655608956308579ab5b7dec18953,,pending,,,,5
img_00002625,images/img_00002625.jpg,02_deepfirearm,deepfirearm,7b3488a0265aafb85bb3e0d47143af114e40c000a92caa39a6cda3c7dba72a06,,pending,,,,5
img_00002626,images/img_00002626.jpg,02_deepfirearm,deepfirearm,1e541238eaa6d984ca66aaf81134e0a333196fd88fe6d951a09c89bbd3b6a422,,pending,,,,5
img_00002627,images/img_00002627.jpg,02_deepfirearm,deepfirearm,d72f3aac0c3283b858ec136abad92e46ba59a97fdf7c96e0b602f4ebb09fca11,,pending,,,,5
img_00002628,images/img_00002628.jpg,02_deepfirearm,deepfirearm,b569321b980d114f4e5e4e5066fa7a09ba07e7ccd371aad0ae5b445c347e265e,,pending,,,,5
img_00002629,images/img_00002629.jpg,02_deepfirearm,deepfirearm,00238b63b8a0bd836ab7455206db0a51de1a44a74c0d14cf00bc20599f242842,,pending,,,,5
img_00002630,images/img_00002630.jpg,02_deepfirearm,deepfirearm,e6d193fbdbf1a2d197df8185a6ca6c12a6e0782e681e33ecdcd78befff0d7c45,,pending,,,,5
img_00002631,images/img_00002631.jpg,02_deepfirearm,deepfirearm,c441d7a44c0bd30dcc84f4a559da50252676d5093516f1fc5c1565c781b421ae,,pending,,,,5
img_00002632,images/img_00002632.jpg,02_deepfirearm,deepfirearm,5ca6fd1bbeb1d11c40aab6c7ec8077d08f97ec463bf3ce3b4cb092048f20c149,,pending,,,,5
img_00002633,images/img_00002633.jpg,02_deepfirearm,deepfirearm,281bd527c445cd686dd1e5ac21afefd728eea4ff5cddae2f740a1fea88b3edab,,pending,,,,5
img_00002634,images/img_00002634.jpg,02_deepfirearm,deepfirearm,8067cfe55793c65919a5549c43567b0ee9ee3f8cb8df186976d70f32da10cfd1,,pending,,,,5
img_00002635,images/img_00002635.jpg,02_deepfirearm,deepfirearm,8c0a735b4064d08a96f324b9b8c1222bf8036685d0f83e9a81340a962a885754,,pending,,,,5
img_00002636,images/img_00002636.jpg,02_deepfirearm,deepfirearm,6e953bb7596cd9bdab96ae4257e376edcc5cbe154f4e1658eca5112cf1ee2e34,,pending,,,,5
img_00002637,images/img_00002637.jpg,02_deepfirearm,deepfirearm,5f54b5f8e567bcaf3a96dcfc5b1e7cd2da7cd06752f9e46db8bef4f4bc9b04c6,,pending,,,,5
img_00002638,images/img_00002638.jpg,02_deepfirearm,deepfirearm,8777da0177c09b8545fc33379bbdc87e38aaec8fd9911fd206dd95320db94d7c,,pending,,,,5
img_00002639,images/img_00002639.jpg,02_deepfirearm,deepfirearm,3075010f6e4bc80de861d323221fb570578793adb26601a62468605e2b1698f4,,pending,,,,5
img_00002640,images/img_00002640.jpg,02_deepfirearm,deepfirearm,cacd87fc4ca271b1c36b93aeb1aec7e750f693e9c66718c33aa66174e488bc38,,pending,,,,5
img_00002641,images/img_00002641.jpg,02_deepfirearm,deepfirearm,fd1a89b6d58e27051cb5b56c0aa5852ea43ca77051deb99d7f2b2e37e49f5377,,pending,,,,5
img_00002642,images/img_00002642.jpg,02_deepfirearm,deepfirearm,bc9e2f9d85717d4538f32eb5f84cdd52fde0e98530edf92b6d174bab47eacdc6,,pending,,,,5
img_00002643,images/img_00002643.jpg,02_deepfirearm,deepfirearm,cfbfe5bfef583de71bea90839b2769d9a1c954defd6071dc7a161b99ceebec22,,pending,,,,5
img_00002644,images/img_00002644.jpg,02_deepfirearm,deepfirearm,e450a92e6f5d7853dc9f8a019016c3cdd787c02c8466d0407bd9ee90720549e7,,pending,,,,5
img_00002645,images/img_00002645.jpg,02_deepfirearm,deepfirearm,ae96551cc66ba445715a896a03dbfd8285752a4d8e8cbc5926a0510046043b4b,,pending,,,,5
img_00002646,images/img_00002646.jpg,02_deepfirearm,deepfirearm,1dafe5ddbec4e63cbaef76f7ffd51f557aaf455e3f132b09ff681304cb3b190f,,pending,,,,5
img_00002647,images/img_00002647.jpg,02_deepfirearm,deepfirearm,6dfe98058e37a56405313dd2d4bb71ad96b4f84d0987791c6ed2499becdd6024,,pending,,,,5
img_00002648,images/img_00002648.jpg,02_deepfirearm,deepfirearm,b240b53f774e41116e53ff2debeed5b27ab5c5db598bc71e273252ca3ee423a6,,pending,,,,5
img_00002649,images/img_00002649.jpg,02_deepfirearm,deepfirearm,4c2aeb9a15c5d1fd89c4e41888992f799e4b735982eec8925c1820cdeba57b2a,,pending,,,,5
img_00002650,images/img_00002650.jpg,02_deepfirearm,deepfirearm,50922e19483d22f2eab797eb697ca390e08d9115d988ccc5786208dd8761f924,,pending,,,,5
img_00002651,images/img_00002651.jpg,02_deepfirearm,deepfirearm,ce77a7725e97e1af0b5776bed91a88deca5c8f4027e86b9b5a775c58e0367c1b,,pending,,,,5
img_00002652,images/img_00002652.jpg,02_deepfirearm,deepfirearm,393e80078542a77f641c46b5002aad57f89e911cb7ed028576422b9b560cab89,,pending,,,,5
img_00002653,images/img_00002653.jpg,02_deepfirearm,deepfirearm,9590f5211edb4fb177b799af1609652d72f4b0e8f2450f47c935df10056ab2f4,,pending,,,,5
img_00002654,images/img_00002654.jpg,02_deepfirearm,deepfirearm,086f90ff2caa5711bca6a5ff1a4a456318992d19c2ef6156672edad31d8f987b,,pending,,,,5
img_00002655,images/img_00002655.jpg,02_deepfirearm,deepfirearm,392cffc2234f759dfa2b5fd9eee873b4bcaf9698aa09325e0e5dd83d56673373,,pending,,,,5
img_00002656,images/img_00002656.jpg,02_deepfirearm,deepfirearm,5086d5a093907cd4f221f6ea16e03763ebbe12900c8df274c63c1eff0f8ea5e7,,pending,,,,5
img_00002657,images/img_00002657.jpg,02_deepfirearm,deepfirearm,2886e319b1667aa57834037df5f858d88c8bf507db0bbafeac2065b5823fb703,,pending,,,,5
img_00002658,images/img_00002658.jpg,02_deepfirearm,deepfirearm,6b60b8ae7ffbf13d75df7e754dd644c921575308780336db3d787c703655e94b,,pending,,,,5
img_00002659,images/img_00002659.jpg,02_deepfirearm,deepfirearm,9a198f2c6f13e6c279d56e1d3ab0dbb07893ad00bbd7464d17c60197e837219b,,pending,,,,5
img_00002660,images/img_00002660.jpg,02_deepfirearm,deepfirearm,2cbb5837238cf5c660432fe10b8312013683a3a3454c92aac32b015b7e3125c1,,pending,,,,5
img_00002661,images/img_00002661.jpg,02_deepfirearm,deepfirearm,867ba8d014d8822731a208420bd326aa9c92968a6dbdddc69835855df75931e7,,pending,,,,5
img_00002662,images/img_00002662.jpg,02_deepfirearm,deepfirearm,4c74ebd907d9756e11707508adf88b4ea8f70df0954e6ec250c52c2531d3e762,,pending,,,,5
img_00002663,images/img_00002663.jpg,02_deepfirearm,deepfirearm,b76ca29376b0c6bd92b548409a189ee1a7c088f9f645bbf3c4fe9af19d74f3ec,,pending,,,,5
img_00002664,images/img_00002664.jpg,02_deepfirearm,deepfirearm,c74fc4706a32730ca65f024e6cccf5ff85d3e5aee852acb871bcf2e37da8a77f,,pending,,,,5
img_00002665,images/img_00002665.jpg,02_deepfirearm,deepfirearm,af9e7e63d048e278d88b2fcefa01ded7f2057d28895dd2a3ab0b60e3d9f65d6b,,pending,,,,5
img_00002666,images/img_00002666.jpg,02_deepfirearm,deepfirearm,25ace9a37700fa0a15854caa1d995ae9667e464a7f896020db4643382183eb67,,pending,,,,5
img_00002667,images/img_00002667.jpg,02_deepfirearm,deepfirearm,d39678db041fcd8440d0df77ad41f4575806de7f4430cd0a9605d174a2a78eb2,,pending,,,,5
img_00002668,images/img_00002668.jpg,02_deepfirearm,deepfirearm,0c2eba80528e66b7a90239cec5525d54fe53b170377aafe853978bbe429dda66,,pending,,,,5
img_00002669,images/img_00002669.jpg,02_deepfirearm,deepfirearm,636bf3c869a26f2025b8786bf7cb5e14cc2e31343fa9330c81abd93b655c147f,,pending,,,,5
img_00002670,images/img_00002670.jpg,02_deepfirearm,deepfirearm,26a7317d2ec8264965a28d65c6f50824d4a971cabde7cb2cf75f5976070aad4d,,pending,,,,5
img_00002671,images/img_00002671.jpg,02_deepfirearm,deepfirearm,02b696ce5d36ceab8966e09e1ca93d83ea1774d6827877aef0d8b4f2eceb2493,,pending,,,,5
img_00002672,images/img_00002672.jpg,02_deepfirearm,deepfirearm,39721d3722baafb90779ed2e7784fb1b361633281e1a21c1b201dcb00b4cb498,,pending,,,,5
img_00002673,images/img_00002673.jpg,02_deepfirearm,deepfirearm,2ab2c4541e962b53a88943424c0ce7f1e8d8d38f672080b33af7640997de7bf0,,pending,,,,5
img_00002674,images/img_00002674.jpg,02_deepfirearm,deepfirearm,a0296754b500018fbcd6994eab39a4f6fc0ad7c2f392f4d793f554577f9dab31,,pending,,,,5
img_00002675,images/img_00002675.jpg,02_deepfirearm,deepfirearm,fafe4548ce3ec686579c2b15ad8ddd0cd0676597a1b6a5f8a88ea49208399272,,pending,,,,5
img_00002676,images/img_00002676.jpg,02_deepfirearm,deepfirearm,8d3fdf019a99c0b5c524652e7e5f4fce9e0bef94291ece089e7680f25d808f4b,,pending,,,,5
img_00002677,images/img_00002677.jpg,02_deepfirearm,deepfirearm,2322fe88c1c80355afc3927d5fceb1ded18a6aea5135d7572ecee4b2cdfad6b3,,pending,,,,5
img_00002678,images/img_00002678.jpg,02_deepfirearm,deepfirearm,2bdbba03d889fb30c31139e7fc0e18891d719d705dd44a164e36bbebd3133b39,,pending,,,,5
img_00002679,images/img_00002679.jpg,02_deepfirearm,deepfirearm,2f9a1665d3ad5c190de78361d122a6c3f592619665a0ea4d783005e753c36aa2,,pending,,,,5
img_00002680,images/img_00002680.jpg,02_deepfirearm,deepfirearm,5ba5307056211be023120a82136c56768de7134679884a53946e1aefc78dc556,,pending,,,,5
img_00002681,images/img_00002681.jpg,02_deepfirearm,deepfirearm,6ee186f94dc89a06d7113e73f64c3de3a40888267291a6482ce5ac5222f11fdd,,pending,,,,5
img_00002682,images/img_00002682.jpg,02_deepfirearm,deepfirearm,11a9b531ccaeec9d50fb633fbe9eed5c8e576dfcfe2c50d694e873fcf8d4e67e,,pending,,,,5
img_00002683,images/img_00002683.jpg,02_deepfirearm,deepfirearm,b61b0bcc03f4c30d308d3f891a9be188fb31686114b29ca254f8985fab25d777,,pending,,,,5
img_00002684,images/img_00002684.jpg,02_deepfirearm,deepfirearm,0c277dc914cdc56b07c4d0e7908409dbd9d6f38168c6193a65796578e713d4e4,,pending,,,,5
img_00002685,images/img_00002685.jpg,02_deepfirearm,deepfirearm,02167a455d5bd3af7bfa664a002bc6f990a393691752688f3d6e5608484c214e,,pending,,,,5
img_00002686,images/img_00002686.jpg,02_deepfirearm,deepfirearm,890ff681baa874367b928366a7aec25f88707ce645e4c0c1d9fbad75c7542fe6,,pending,,,,5
img_00002687,images/img_00002687.jpg,02_deepfirearm,deepfirearm,a5498caecce8c7fae995a0643f496d391660d2e5211e36586eda91807423bbdb,,pending,,,,5
img_00002688,images/img_00002688.jpg,02_deepfirearm,deepfirearm,05292830e82c0a6aa3342457ef6f5f0eaaf9631bf6fe81414b0558233d424298,,pending,,,,5
img_00002689,images/img_00002689.jpg,02_deepfirearm,deepfirearm,4014a078b0c5c97f413d915112ece263b0cd05f614eb5c7098505e5727c61dc1,,pending,,,,5
img_00002690,images/img_00002690.jpg,02_deepfirearm,deepfirearm,8cb5b938c1dc79eafe206a828e1506b6bc784f608d394bf9701dbdb2e18790ad,,pending,,,,5
img_00002691,images/img_00002691.jpg,02_deepfirearm,deepfirearm,4424053a274bcb8b9916deca49ceaf0f18dc17e1483a39c3e1f08bf7bbe9331a,,pending,,,,5
img_00002692,images/img_00002692.jpg,02_deepfirearm,deepfirearm,28a838929a93ff5920538b2173c4db77ec163a25b9b04937b0e5e2ef15aa7194,,pending,,,,5
img_00002693,images/img_00002693.jpg,02_deepfirearm,deepfirearm,ab23c7ca3995deddb92372a4ad8135f4c8851ddee62ec63319abd9e2e1a73c35,,pending,,,,5
img_00002694,images/img_00002694.jpg,02_deepfirearm,deepfirearm,b18784ad4b819c04b7cb592ec61d78dd09af77f9478c9e3937c293f47601b2bd,,pending,,,,5
img_00002695,images/img_00002695.jpg,02_deepfirearm,deepfirearm,a01dadfcbf6e119b956e0524c82f72c7d6ea45766906b8c57b4bb6ec67d8432d,,pending,,,,5
img_00002696,images/img_00002696.jpg,02_deepfirearm,deepfirearm,c91fb4dfcc730766752bea3722721f8d831b4058582f3bc70cfcdea1fcf39a39,,pending,,,,5
img_00002697,images/img_00002697.jpg,02_deepfirearm,deepfirearm,146d64262f96100da926d85abf7be82a69c686df3854452ecd3c8cbeb29e4441,,pending,,,,5
img_00002698,images/img_00002698.jpg,02_deepfirearm,deepfirearm,bf40ffcb94df659795a59bb121fe5839cac9a62e40a3bf4c56cf2fe65bf92297,,pending,,,,5
img_00002699,images/img_00002699.jpg,02_deepfirearm,deepfirearm,4f785c466d3e97f0b7bd2ce3a5c8c617b9612d3969ef245d3182e4ff6a12cd84,,pending,,,,5
img_00002700,images/img_00002700.jpg,02_deepfirearm,deepfirearm,0961f688ec0745be07159d27c65fe65399249ffdaa8da03662e71a774a471d5c,,pending,,,,5
img_00002701,images/img_00002701.jpg,02_deepfirearm,deepfirearm,f3e0ecb2578179ba3cf03d349976d3fc4ab1f651ee6af8a627a778c897ade63b,,pending,,,,5
img_00002702,images/img_00002702.jpg,02_deepfirearm,deepfirearm,6724c733dbcea6d8ab2eac48ff1bcde8f2da7738dd29c3dc96753da5465481b6,,pending,,,,5
img_00002703,images/img_00002703.jpg,02_deepfirearm,deepfirearm,878112818e677eea59ddb66a6cbec628dc1f04fdd4e6fb119a86ea3061dd69f4,,pending,,,,5
img_00002704,images/img_00002704.jpg,02_deepfirearm,deepfirearm,0a74783ab51743c59eb6eee48eaa5e865e31527e0c301f6a93d1b7ed92f8d659,,pending,,,,5
img_00002705,images/img_00002705.jpg,02_deepfirearm,deepfirearm,abc8f7cf3602c1d1430cae0b272a254fb8e60f96be062225441f71b2a671f7bc,,pending,,,,5
img_00002706,images/img_00002706.jpg,02_deepfirearm,deepfirearm,7951d70df5c1938fd8a66610c1d6a168ae806346affb91624fd75d5b3bc7efef,,pending,,,,5
img_00002707,images/img_00002707.jpg,02_deepfirearm,deepfirearm,149d9d94f9ae90007c1c9678cc1c087a29893def04b5a19a7687483d7c3fe04d,,pending,,,,5
img_00002708,images/img_00002708.jpg,02_deepfirearm,deepfirearm,ef273e18ba084c2d9224f393128a0e8395b15851a44f599281da9ac2311f98f4,,pending,,,,5
img_00002709,images/img_00002709.jpg,02_deepfirearm,deepfirearm,0cbe34b95591b3aaf597ee786752edff92f9bcaeb95acab2585630a10e725cfe,,pending,,,,5
img_00002710,images/img_00002710.jpg,02_deepfirearm,deepfirearm,ea2630eceecbe1b99b42884f3744f1c74dea7ee6159a5e6b333442ef5dd35340,,pending,,,,5
img_00002711,images/img_00002711.jpg,02_deepfirearm,deepfirearm,6826fc951511f7732c950d22a64cfd4c2b272e0c21c050504029510319af8489,,pending,,,,5
img_00002712,images/img_00002712.jpg,02_deepfirearm,deepfirearm,34b92d8412feb8be67035d9eaf1a373c2ce49665327a7e9a810d114f8107645e,,pending,,,,5
img_00002713,images/img_00002713.jpg,02_deepfirearm,deepfirearm,1b66fff8fe31271ab58487640b6a8574afa562c6d2d78c48add61c1f21acd0d8,,pending,,,,5
img_00002714,images/img_00002714.jpg,02_deepfirearm,deepfirearm,52b7e6e338da4c7fb6d502aff4f38791c498afa5202ebca48bcee1005cf1546b,,pending,,,,5
img_00002715,images/img_00002715.jpg,02_deepfirearm,deepfirearm,8f1e0c9d571bc4115be7cc3f9d5ad67a6c31d2ddf40c80fdc4e41ac2ba24a5b4,,pending,,,,5
img_00002716,images/img_00002716.jpg,02_deepfirearm,deepfirearm,9e786baaef019ccd3361dc94acc50387ce57578efb944f6018a85c307f572c87,,pending,,,,5
img_00002717,images/img_00002717.jpg,02_deepfirearm,deepfirearm,da8536367a30dc61662cf03c1ea7b51e0b2f87c5b80a1a7dbbe9969c196ca7b1,,pending,,,,5
img_00002718,images/img_00002718.jpg,02_deepfirearm,deepfirearm,61754d8d941b15ade0c030d224ee275c4edd2eb735e9e35b99ad7de1d77be181,,pending,,,,5
img_00002719,images/img_00002719.jpg,02_deepfirearm,deepfirearm,97e05eee42c6cce02bc23e576ebb7b17121fd0249d0f51ec660528a12cbc413f,,pending,,,,5
img_00002720,images/img_00002720.jpg,02_deepfirearm,deepfirearm,0f42675961ccf8747ae95313f6b62957096c4a10d94a33eac9e1b25690ec9a5c,,pending,,,,5
img_00002721,images/img_00002721.jpg,02_deepfirearm,deepfirearm,e69e6ac79f41cbb17c7adebc189c89f06374fde5281affa4b3b1fe36730c6c3a,,pending,,,,5
img_00002722,images/img_00002722.jpg,02_deepfirearm,deepfirearm,ec2fa204ff7fc9c43699a8f79e71894a6adb08fd76ac914f7e8a59c3b165138e,,pending,,,,5
img_00002723,images/img_00002723.jpg,02_deepfirearm,deepfirearm,8211a31a357be3a5188b327e3bed4edc043cf35f5df8ae8976a8544e454ae644,,pending,,,,5
img_00002724,images/img_00002724.jpg,02_deepfirearm,deepfirearm,3c8710ddd4874d45ac62fa23d54d6f42b12e8a329d65cf1907396c108c08630f,,pending,,,,5
img_00002725,images/img_00002725.jpg,02_deepfirearm,deepfirearm,5ef938b0a595cb4eac0a1f386929ea191ad8040e3957a10c9230436c918332d6,,pending,,,,5
img_00002726,images/img_00002726.jpg,02_deepfirearm,deepfirearm,f1e8da76f4378443fb7f2a5e988901580dcb134e39877fa39442410cd4c672f4,,pending,,,,5
img_00002727,images/img_00002727.jpg,02_deepfirearm,deepfirearm,78c8813449152a55988129b9b4c82cbe24665d3a2ef9e152e747c22e9655426e,,pending,,,,5
img_00002728,images/img_00002728.jpg,02_deepfirearm,deepfirearm,b6a2101070bdad279daee92ee26f1383e34ce1adbc0994f11adeddd11f5a6bab,,pending,,,,5
img_00002729,images/img_00002729.jpg,02_deepfirearm,deepfirearm,5076c5ceeeb2af56a39f3b605c677cf34f5b094066111f958dbd57d77c115e28,,pending,,,,5
img_00002730,images/img_00002730.jpg,02_deepfirearm,deepfirearm,c584fdb2fa38a68b36ede43d56f07488c08b41d2ac5c04eadd3ce3996b1de8d3,,pending,,,,5
img_00002731,images/img_00002731.jpg,02_deepfirearm,deepfirearm,831c2c24fd1dce75d3f177c4fe5225547618ac86b15fb3357e8ed7abd8a0fa6a,,pending,,,,5
img_00002732,images/img_00002732.jpg,02_deepfirearm,deepfirearm,28c320f43d03f5aa52dda39895e4a13e7a3ad66f9c92b7ad9921c6f62b0537e0,,pending,,,,5
img_00002733,images/img_00002733.jpg,02_deepfirearm,deepfirearm,bc1afbf77480998bd0ac800db0f2739a2db97829a2ce316910163539dcdd956e,,pending,,,,5
img_00002734,images/img_00002734.jpg,02_deepfirearm,deepfirearm,09cac1dc737b76dd524c4a3dd5ca3214f65307c9d6f6c87885f942bde7151a8c,,pending,,,,5
img_00002735,images/img_00002735.jpg,02_deepfirearm,deepfirearm,16543c32129aa68c7384c18fce4faa00adf962715de8ecd7002ea316115da7d3,,pending,,,,5
img_00002736,images/img_00002736.jpg,02_deepfirearm,deepfirearm,ade41f617c81d5a6728a8521c869a6fdc4d3ca46e20c7be61059f01ba1c8ace6,,pending,,,,5
img_00002737,images/img_00002737.jpg,02_deepfirearm,deepfirearm,74c9f08683fe8d185fd05698e3550331b982b154e708e7d5be15769e6eb931e0,,pending,,,,5
img_00002738,images/img_00002738.jpg,02_deepfirearm,deepfirearm,7048618287dc0912dc713de6702933b80a860d6fbb1408debbe73bc8eb322973,,pending,,,,5
img_00002739,images/img_00002739.jpg,02_deepfirearm,deepfirearm,506c3c33776b22e533a80342384fc4f7418f3d87db0a418b768fbedd5ccf2b51,,pending,,,,5
img_00002740,images/img_00002740.jpg,02_deepfirearm,deepfirearm,4930a9fe6e6f1b442792a8baf2482075f8b3aac0ebcf37680fafc7bfdb02f180,,pending,,,,5
img_00002741,images/img_00002741.jpg,02_deepfirearm,deepfirearm,c80e4caa083bb1e7ccfd1dbc19fd480d405f86e64efa2470f5c074a66dcdd1eb,,pending,,,,5
img_00002742,images/img_00002742.jpg,02_deepfirearm,deepfirearm,1ea3678017e1b8f5723c8e9af149c46ff3913b8048c3e71d960314b0672c4a69,,pending,,,,5
img_00002743,images/img_00002743.jpg,02_deepfirearm,deepfirearm,f814c1424b21705f43dda22d0b3cc57396adc9c4afeff1c8403104cfaa0131fb,,pending,,,,5
img_00002744,images/img_00002744.jpg,02_deepfirearm,deepfirearm,b37326cb07591c411d1b66fc6553956f01b02c1920f1705a85a30bb93ce10390,,pending,,,,5
img_00002745,images/img_00002745.jpg,02_deepfirearm,deepfirearm,63850a06e392e9894bad55e4d4c591c29659b5453090a7a0423ba7bc38932fd7,,pending,,,,5
img_00002746,images/img_00002746.jpg,02_deepfirearm,deepfirearm,1e294e82832d38f866dfc8d34019e81202b7a0988b479e50eb40dede2e0a8858,,pending,,,,5
img_00002747,images/img_00002747.jpg,02_deepfirearm,deepfirearm,c07758de7687dd0bc445cf66cc59f762eb1b422e2f974a664e118af4655f633d,,pending,,,,5
img_00002748,images/img_00002748.jpg,02_deepfirearm,deepfirearm,69aeb96a2a2b54469b46d1e4e59155fc717dec09616b317a27c5d6618970c656,,pending,,,,5
img_00002749,images/img_00002749.jpg,02_deepfirearm,deepfirearm,31ba9f777623fba4490ad2b4663649054ecd311f72b80f145eddc883f5701b70,,pending,,,,5
img_00002750,images/img_00002750.jpg,02_deepfirearm,deepfirearm,a47580f2baf32202219369dfda702d81eb9514c8fba89bdd3e832ab9fc22f3d6,,pending,,,,5
img_00002751,images/img_00002751.jpg,02_deepfirearm,deepfirearm,76d03bf1aa06195d5fb8a253e0904a2ad2434fbc038c5b3472d9e78034efafb9,,pending,,,,5
img_00002752,images/img_00002752.jpg,02_deepfirearm,deepfirearm,13ac84c457a6b5115605d1973913101da69651ee12c6194b9c573853577f01a9,,pending,,,,5
img_00002753,images/img_00002753.jpg,02_deepfirearm,deepfirearm,831680696acf66d1ebd3964438774e3896aa30a919cc3689dc48af2385a4b8d7,,pending,,,,5
img_00002754,images/img_00002754.jpg,02_deepfirearm,deepfirearm,b5418ac3913e01d3a70db0912678d3eefa102d2a1737532989fca910dc9f6ac4,,pending,,,,5
img_00002755,images/img_00002755.jpg,02_deepfirearm,deepfirearm,b2919ca8e7b42e5164c5dbd4aafdc7de56adcc17cf50e64c16df6e77cfcab5d7,,pending,,,,5
img_00002756,images/img_00002756.jpg,02_deepfirearm,deepfirearm,ab0bd6c5876ca1c4c971416d2658f63844c425b9346df03e4006dd7f0271abcf,,pending,,,,5
img_00002757,images/img_00002757.jpg,02_deepfirearm,deepfirearm,76e70eed2dbed29a6b04b93d8aaf9776ecbef61342c9735a393ad896e9377715,,pending,,,,5
img_00002758,images/img_00002758.jpg,02_deepfirearm,deepfirearm,4695e19ab5e640d9d4fce09328d77e40594bb9e6f92a9d239dbe8ecb24b4fce6,,pending,,,,5
img_00002759,images/img_00002759.jpg,02_deepfirearm,deepfirearm,a8b9022fc2a83ce87d164d3a9be9b278ad1ff2ad803281d4482000f66cc28996,,pending,,,,5
img_00002760,images/img_00002760.jpg,02_deepfirearm,deepfirearm,b5e62eb0d4eb301c680969bca5abb006e482250822ac7bd676b2b62258b8f368,,pending,,,,5
img_00002761,images/img_00002761.jpg,02_deepfirearm,deepfirearm,62a2a5c7a91db5ef2853fe8181caab64163fdf3717741a55f6f57620ff0b6073,,pending,,,,5
img_00002762,images/img_00002762.jpg,02_deepfirearm,deepfirearm,b77620d8f4f13521d34a138ba8f53958feebab4113ee4651111c841dcacfb607,,pending,,,,5
img_00002763,images/img_00002763.jpg,02_deepfirearm,deepfirearm,7dbe2a07c28cb6b60c31bb83a20bd3abe2bdc29c719efd166317a246abe7d4fa,,pending,,,,5
img_00002764,images/img_00002764.jpg,02_deepfirearm,deepfirearm,ac1666ba97789e43d1aad2e683a358e9a379003f5d798e62315c737bef9de599,,pending,,,,5
img_00002765,images/img_00002765.jpg,02_deepfirearm,deepfirearm,bd6ab1be930fc09aff0dfe6d1a4a523c99746572a265f89b6bebb1b32350f0ec,,pending,,,,5
img_00002766,images/img_00002766.jpg,02_deepfirearm,deepfirearm,f8608d846037f9b930ebc688c8b651de7894637c6664034787ba24722b08d73b,,pending,,,,5
img_00002767,images/img_00002767.jpg,02_deepfirearm,deepfirearm,7619c123ca369d34094faa2d8b81e70425c0269a52c2f548dc03a759e56e067a,,pending,,,,5
img_00002768,images/img_00002768.jpg,02_deepfirearm,deepfirearm,c3d3e0c20ea3217c1de23bc5b31c5c39543528f1c03644af20d789fd763cdf58,,pending,,,,5
img_00002769,images/img_00002769.jpg,02_deepfirearm,deepfirearm,e451f875562f62f94a9963c475a3826d9afd99a80fbdb3aa6570f89921b9debe,,pending,,,,5
img_00002770,images/img_00002770.jpg,02_deepfirearm,deepfirearm,339b082d3e79e737744bb39935707cad0479692e3f5911d8d76f7109c6b0bb8b,,pending,,,,5
img_00002771,images/img_00002771.jpg,02_deepfirearm,deepfirearm,c257a7a5ba65b002fa8aac72d0fb89390c693dbba0590fbcec911a267df2bf35,,pending,,,,5
img_00002772,images/img_00002772.jpg,02_deepfirearm,deepfirearm,16348efc55623d06aae89a21a14837f4463decc0e00ab436c8ec8f9b5ca309a5,,pending,,,,5
img_00002773,images/img_00002773.jpg,02_deepfirearm,deepfirearm,4c8e43139e44f3e5d4bd98268baa917d842f6dbf3fcfe7af24982832498b8e68,,pending,,,,5
img_00002774,images/img_00002774.jpg,02_deepfirearm,deepfirearm,132bca87e51e952d877d04bdc174addaadbdb4854a77f8e678ec5a98337d088c,,pending,,,,5
img_00002775,images/img_00002775.jpg,02_deepfirearm,deepfirearm,6c2b887fcd649feb79cb777b1b8bb796a59a61af8a6d131f8be48386a44cd906,,pending,,,,5
img_00002776,images/img_00002776.jpg,02_deepfirearm,deepfirearm,ed58ae20e24dafafcfc87605eb8a8a83a1ffdf0d76983ae6b8929ffac2329e49,,pending,,,,5
img_00002777,images/img_00002777.jpg,02_deepfirearm,deepfirearm,3d264874768d9704c4b0773d15d0afc9d743b583b4285d62612d3713fe32b53c,,pending,,,,5
img_00002778,images/img_00002778.jpg,02_deepfirearm,deepfirearm,23814041ab53b04fbacd34e0f15fcdb826ac8fc46a306e9da74e16bb695a75d9,,pending,,,,5
img_00002779,images/img_00002779.jpg,02_deepfirearm,deepfirearm,3eb24801074078767c7fa2b4977aad734667565ac719d3452ea6891fd17c361d,,pending,,,,5
img_00002780,images/img_00002780.jpg,02_deepfirearm,deepfirearm,a5c1e84c43de8cb603b766a4720fd5e06ede262285eb7907e8704a8a1b232a69,,pending,,,,5
img_00002781,images/img_00002781.jpg,02_deepfirearm,deepfirearm,c76a756925e6fccb55e7eda2f3d9985dee6c90cc1b3503ad263fc84b215d73e9,,pending,,,,5
img_00002782,images/img_00002782.jpg,02_deepfirearm,deepfirearm,688989f89f331659dde2538cb1b2f48de414c591e98b40f1208e93e906c4a553,,pending,,,,5
img_00002783,images/img_00002783.jpg,02_deepfirearm,deepfirearm,234f3a7bfa657f5c13e43754202410170260b1f057de096147e909ceb36f82d8,,pending,,,,5
img_00002784,images/img_00002784.jpg,02_deepfirearm,deepfirearm,6338c76f6b5411a83cb47dbda4662649ceff852afddfb6ab2a30985e87a671ee,,pending,,,,5
img_00002785,images/img_00002785.jpg,02_deepfirearm,deepfirearm,c89183c63def30136039464b436170da24e06434b807cd9dc54e46842ed84fb5,,pending,,,,5
img_00002786,images/img_00002786.jpg,02_deepfirearm,deepfirearm,77b6da8c65b1ac11411f893f5a5f1a424bfb8cec2d3ac01232dcb63053427d0b,,pending,,,,5
img_00002787,images/img_00002787.jpg,02_deepfirearm,deepfirearm,a3d2659e748f495aead27c5d9f6aa22c51a02b34207b45b59e34f3a1f3517cab,,pending,,,,5
img_00002788,images/img_00002788.jpg,02_deepfirearm,deepfirearm,29d7d232a2423f3651b2099372e7ab08f19ea608a8d55bea80df9a36d428d302,,pending,,,,5
img_00002789,images/img_00002789.jpg,02_deepfirearm,deepfirearm,b3cc8aee2b2f478bbc754fc3e90e9ecf392db3102f742960f3a876eef15019c6,,pending,,,,5
img_00002790,images/img_00002790.jpg,02_deepfirearm,deepfirearm,a4fa23e6c263feec00f897e10c9157d9e5f085fee10bdf8c56825cd3935134e8,,pending,,,,5
img_00002791,images/img_00002791.jpg,02_deepfirearm,deepfirearm,57192e6b3ae0dde010fe5a3084f0edf7e775f9696328d8204edcd702d8f63a92,,pending,,,,5
img_00002792,images/img_00002792.jpg,02_deepfirearm,deepfirearm,1481c995cf61c9ac380fbaae5ede8fd05da1567b1449e79c6a95f40c3176663c,,pending,,,,5
img_00002793,images/img_00002793.jpg,02_deepfirearm,deepfirearm,84f684ad791395f086d526499c73bf16f3989e0002948e403967ee98805ad1db,,pending,,,,5
img_00002794,images/img_00002794.jpg,02_deepfirearm,deepfirearm,6b42c9776f1c362972c0d08aaddd349f45b523f0a714a9ee9c542b8b1abe672c,,pending,,,,5
img_00002795,images/img_00002795.jpg,02_deepfirearm,deepfirearm,b66558052c3ddd8ae7e8f463ea53d8a291995defe1d8d00f283d2877af1668b6,,pending,,,,5
img_00002796,images/img_00002796.jpg,02_deepfirearm,deepfirearm,b669fd109f33cb614f3f58d17996209ff969f5d12db8ef320984452d3d3ee49c,,pending,,,,5
img_00002797,images/img_00002797.jpg,02_deepfirearm,deepfirearm,ef76fa91cf253f8f997005d008a484b46e72eceebb99cdbfd52cee0061b2e08a,,pending,,,,5
img_00002798,images/img_00002798.jpg,02_deepfirearm,deepfirearm,aaad4ef9ab44cd98cf857d2c970497ed4b5840134ca38e4b88dc895a8db1167e,,pending,,,,5
img_00002799,images/img_00002799.jpg,02_deepfirearm,deepfirearm,0f6618691402cf31883c1e619f0b5fbe69f7415a27a2652cb4a6d543d14433c6,,pending,,,,5
img_00002800,images/img_00002800.jpg,02_deepfirearm,deepfirearm,c9ba8800cad0aa8051db9ef3032ef2c7cfbd58bb92bbd33a5965d0ccc5a82364,,pending,,,,5
img_00002801,images/img_00002801.jpg,02_deepfirearm,deepfirearm,37da799c0aeba94c6c517336386b3d68ab24b0288b561b8c6e0a8e9aa80ceaa9,,pending,,,,5
img_00002802,images/img_00002802.jpg,02_deepfirearm,deepfirearm,7dd9f0056eafe2993b9dfc5a5515e7d7fc0bac595ba58ca8c4379671e799f61c,,pending,,,,5
img_00002803,images/img_00002803.jpg,02_deepfirearm,deepfirearm,1d81c1ff72672a14c6ab8547897fa303a1f3c7eacc9aa2865d655b5119035c12,,pending,,,,5
img_00002804,images/img_00002804.jpg,02_deepfirearm,deepfirearm,3dfa988b8f337425b88ea619c5bc72af05c93fa432ebc9bf9f04fecb2025cb50,,pending,,,,5
img_00002805,images/img_00002805.jpg,02_deepfirearm,deepfirearm,55df3f06aff4a4aed034ae11ac3c69cd67821b3837c4a32e2ff605c02017be95,,pending,,,,5
img_00002806,images/img_00002806.jpg,02_deepfirearm,deepfirearm,477fa3797705591a2a67ef8411be7404fbed871308c12ce490d280419372e166,,pending,,,,5
img_00002807,images/img_00002807.jpg,02_deepfirearm,deepfirearm,65c2932536d7833c1a5814a80a03f87274024d8434000ccac606be4c1f4aa87a,,pending,,,,5
img_00002808,images/img_00002808.jpg,02_deepfirearm,deepfirearm,a802f9da77a29cf039914f23643b10648493faa8997c49435b7ed4a668e42963,,pending,,,,5
img_00002809,images/img_00002809.jpg,02_deepfirearm,deepfirearm,25ab91866c9303b5092c67caa6bca2fa6e99df99f743b19e8f52766fd40f1b19,,pending,,,,5
img_00002810,images/img_00002810.jpg,02_deepfirearm,deepfirearm,266272edc8682c0dbf0e0c5ef02957acd7e57f515d1b8417bfd2c9dcf989af2c,,pending,,,,5
img_00002811,images/img_00002811.jpg,02_deepfirearm,deepfirearm,3a49b0d50fd2c928262c2b1901246f0d3c92be0b72d7964cf6e696f45f64d33f,,pending,,,,5
img_00002812,images/img_00002812.jpg,02_deepfirearm,deepfirearm,751c5b0a3bd773882a806647a66f9a29b563c90aadbb89490524a92574ab2cb0,,pending,,,,5
img_00002813,images/img_00002813.jpg,02_deepfirearm,deepfirearm,c66205cda6086d55d1ceab51edd51d62010e324bd8266f0d4b91527d859a7d25,,pending,,,,5
img_00002814,images/img_00002814.jpg,02_deepfirearm,deepfirearm,e396b06ed36275ab9ea9df416a1aa7fb21a478b98522023797baf2e5dbea88a2,,pending,,,,5
img_00002815,images/img_00002815.jpg,02_deepfirearm,deepfirearm,581679dc6a2f90058639db85ccbf290b2af41769a4e2efb66c15ab11e0165982,,pending,,,,5
img_00002816,images/img_00002816.jpg,02_deepfirearm,deepfirearm,00afd364bce72efaab1e3c47bf6f7576c9f31b876642b43474d1dd17813f912c,,pending,,,,5
img_00002817,images/img_00002817.jpg,02_deepfirearm,deepfirearm,8dfcc9a4631ebed2327369204db2b3cedc8944a3598040010fc658ac55b27a07,,pending,,,,5
img_00002818,images/img_00002818.jpg,02_deepfirearm,deepfirearm,0da2fadbf617b064b14717a659784d108fc2e290fcf5ecaefaee8f289af3e022,,pending,,,,5
img_00002819,images/img_00002819.jpg,02_deepfirearm,deepfirearm,c465c2055e110cd83c2ec122f6bfb084d05d80fc46915a518e139a24bf431ce8,,pending,,,,5
img_00002820,images/img_00002820.jpg,02_deepfirearm,deepfirearm,b281a79922bc537372a859358e87fe8da98854d252e484e37496d8d9af9d4d28,,pending,,,,5
img_00002821,images/img_00002821.jpg,02_deepfirearm,deepfirearm,81fe23f9cbaad807d3b827ce90f4c7977af5bc5121076be7a74db0f84ef47885,,pending,,,,5
img_00002822,images/img_00002822.jpg,02_deepfirearm,deepfirearm,29f63f5f2a99dc6458267501fac9a2f1dc3d4fdbf6fff3d3f7a561580bf24890,,pending,,,,5
img_00002823,images/img_00002823.jpg,02_deepfirearm,deepfirearm,8df5589404095a2f5f83b3704878ae0f49d703ed10430d1d23eac65fe37a7ae3,,pending,,,,5
img_00002824,images/img_00002824.jpg,02_deepfirearm,deepfirearm,5ce94a9a2cdced56eecbecc4776078d078154742e8286883a993acd31d9809ca,,pending,,,,5
img_00002825,images/img_00002825.jpg,02_deepfirearm,deepfirearm,626e802a5e2fccf77aac6754459e3e46b7b6becd4e5adfa008111d572aad3247,,pending,,,,5
img_00002826,images/img_00002826.jpg,02_deepfirearm,deepfirearm,0abae645c1ae01c34dce9c616121c51fff375ff2996dc400651c8f7b484a534b,,pending,,,,5
img_00002827,images/img_00002827.jpg,02_deepfirearm,deepfirearm,42cabc89fdb68069bc1b623a1c457be839225c9646b432db2b87b433045d9ce3,,pending,,,,5
img_00002828,images/img_00002828.jpg,02_deepfirearm,deepfirearm,9d84dc755e6085fa67c6588d2bf2b524434f3fb2bd1dda3fab866fc56aed0f96,,pending,,,,5
img_00002829,images/img_00002829.jpg,02_deepfirearm,deepfirearm,2a3d4cf66bf5deebad890bcafb573f6ba050cba5bd5a8843d59e30eb3ca8a77d,,pending,,,,5
img_00002830,images/img_00002830.jpg,02_deepfirearm,deepfirearm,c09abc589c781dd92cb75af92487b7d69ac44769ff6f4dbc895b9c0854f2635b,,pending,,,,5
img_00002831,images/img_00002831.jpg,02_deepfirearm,deepfirearm,e09deb40e7221bdb6bc07981a8e47ad696279665ab35555b3effed3bcd6f6d78,,pending,,,,5
img_00002832,images/img_00002832.jpg,02_deepfirearm,deepfirearm,e552fa634b4c3764474e27bf5a8d87618be8f4fd5e0d94c2c9809c7fe704fa28,,pending,,,,5
img_00002833,images/img_00002833.jpg,02_deepfirearm,deepfirearm,7aacb3ae3d1c8d37c491adb703d941b28f9ab1f672966d5f237839400cb4c28a,,pending,,,,5
img_00002834,images/img_00002834.jpg,02_deepfirearm,deepfirearm,52ccc6b92846a103a95bd2b5a31adb81a1be098254042bce3c911da7ce17a271,,pending,,,,5
img_00002835,images/img_00002835.jpg,02_deepfirearm,deepfirearm,09b521f44382ac6b6650ad4377f147ea334bd54d418410bd80039e3e15306dd3,,pending,,,,5
img_00002836,images/img_00002836.jpg,02_deepfirearm,deepfirearm,9f3d55d69b90ad07e5e5fda7a366214b8bea07eddc2570877cc4e8f1daccb1c9,,pending,,,,5
img_00002837,images/img_00002837.jpg,02_deepfirearm,deepfirearm,f8df12d54b3921b6be51accea3cec937004c7d9a95eb6b479ea1e4f2895bead5,,pending,,,,5
img_00002838,images/img_00002838.jpg,02_deepfirearm,deepfirearm,01fdc8dbf038cacaac994ede380a152e63c36ed779b307cd352bb73895e66913,,pending,,,,5
img_00002839,images/img_00002839.jpg,02_deepfirearm,deepfirearm,81c5cd92b5d7c16ab35988aeb57a230196e9f4906816433b2f96f9185a631a04,,pending,,,,5
img_00002840,images/img_00002840.jpg,02_deepfirearm,deepfirearm,f2b9c54d10f3c8b0d15121f1e36e19454177ab87ee10a0abc404aab119a0ba74,,pending,,,,5
img_00002841,images/img_00002841.jpg,02_deepfirearm,deepfirearm,a85dae585b7858d1d9dedd286375b43217c8220a754c5985c4443ac19d8f0545,,pending,,,,5
img_00002842,images/img_00002842.jpg,02_deepfirearm,deepfirearm,f03db9c0805a622093feeead352e4a6de601bfe0f35683d549a2ea527dc20856,,pending,,,,5
img_00002843,images/img_00002843.jpg,02_deepfirearm,deepfirearm,651efc05ca8303dfece34876909d19ec1df47849121c94aaabcb907310af5b71,,pending,,,,5
img_00002844,images/img_00002844.jpg,02_deepfirearm,deepfirearm,a1287f52b16f80c775f65b32deaa2b3e0cec050ec8c4968002dc19a5b55a89de,,pending,,,,5
img_00002845,images/img_00002845.jpg,02_deepfirearm,deepfirearm,4134328f2eca67ce2542db852568bdb0f1706b4e186340d049c86c0434924f6b,,pending,,,,5
img_00002846,images/img_00002846.jpg,02_deepfirearm,deepfirearm,2c1bbff5f57b8524237e28bc3588a9e3018918a26af65187d9413453cea7d46a,,pending,,,,5
img_00002847,images/img_00002847.jpg,02_deepfirearm,deepfirearm,c88e47e5639c0690ad7f757604835feb1b23b06f5f15225782124a534d09e413,,pending,,,,5
img_00002848,images/img_00002848.jpg,02_deepfirearm,deepfirearm,9c5ea5374b13eacac41149c3bbd94987379e52e1e953d938c2bef99a01feae06,,pending,,,,5
img_00002849,images/img_00002849.jpg,02_deepfirearm,deepfirearm,aca997f77240b2826c57fd7059cb9e2f0f5ad7ad50bdbb44a8153eacbeee7635,,pending,,,,5
img_00002850,images/img_00002850.jpg,02_deepfirearm,deepfirearm,32de27f1026b2a3c3ea7b293ef0fac78dfb7de411a8c0badb78bd614cc3fa267,,pending,,,,5
img_00002851,images/img_00002851.jpg,02_deepfirearm,deepfirearm,96daf98b41180ab0c16d9d096205a6b551664f94c20e35ac1d2531f6540e2f7b,,pending,,,,5
img_00002852,images/img_00002852.jpg,02_deepfirearm,deepfirearm,7d0fe712e24879bcb92a70741ba5ef3bc8d5af125c4504ccaa1430a3bc8a2b77,,pending,,,,5
img_00002853,images/img_00002853.jpg,02_deepfirearm,deepfirearm,11336741be9c00dea5934280c68cc4ccd7933917f6d71f981c5e0b8c2f6600d0,,pending,,,,5
img_00002854,images/img_00002854.jpg,02_deepfirearm,deepfirearm,1ac04fb39256ebbbc27fa858cb5c0836e5dc11268ef6455827db5c062bd73741,,pending,,,,5
img_00002855,images/img_00002855.jpg,02_deepfirearm,deepfirearm,39f012ee131ab373c256a9054fb27b086e1f773a0081f4db04e3e66b22a7c859,,pending,,,,5
img_00002856,images/img_00002856.jpg,02_deepfirearm,deepfirearm,9c5dce33edfcf63235fa2f1debf7f4811320922e4c61c18c574772cdc4b99989,,pending,,,,5
img_00002857,images/img_00002857.jpg,02_deepfirearm,deepfirearm,5c27138baf341c55ca24ed99f1d404e009fd85778b55cdaff6c8ab57df1307cf,,pending,,,,5
img_00002858,images/img_00002858.jpg,02_deepfirearm,deepfirearm,084d7538d58194cca52113772e062c3594c06f08a78b26071c2aa19455744663,,pending,,,,5
img_00002859,images/img_00002859.jpg,02_deepfirearm,deepfirearm,56d1369138ebea59f49f96b3485709249d8da9533a923df5ae3e739fdd8ab9b2,,pending,,,,5
img_00002860,images/img_00002860.jpg,02_deepfirearm,deepfirearm,16e81f658c1a172ef2a112aed4270b8bbd8acf52da745722e3f1824c6ce3d838,,pending,,,,5
img_00002861,images/img_00002861.jpg,02_deepfirearm,deepfirearm,2fbc599899450883ce0a67dfd9da3c2be22e02e217d377c6be22330edf59c922,,pending,,,,5
img_00002862,images/img_00002862.jpg,02_deepfirearm,deepfirearm,a1de4c308cad169951d99d739eccfc4354dbc7670824333cc8c5248bfbf18e3f,,pending,,,,5
img_00002863,images/img_00002863.jpg,02_deepfirearm,deepfirearm,de2b0f346799e65fb61ec2534a21060f120aea4fec412ab5d2d50d830cc0c9c0,,pending,,,,5
img_00002864,images/img_00002864.jpg,02_deepfirearm,deepfirearm,ef875d5fc7d9c9ddaf70406a6899125fb6fcc72c81395430b639de3f516fa6a7,,pending,,,,5
img_00002865,images/img_00002865.jpg,02_deepfirearm,deepfirearm,c52f8a68224e65284e38017c036dcee75004be377bac8bf06a3a9c066f4e1ac3,,pending,,,,5
img_00002866,images/img_00002866.jpg,02_deepfirearm,deepfirearm,72b1e420be57396aabd91c5af33d0d237a4ba5b691407405aadb3d95a8d7fd25,,pending,,,,5
img_00002867,images/img_00002867.jpg,02_deepfirearm,deepfirearm,10eba935163c6f63be50391ed2f91d0e1fa55a9b3f59db487f236cc7ad72b45b,,pending,,,,5
img_00002868,images/img_00002868.jpg,02_deepfirearm,deepfirearm,bdd119af70efb5da81e4d43315dca0dbd6dfa6cb1cd4259327231e318618930a,,pending,,,,5
img_00002869,images/img_00002869.jpg,02_deepfirearm,deepfirearm,9ce155bb7c202e1dfeb0adf0ec5b2f96a7bd4257e97cccdfff23047b397442fd,,pending,,,,5
img_00002870,images/img_00002870.jpg,02_deepfirearm,deepfirearm,442e44ec57010dc111300cca252d0705cdd50cc63888596a3eb25157c49c967c,,pending,,,,5
img_00002871,images/img_00002871.jpg,02_deepfirearm,deepfirearm,126002052e4977ecedae2da89f5e4d22bf11779eb0d37e1f0a0abaf6a554d201,,pending,,,,5
img_00002872,images/img_00002872.jpg,02_deepfirearm,deepfirearm,50d66d72e976d074686739b1fd993a6f0ba08dcb7a6de4f24291df535fc510e2,,pending,,,,5
img_00002873,images/img_00002873.jpg,02_deepfirearm,deepfirearm,70692e95295b9df348027e7d6aa2c8567115f242c211a0fbf937784fe0bab9c0,,pending,,,,5
img_00002874,images/img_00002874.jpg,02_deepfirearm,deepfirearm,f7d1753422042c3b68b1c5fd80e0a85c3e3d5adac1884caa53137405b325d47d,,pending,,,,5
img_00002875,images/img_00002875.jpg,02_deepfirearm,deepfirearm,6b7498fb4d913e3a4c8bc9a51f28e303d8eb4784dabb42be50896637d2c4089a,,pending,,,,5
img_00002876,images/img_00002876.jpg,02_deepfirearm,deepfirearm,8136fee68c7427793a883b8529e217cb2ccc54527ab8cd68e685347f939b67b0,,pending,,,,5
img_00002877,images/img_00002877.jpg,02_deepfirearm,deepfirearm,fa130a66ae8527e66ce9844fe3a6df1c75b345cd0aba7ecc00d3e193ba302d96,,pending,,,,5
img_00002878,images/img_00002878.jpg,02_deepfirearm,deepfirearm,2bab6cd5f24b55414ff21e247ef3557e05f20c44af777f80d7b143e8a701e40a,,pending,,,,5
img_00002879,images/img_00002879.jpg,02_deepfirearm,deepfirearm,4cce35acaa71b821e0f98eab22858943dc22810fa69e01a4f3fe1527689a9c52,,pending,,,,5
img_00002880,images/img_00002880.jpg,02_deepfirearm,deepfirearm,157bebe9aad801bdd5fa301a4c58dafc09478e86b0b27410efc035b3945b3890,,pending,,,,5
img_00002881,images/img_00002881.jpg,02_deepfirearm,deepfirearm,b3bffc27d49702496d7e8c971844b8c4f7e5aad3584cb4f07d9ae0cfef85c694,,pending,,,,5
img_00002882,images/img_00002882.jpg,02_deepfirearm,deepfirearm,11fe6f7c7f5594dd012ef9e26e92255c8630c66658d13b3857d3b3f4a49c11a4,,pending,,,,5
img_00002883,images/img_00002883.jpg,02_deepfirearm,deepfirearm,6f3a70edcc82dc43d65f5547d8259be8eb9d297f7a5a2cb4a8cf09e85df5b1a5,,pending,,,,5
img_00002884,images/img_00002884.jpg,02_deepfirearm,deepfirearm,d0d9d8bdf3a20517dd65ca51cf2079278d9269c66ccafc03bc2aca01662870ba,,pending,,,,5
img_00002885,images/img_00002885.jpg,02_deepfirearm,deepfirearm,ce880475ee6e82410efe77c396f9775b9d793f5054f8990990d044510185b5d0,,pending,,,,5
img_00002886,images/img_00002886.jpg,02_deepfirearm,deepfirearm,86980d463f5667af1e6230b7465b5c91dfc922d9fdcd73bdfe537b895d0440e8,,pending,,,,5
img_00002887,images/img_00002887.jpg,02_deepfirearm,deepfirearm,91b894351c7ad6b0115ff7ff7f5d64fe149bba36bc4b839ffb95405fa9e2aade,,pending,,,,5
img_00002888,images/img_00002888.jpg,02_deepfirearm,deepfirearm,91eab74a1eea313f335a071c4d51fb839570eb210328dcaf83de1e3f6eae6017,,pending,,,,5
img_00002889,images/img_00002889.jpg,02_deepfirearm,deepfirearm,89bb75c148b3f7aa3144cbddef9f12dd572275c45154c903c1297ff8485bddd9,,pending,,,,5
img_00002890,images/img_00002890.jpg,02_deepfirearm,deepfirearm,96d10a767a107135ea56c3969c72be22e445914bd9d82cdca7c3a2a80cd94311,,pending,,,,5
img_00002891,images/img_00002891.jpg,02_deepfirearm,deepfirearm,ecf151606621d5167058ad452449b0837d93faadb4907237dfa4227c1c2226b5,,pending,,,,5
img_00002892,images/img_00002892.jpg,02_deepfirearm,deepfirearm,57bd51b54aaf7db236ca1dec0ed432afa4473a138afb719992397a7e292e9b0f,,pending,,,,5
img_00002893,images/img_00002893.jpg,02_deepfirearm,deepfirearm,12189cff5103dd75ef12ba76e38207d2ae7f825f1fb995a2012752054aa34760,,pending,,,,5
img_00002894,images/img_00002894.jpg,02_deepfirearm,deepfirearm,305b73b30704cfb5b1849503fc4d7c05aec074bde46d81587228d2b828d446c4,,pending,,,,5
img_00002895,images/img_00002895.jpg,02_deepfirearm,deepfirearm,be5c44546f7f1dfb4c124bcbb3f7b3dd304ec1613ef3d954c054c6c6b3c8b110,,pending,,,,5
img_00002896,images/img_00002896.jpg,02_deepfirearm,deepfirearm,7400ff6e4313b8822e2c9129a654fcc03fd49eadd785fb64440ee028a92f9682,,pending,,,,5
img_00002897,images/img_00002897.jpg,02_deepfirearm,deepfirearm,9df7eacd5b5e34ee0fe4f55344a88924b64acee9e5d53e98acef3adeda88e454,,pending,,,,5
img_00002898,images/img_00002898.jpg,02_deepfirearm,deepfirearm,009c0c0cb7ffa7678abfb97634fb318fbb8e5ad5790afd3ee92a4981ee61240d,,pending,,,,5
img_00002899,images/img_00002899.jpg,02_deepfirearm,deepfirearm,5be9b148fe02144c9aaa0c66e3b8e285e3cb19b029e9c2e7a76a1cadfd10cb96,,pending,,,,5
img_00002900,images/img_00002900.jpg,02_deepfirearm,deepfirearm,1244ba6bc47b0fcfdab91c0d30217a908e1fa1a09405a617bed138cb65ba3016,,pending,,,,5
img_00002901,images/img_00002901.jpg,02_deepfirearm,deepfirearm,3b13ef901efe6454a72e2168ecf6cc7fb41c6d9464102ce8bb7458383ac7ccbd,,pending,,,,5
img_00002902,images/img_00002902.jpg,02_deepfirearm,deepfirearm,2aa9fb208ab296d73f562a01de5f9db4245c507a668b8e00bc372b46507b40c4,,pending,,,,5
img_00002903,images/img_00002903.jpg,02_deepfirearm,deepfirearm,c894ce92d0c363eabd8fc0dbc6b34f24966182e05c3b215d0edb0b5dc49f49e0,,pending,,,,5
img_00002904,images/img_00002904.jpg,02_deepfirearm,deepfirearm,7e9a3611ddff4e328b23082ae2804fa25a0423daa2de8be449575b51a5f1cf8b,,pending,,,,5
img_00002905,images/img_00002905.jpg,02_deepfirearm,deepfirearm,27698a4ac48f1de5a44ccdbff5f48c85220599439fd5d6959dd71ecc49b5e911,,pending,,,,5
img_00002906,images/img_00002906.jpg,02_deepfirearm,deepfirearm,3365cf2df1bebb92867da1daf96733c1bca7228eedc55e61e20d75185aeaf47c,,pending,,,,5
img_00002907,images/img_00002907.jpg,02_deepfirearm,deepfirearm,4dbe0bdb1f4ff1eee63a9506e1693d2885cf88323a69f1277c3ab33f88e27515,,pending,,,,5
img_00002908,images/img_00002908.jpg,02_deepfirearm,deepfirearm,5be79856271758556821ec4e55092cd8eedb85ec0d62b453ef5f56effeff626e,,pending,,,,5
img_00002909,images/img_00002909.jpg,02_deepfirearm,deepfirearm,1c384a9d3b466731a90938fbffb5a31b78a54151c3ab820afae56080afccb4fc,,pending,,,,5
img_00002910,images/img_00002910.jpg,02_deepfirearm,deepfirearm,bb29930d24e2e5228acac3735d6f140988fe6299646f71a05595b463224fead2,,pending,,,,5
img_00002911,images/img_00002911.jpg,02_deepfirearm,deepfirearm,18f473c66683c06450fa7f1fb33e71799eb54b54b0fdbbcb31c426281385ee99,,pending,,,,5
img_00002912,images/img_00002912.jpg,02_deepfirearm,deepfirearm,b4958a0b04994c9f45633a0ecdcde0cd789563202fb743f2dfb512f1047ade9c,,pending,,,,5
img_00002913,images/img_00002913.jpg,02_deepfirearm,deepfirearm,8c51440d4e2ae553b43284d2269895651e5fa8c2093827415c459fd41dff2374,,pending,,,,5
img_00002914,images/img_00002914.jpg,02_deepfirearm,deepfirearm,515839de80a6ab9474d07b1351d8d5d88aae47b724b1a2723c2467284d2d7b9d,,pending,,,,5
img_00002915,images/img_00002915.jpg,02_deepfirearm,deepfirearm,bc2a6882044c3638b0b2128c3ec8c6361a471fc6f8b65e62e78a56fda7673d41,,pending,,,,5
img_00002916,images/img_00002916.jpg,02_deepfirearm,deepfirearm,c53666658237a1a72187a96f239f5140be1b69431c548dfbbbdc543168176130,,pending,,,,5
img_00002917,images/img_00002917.jpg,02_deepfirearm,deepfirearm,a75d62c838c9bfacc7bf746f1338ea21c0bddb0467160882a922aee7a4fcf111,,pending,,,,5
img_00002918,images/img_00002918.jpg,02_deepfirearm,deepfirearm,6502d05f022ecfabae26c7dd8a2b44a814b66de699de2f29e95fc9940d365853,,pending,,,,5
img_00002919,images/img_00002919.jpg,02_deepfirearm,deepfirearm,c229c8e62c05e5beb4d01bb177c01cffbb54f4b2e3eea271b7bc86213f8977ea,,pending,,,,5
img_00002920,images/img_00002920.jpg,02_deepfirearm,deepfirearm,95a55990a725d74fd7ada48ee5fde80e3f2d08478228e6a863744d4e839f35b6,,pending,,,,5
img_00002921,images/img_00002921.jpg,02_deepfirearm,deepfirearm,fbce1d2e0cf0f11342d0f2d6d6bd36cabde77174023c8426e5d8837e71cc30cd,,pending,,,,5
img_00002922,images/img_00002922.jpg,02_deepfirearm,deepfirearm,13a677318f23702fd9c07c5caf12627a548d7a9a2f732ca21260e61dfb6fe937,,pending,,,,5
img_00002923,images/img_00002923.jpg,02_deepfirearm,deepfirearm,e3e3532fbd4662a95ad29e357906d982b4e62cce12d60eae51ba4ce22c773ee6,,pending,,,,5
img_00002924,images/img_00002924.jpg,02_deepfirearm,deepfirearm,1a9b4681eec0defac54d65a754971362a66f89b9fb1f772b2e4714555f36b4e1,,pending,,,,5
img_00002925,images/img_00002925.jpg,02_deepfirearm,deepfirearm,e30dc44720910fcf8603986ae4d6382758052e6d8dfcad4906c9e327d80c8b51,,pending,,,,5
img_00002926,images/img_00002926.jpg,02_deepfirearm,deepfirearm,149df9b8f0682b3a9f6838aec4d103dca7e15bcbb3e13c823b2f098348a48046,,pending,,,,5
img_00002927,images/img_00002927.jpg,02_deepfirearm,deepfirearm,7bfdb877526d591e829ab49e30a37f1b2202576cb466f98f28d4a12fddeda3ec,,pending,,,,5
img_00002928,images/img_00002928.jpg,02_deepfirearm,deepfirearm,a7e3e68fdf677c014c860b31fc240dd900dc5fd40d3c7cf0346c5a08b8fc137d,,pending,,,,5
img_00002929,images/img_00002929.jpg,02_deepfirearm,deepfirearm,9742a95863a53dfb9077ea2e8ce5aea03f45611d588836bcb145b52304944b9e,,pending,,,,5
img_00002930,images/img_00002930.jpg,02_deepfirearm,deepfirearm,adfaca30a266443b3d92085da5084f540de221cb4f41bdf7472949cd76cd8bc8,,pending,,,,5
img_00002931,images/img_00002931.jpg,02_deepfirearm,deepfirearm,c846c76513517b09973af69aeb017adc15c44bf81fcc6ab5597b9769211b8ef5,,pending,,,,5
img_00002932,images/img_00002932.jpg,02_deepfirearm,deepfirearm,88dcca82dc6f66dfed2c453cb867ba32c1a4b2140c797b6369740b062f7e2afc,,pending,,,,5
img_00002933,images/img_00002933.jpg,02_deepfirearm,deepfirearm,3f4aef094ae8724ad5b98d809aa3f4bbe5c0b9c195c6619316d9e8394d951382,,pending,,,,5
img_00002934,images/img_00002934.jpg,02_deepfirearm,deepfirearm,4c843b0084b113299904e4be7f6d3afd06a69658f236a344a31b7e1e7bfd7049,,pending,,,,5
img_00002935,images/img_00002935.jpg,02_deepfirearm,deepfirearm,d16345e44a0f0586e9c5556f62699b8b561d880d93e2047a891ff0330ac71feb,,pending,,,,5
img_00002936,images/img_00002936.jpg,02_deepfirearm,deepfirearm,d4b4bac7e29a078a9d3a964392d1e85c0c557bf53aea5025d8c5da3ce70cd102,,pending,,,,5
img_00002937,images/img_00002937.jpg,02_deepfirearm,deepfirearm,7de69306d9ea645bbaa2f9883cab9379d3a9cb6f96e9b589af22bfe6119bb4c9,,pending,,,,5
img_00002938,images/img_00002938.jpg,02_deepfirearm,deepfirearm,880aa2dbd5f47de76bd96b2806c1f4aca8549c79f0202e147a10573ed5f4520f,,pending,,,,5
img_00002939,images/img_00002939.jpg,02_deepfirearm,deepfirearm,2c75269b296b90eb8546a98581cb58ce8efb4bab79562686bd23a4f7c66122d3,,pending,,,,5
img_00002940,images/img_00002940.jpg,02_deepfirearm,deepfirearm,cb1c65db1da5a77bff264ac468118bac8c1b6e6f1c7b4baea456e2ccc86fd92d,,pending,,,,5
img_00002941,images/img_00002941.jpg,02_deepfirearm,deepfirearm,e11a44c893ac773a19b3a65a27fec7efe7814b617c2e117df1554f9221955b64,,pending,,,,5
img_00002942,images/img_00002942.jpg,02_deepfirearm,deepfirearm,bdf2d4c07cbf50e6928734ead1b30070db613fd78f629427e48a7fc1c1ad50e2,,pending,,,,5
img_00002943,images/img_00002943.jpg,02_deepfirearm,deepfirearm,8d0f084ebfd667eda008a0d12425f91f9c0d981451e16c52c929439722ccf670,,pending,,,,5
img_00002944,images/img_00002944.jpg,02_deepfirearm,deepfirearm,8316230dade39f769f7ba8a96d19ec5e6a4fb50084dbcda0e54a4d248b57523e,,pending,,,,5
img_00002945,images/img_00002945.jpg,02_deepfirearm,deepfirearm,e34860d922208eb86d79f21c157af06f0fa691f8b96e03b9e17c065429ca905b,,pending,,,,5
img_00002946,images/img_00002946.jpg,02_deepfirearm,deepfirearm,3c25697848bc285595b1fce367cde2cff8b97d00ea60292fa74a1c85f9f606a1,,pending,,,,5
img_00002947,images/img_00002947.jpg,02_deepfirearm,deepfirearm,75c89b5e031340a84b03d2c17a9d36a0f325f6dd841365674fd43990350b7ae9,,pending,,,,5
img_00002948,images/img_00002948.jpg,02_deepfirearm,deepfirearm,a8765dc4a7e8dda0b8666a51ac37b1afc0076a8410fdda520270f8b7a75f8f5f,,pending,,,,5
img_00002949,images/img_00002949.jpg,02_deepfirearm,deepfirearm,bb5403997e0e1934878499628a5eacc14c6c5cb049afa99d8d9848864792901e,,pending,,,,5
img_00002950,images/img_00002950.jpg,02_deepfirearm,deepfirearm,a701f05246337cedd4463acf7da6d6e988deb449432aee00a363136215f509de,,pending,,,,5
img_00002951,images/img_00002951.jpg,02_deepfirearm,deepfirearm,4f3d2f59666c1eb0e823cff69758466dd3ed5e9a3069a07def74c9113905b8a3,,pending,,,,5
img_00002952,images/img_00002952.jpg,02_deepfirearm,deepfirearm,9538b4393c2e60597ed1917856696e0ae30ffc9b6862b8102679c990cb840316,,pending,,,,5
img_00002953,images/img_00002953.jpg,02_deepfirearm,deepfirearm,d30fe5339d89f3d6216c574f3e08713959938cb4189e2d7be202efce378d57d7,,pending,,,,5
img_00002954,images/img_00002954.jpg,02_deepfirearm,deepfirearm,a822d247d968b65b66330bdc1707417b1c2827837a3ef5cdb4c8be6c7f37dbc5,,pending,,,,5
img_00002955,images/img_00002955.jpg,02_deepfirearm,deepfirearm,de947cf330ab5314992d2439afbeaeb310020c90c7e316b9071af835c007854d,,pending,,,,5
img_00002956,images/img_00002956.jpg,02_deepfirearm,deepfirearm,b762bdb1234acc97dc6fba9aee283d06f70cda0302b46fc74ce796e8d1ae42f0,,pending,,,,5
img_00002957,images/img_00002957.jpg,02_deepfirearm,deepfirearm,4e7b38a24b85079e5ec24474fd72f36d3a8324f7836805822c14ca0131141e5a,,pending,,,,5
img_00002958,images/img_00002958.jpg,02_deepfirearm,deepfirearm,e3355dc8f6c2247f7fea321cfa25ef491fa08b0d0cb3e30d7d2f32fcf35c12a8,,pending,,,,5
img_00002959,images/img_00002959.jpg,02_deepfirearm,deepfirearm,a43aaa70834af73f17b9f93cc040266fcfc603fd0b53e9120fd18fd58099d711,,pending,,,,5
img_00002960,images/img_00002960.jpg,02_deepfirearm,deepfirearm,f09e45e82a68abc1b8368efbfe8b14164b7fe78c71ae9a23354053d9e06b888d,,pending,,,,5
img_00002961,images/img_00002961.jpg,02_deepfirearm,deepfirearm,cbce8a1086c76699572a635d7a354e7c69d913f866c693794313a5a90406ab02,,pending,,,,5
img_00002962,images/img_00002962.jpg,02_deepfirearm,deepfirearm,1f6c9bc03f719bcfd6bb5740f48acf0f5b0447cc97582d9c1c77970e3c072734,,pending,,,,5
img_00002963,images/img_00002963.jpg,02_deepfirearm,deepfirearm,8d6760acba56f89a13cfa880e95ea73906dee3ad0aeec4b2528122f1f2db8590,,pending,,,,5
img_00002964,images/img_00002964.jpg,02_deepfirearm,deepfirearm,f47e0fc3f746804d1abe889d6aa3ce971ba6ab1d9806b8d696e5170975370983,,pending,,,,5
img_00002965,images/img_00002965.jpg,02_deepfirearm,deepfirearm,455445e13e6d693eaca3f92b24addcb4c4e9fd93983c18265f7c033189d96449,,pending,,,,5
img_00002966,images/img_00002966.jpg,02_deepfirearm,deepfirearm,bd791073e1de95f0c68c4631060c3baee1d56a7ad9949a7b1b5253c9e150f98b,,pending,,,,5
img_00002967,images/img_00002967.jpg,02_deepfirearm,deepfirearm,00b08e1f9ca2e736fece83e3d9adf59e57cc25cd3c4a1952103508c0fb27b533,,pending,,,,5
img_00002968,images/img_00002968.jpg,02_deepfirearm,deepfirearm,ba54260fc53b1d54cf8b9ed8f84e7e66010704ef542cc319be782b350fa601e2,,pending,,,,5
img_00002969,images/img_00002969.jpg,02_deepfirearm,deepfirearm,05f8a3e54914bca9a754c4641a5fe8afd7e489a968d20000517c6288dc54380d,,pending,,,,5
img_00002970,images/img_00002970.jpg,02_deepfirearm,deepfirearm,48548daf43a5966330ea14d7b5d17834a23875033e12b17bb5aff08ee8267837,,pending,,,,5
img_00002971,images/img_00002971.jpg,02_deepfirearm,deepfirearm,c6c557dbbbf3c6739d11aa4daaac36e00341c5ab8bdcfce763ee8db49fa72dfa,,pending,,,,5
img_00002972,images/img_00002972.jpg,02_deepfirearm,deepfirearm,3b1147bdeeb0d0ac1446988fa85fb6b52a01354d2a4857a7faa2567929517766,,pending,,,,5
img_00002973,images/img_00002973.jpg,02_deepfirearm,deepfirearm,29b30b82d93fb067147e807fec5217ca3db537bd2f3c732afd6579c3990a233a,,pending,,,,5
img_00002974,images/img_00002974.jpg,02_deepfirearm,deepfirearm,62c394ae729010ca9cfe00fde7143fd27c55d3d302cd7ee7a357d46a3a9eca5d,,pending,,,,5
img_00002975,images/img_00002975.jpg,02_deepfirearm,deepfirearm,23338dec46347e0e2ecd2aff0e8358478de35f8372df0356dd56ea8d5b095f2e,,pending,,,,5
img_00002976,images/img_00002976.jpg,02_deepfirearm,deepfirearm,5ecb13a0fa6735a4122a48ea962c641f6e348c956fe4e5ab63b0c430ec248df4,,pending,,,,5
img_00002977,images/img_00002977.jpg,02_deepfirearm,deepfirearm,ba5e5524db9d3b59959052edcc4079c36e5ec5f796db5240942526975d74c0a0,,pending,,,,5
img_00002978,images/img_00002978.jpg,02_deepfirearm,deepfirearm,7acdc087db813804fcf2b82a126499bcd6f065f623f646bc98e37e4aa1d53031,,pending,,,,5
img_00002979,images/img_00002979.jpg,02_deepfirearm,deepfirearm,1f81e8b4fff6a95b7c5ef17f66ee701ada187bf59d3cd1b057c88cb1157c4bba,,pending,,,,5
img_00002980,images/img_00002980.jpg,02_deepfirearm,deepfirearm,4578fcd826d876b8e2dbc443d050c78e429ed0412517d219af3e0624ef2f2534,,pending,,,,5
img_00002981,images/img_00002981.jpg,02_deepfirearm,deepfirearm,78dee51bc5d5cac9334b9938996e7b48ee8d8f9a46cff57c04d2def1daaceb4c,,pending,,,,5
img_00002982,images/img_00002982.jpg,02_deepfirearm,deepfirearm,8f8f9c75003e00546926257d2d539b82842ee5a9eed16d2e02a96ec6a9574f00,,pending,,,,5
img_00002983,images/img_00002983.jpg,02_deepfirearm,deepfirearm,a18a450e0588d93f3be6b601a4fe60f74828f4f1d5553c9b7487216af4157158,,pending,,,,5
img_00002984,images/img_00002984.jpg,02_deepfirearm,deepfirearm,bb9117e3e2330b63134d91d98624d4affd8ef1921679d4d6401411f9223142df,,pending,,,,5
img_00002985,images/img_00002985.jpg,02_deepfirearm,deepfirearm,68f0d42f22a8705b4a969915c0927d885086d4ba6596835a0237f7617e7e5ff8,,pending,,,,5
img_00002986,images/img_00002986.jpg,02_deepfirearm,deepfirearm,4ccf2375f32b63a096bb60f3338c9c4fbc6cf5cec18cdd805df751d1400e0a85,,pending,,,,5
img_00002987,images/img_00002987.jpg,02_deepfirearm,deepfirearm,292e159c52ffdb2c4f3818507e53c09e3f18f3ea04cfcf2f67c73653c8b3cae3,,pending,,,,5
img_00002988,images/img_00002988.jpg,02_deepfirearm,deepfirearm,87696cd2526a12a79048f57301a428e1039644d2849f1edb92f70cc7674fc129,,pending,,,,5
img_00002989,images/img_00002989.jpg,02_deepfirearm,deepfirearm,c0da2cc87f93a41143798e77fb2680bdcaa1441d29a7e3f234b9b34fb6bc160a,,pending,,,,5
img_00002990,images/img_00002990.jpg,02_deepfirearm,deepfirearm,6080e636cc7a06061b06d051a0072482410cd331871d3b5e13ef17ed8a680aa8,,pending,,,,5
img_00002991,images/img_00002991.jpg,02_deepfirearm,deepfirearm,f5465e30c458672242e09f435540f123cc5dfaa8e1d62c37116c4f1eb3cb280c,,pending,,,,5
img_00002992,images/img_00002992.jpg,02_deepfirearm,deepfirearm,ad094cb9acf129d289a992f09aec48df8041d43f978fbfc27b51df86c9dd1041,,pending,,,,5
img_00002993,images/img_00002993.jpg,02_deepfirearm,deepfirearm,0d790587810d3894926583082dcb48c655dcf454fee45cb0f9713f4ade28ac7a,,pending,,,,5
img_00002994,images/img_00002994.jpg,02_deepfirearm,deepfirearm,d4032f970fc8912c6df57046e0569cc3fa902b1d4202d73c9c896f8cf823a958,,pending,,,,5
img_00002995,images/img_00002995.jpg,02_deepfirearm,deepfirearm,8cf0367a03c5ec4f7474cf7bcdebcaf9e01b37aa4a5dc67d4d9b75dd64b6bef1,,pending,,,,5
img_00002996,images/img_00002996.jpg,02_deepfirearm,deepfirearm,8629e650ad1a1692ee60e161b0f78aa7d8a1eb76c414dfb1304b1aa6647021f5,,pending,,,,5
img_00002997,images/img_00002997.jpg,02_deepfirearm,deepfirearm,9f0f49ed4c555e08e44a0ebbed7fec344d03c65c8d81c81129021c3409f9bc43,,pending,,,,5
img_00002998,images/img_00002998.jpg,02_deepfirearm,deepfirearm,0f378ae5f7778c9aaa039e365418e3907b01a5625f6fe2fda29e77621cd30178,,pending,,,,5
img_00002999,images/img_00002999.jpg,02_deepfirearm,deepfirearm,f36b2cc897c7f1c701085db46fc7f8d8a8b02bdff9870fa27397bd1008057d1e,,pending,,,,5
img_00003000,images/img_00003000.jpg,02_deepfirearm,deepfirearm,c05da818b12f11b8dfce2a7dd65788204072561626b94ea11936e4e1f493d6ce,,pending,,,,5
img_00003001,images/img_00003001.jpg,02_deepfirearm,deepfirearm,9940d1822b2eaddeea58fb37d726b3320ed2f458d532f40703f578648fae609d,,pending,,,,5
img_00003002,images/img_00003002.jpg,02_deepfirearm,deepfirearm,23faa682231770255fd5ffb8f05faf321c9bffaf85532a9ee7d1df6c9f590460,,pending,,,,5
img_00003003,images/img_00003003.jpg,02_deepfirearm,deepfirearm,bd37bdf29377b4304395ea9164d5b1368d3a1180578b36aea997d76e8796ca98,,pending,,,,5
img_00003004,images/img_00003004.jpg,02_deepfirearm,deepfirearm,534e15a1b4b0d5689a17bcee07fc9a6c1a7d02021413fba3ac1f1fb42e239464,,pending,,,,5
img_00003005,images/img_00003005.jpg,02_deepfirearm,deepfirearm,07f07855cbbf1fc6c99b04e32acce82d234da91239db390c02897e498e212f06,,pending,,,,5
img_00003006,images/img_00003006.jpg,02_deepfirearm,deepfirearm,ad2a24d321d5dc09fc6436513ba416043657bd93be56860625c2acd4de981bb4,,pending,,,,5
img_00003007,images/img_00003007.jpg,02_deepfirearm,deepfirearm,a25b7bd3a41927e23055c9cd2c06310be392f919a5f2b8858d3fd4c6dee00fe8,,pending,,,,5
img_00003008,images/img_00003008.jpg,02_deepfirearm,deepfirearm,5eb28724f5e8dd90ab3242689a3706cccf3b1df1ddb1a89cb78dfb6a528dab17,,pending,,,,5
img_00003009,images/img_00003009.jpg,02_deepfirearm,deepfirearm,abbec4ea7697ad4199065019a748c4ebdacfd42ce831ea1122925abe30a91a30,,pending,,,,5
img_00003010,images/img_00003010.jpg,02_deepfirearm,deepfirearm,66418bcf4150b58a12762e1072e45bbc645af221b1223c4b5989fae2aaa4b273,,pending,,,,5
img_00003011,images/img_00003011.jpg,02_deepfirearm,deepfirearm,4aae57ea504826f67d076dec455b9fb3ce172b89f1dfd70abe64776918a033bd,,pending,,,,5
img_00003012,images/img_00003012.jpg,02_deepfirearm,deepfirearm,3e058f91932716f4b80a50344b48d92585aa7243e2c8a5ff2815a4378f271603,,pending,,,,5
img_00003013,images/img_00003013.jpg,02_deepfirearm,deepfirearm,5e0f1844e51a3d186438e46ca591da5ac25f4869872393efca702ab6120fc421,,pending,,,,5
img_00003014,images/img_00003014.jpg,02_deepfirearm,deepfirearm,dfc56acd20ba0b4d931f2e521b7d1a9a2150e1b57620c22a91fb4c36ce395abd,,pending,,,,5
img_00003015,images/img_00003015.jpg,02_deepfirearm,deepfirearm,31781d0c8e53b73d4fd136f109070141f9eb5fc823f668fee60e8336e7e13f20,,pending,,,,5
img_00003016,images/img_00003016.jpg,02_deepfirearm,deepfirearm,a18f75190160602f4e202c12631f7561132378ef77fa61c6fca07dc038c09517,,pending,,,,5
img_00003017,images/img_00003017.jpg,02_deepfirearm,deepfirearm,0974e94aa7a326b01b82da1bc918b78cfc07d8cf41fb28db2799b39817d0c3c2,,pending,,,,5
img_00003018,images/img_00003018.jpg,02_deepfirearm,deepfirearm,4e56e2463c7a34ba36b87383dbe817922cc4f7998e071de9d9e7b931bd6d14f6,,pending,,,,5
img_00003019,images/img_00003019.jpg,02_deepfirearm,deepfirearm,c6da3d836ad7a092962477518dd51935fb542a5829948f18bc7e9424c66e0841,,pending,,,,5
img_00003020,images/img_00003020.jpg,02_deepfirearm,deepfirearm,66d00afccacf1a868e8a25a9063e46806bc36918333d0c2575706ee4896476f3,,pending,,,,5
img_00003021,images/img_00003021.jpg,02_deepfirearm,deepfirearm,4e6894dd0cbb00d89522df819f1c98b362f4fd31d1bdcba18ec3dca594cad23f,,pending,,,,5
img_00003022,images/img_00003022.jpg,02_deepfirearm,deepfirearm,92d7d7a99be9a539d103628a180172c7e5dfdc147f9665501df89e656ac73a04,,pending,,,,5
img_00003023,images/img_00003023.jpg,02_deepfirearm,deepfirearm,8025e37bdf6706e0fb858d9ceaef3830624c6f61827c1dc5e4f383f6aeb631e9,,pending,,,,5
img_00003024,images/img_00003024.jpg,02_deepfirearm,deepfirearm,a6a57288dd2f79653bf10b97d5a68b67d23b8dbb853eac1c62e6fb4902c3e020,,pending,,,,5
img_00003025,images/img_00003025.jpg,02_deepfirearm,deepfirearm,43a322f4b4605cd81babc0717fc93a14110ccd42f5b108a367c7fed09e715863,,pending,,,,5
img_00003026,images/img_00003026.jpg,02_deepfirearm,deepfirearm,b30ac062ab8eac8f8b14ebc1635c0bf41cb8fb0dc20915e9a972539827c38f1c,,pending,,,,5
img_00003027,images/img_00003027.jpg,02_deepfirearm,deepfirearm,58662c389f833716f80f1df361968116d112cbc7e722fb687db2459b3fee0a4b,,pending,,,,5
img_00003028,images/img_00003028.jpg,02_deepfirearm,deepfirearm,8bb7365c11d27cc050c3653a1d1e69c0b32902a593f12cb0e14bc0251aa973e2,,pending,,,,5
img_00003029,images/img_00003029.jpg,02_deepfirearm,deepfirearm,274038b78fbfcd396d466220af15105228c5c45d3f83d63de4c26f64e675b0ce,,pending,,,,5
img_00003030,images/img_00003030.jpg,02_deepfirearm,deepfirearm,42b5b0b06cc49a94569cd81a51cb3e0bd9fbd6ce8ed1acd8c31ad710f85b23e9,,pending,,,,5
img_00003031,images/img_00003031.jpg,02_deepfirearm,deepfirearm,4e1fa9f787d2984894424305f6afbe519ee35e456190143f08ab3e03e66fc078,,pending,,,,5
img_00003032,images/img_00003032.jpg,02_deepfirearm,deepfirearm,6491901e3664e45ebf93064779ad49f43b2fd0791a14078c38da2702ad2ddc1e,,pending,,,,5
img_00003033,images/img_00003033.jpg,02_deepfirearm,deepfirearm,87d526704adbe32f83e3a20eb1ee0ffcf14b4efb0c5c896632ab602d4b3b3580,,pending,,,,5
img_00003034,images/img_00003034.jpg,02_deepfirearm,deepfirearm,4fe448f04b723fb588b5999acc597fb495e2009aed2e8f531f2c8fbb868d8e69,,pending,,,,5
img_00003035,images/img_00003035.jpg,02_deepfirearm,deepfirearm,36674e9e7706b418635a5848b1efbb3f0c5a0534bb7fab83259587c992a2a19f,,pending,,,,5
img_00003036,images/img_00003036.jpg,02_deepfirearm,deepfirearm,8f4504c508bd5230e36f937ae61acccdc28beb5f8517a962b84ff4d68680d893,,pending,,,,5
img_00003037,images/img_00003037.jpg,02_deepfirearm,deepfirearm,f88432361227769fadad24db92a614403bd9777b1c8b71fb99e4479ae3be4656,,pending,,,,5
img_00003038,images/img_00003038.jpg,02_deepfirearm,deepfirearm,42ff4fb5b2eeca62e3a10651d4ba8f503c24a4cee3dadb95a4c999c7729a3c72,,pending,,,,5
img_00003039,images/img_00003039.jpg,02_deepfirearm,deepfirearm,9ec177166c8ee0745d07122aecf2f3d5bc0f0eebd28a6d9c97e90934a8c5811a,,pending,,,,5
img_00003040,images/img_00003040.jpg,02_deepfirearm,deepfirearm,f689881ae9e2ebd50f783390c3364c7918b743bd2af9d7b7443cde7dd7e2d884,,pending,,,,5
img_00003041,images/img_00003041.jpg,02_deepfirearm,deepfirearm,b7d7ff7256cc4a49439ee73b6695780aa007975b1c1e5ec34cbf2794195404b2,,pending,,,,5
img_00003042,images/img_00003042.jpg,02_deepfirearm,deepfirearm,151c46c16729efd906c6e169e5cd95282a9d775b69ef8a830e8cf9d65221632d,,pending,,,,5
img_00003043,images/img_00003043.jpg,02_deepfirearm,deepfirearm,db9bf8838b1128f3f28a2489ef3a20a8d3e71b3b85c925e8369065f24d94d95a,,pending,,,,5
img_00003044,images/img_00003044.jpg,02_deepfirearm,deepfirearm,f8e471873970f46818e110a1da339000caf723c33eb898020c2c6b0b1685f5bf,,pending,,,,5
img_00003045,images/img_00003045.jpg,02_deepfirearm,deepfirearm,58a86d28dadc7b44a0d626f2be6412cf5408da4b37050547dc5e18987276d10c,,pending,,,,5
img_00003046,images/img_00003046.jpg,02_deepfirearm,deepfirearm,3c069ac608b9ffc02ad0635d81acedeba493b94d643dd534285ef16337c797d8,,pending,,,,5
img_00003047,images/img_00003047.jpg,02_deepfirearm,deepfirearm,b8286f7cebc9dd7b0a32ff2b288c74b5c7134b4387f352a6cb9244879fa72405,,pending,,,,5
img_00003048,images/img_00003048.jpg,02_deepfirearm,deepfirearm,fe6c266d3589cae2541b9cb7c8a430cb163b5b7b99416cce34f1ad162b40626b,,pending,,,,5
img_00003049,images/img_00003049.jpg,02_deepfirearm,deepfirearm,915f9c31176475eb9065500bd78007ac5af5757b06ea6b2c5ff95462a8daa824,,pending,,,,5
img_00003050,images/img_00003050.jpg,02_deepfirearm,deepfirearm,2ff3d503368fc64452740ba4f4a08a91e3823ab6822e2514b14a70803c4993ca,,pending,,,,5
img_00003051,images/img_00003051.jpg,02_deepfirearm,deepfirearm,72f5439e91392d08580035f6026d2d8c3f87a9e1ab1f0a42a03714b5c43af38b,,pending,,,,5
img_00003052,images/img_00003052.jpg,02_deepfirearm,deepfirearm,3beb6a8e2a7022bd77094ee069c5841488d0b5a1c95c94f5d96f68d8b0ebb202,,pending,,,,5
img_00003053,images/img_00003053.jpg,02_deepfirearm,deepfirearm,640ea2ac18f209742361809aa02344ccf844d87783688e8c6fcdcbb03f95000f,,pending,,,,5
img_00003054,images/img_00003054.jpg,02_deepfirearm,deepfirearm,312079c748c22729dfa6f4f9b9eb1d25b5939f43be5c11579785c6474ccf44a2,,pending,,,,5
img_00003055,images/img_00003055.jpg,02_deepfirearm,deepfirearm,a1390555cab2f0458e570634be6a334bb93663c7ff40efc557dc5615f45efabb,,pending,,,,5
img_00003056,images/img_00003056.jpg,02_deepfirearm,deepfirearm,a70c0099005cbf338561ab26ed2783925c7c3afefd7c574243e7cce00733766a,,pending,,,,5
img_00003057,images/img_00003057.jpg,02_deepfirearm,deepfirearm,b5f30b1be8308df2ba996e70196b21671b99c61cfd1482a19e421f9bb2149e97,,pending,,,,5
img_00003058,images/img_00003058.jpg,02_deepfirearm,deepfirearm,a53aaf18a92cd9421bf29ca20ee165a70b717af8799dbaebccbf07c8d4890517,,pending,,,,5
img_00003059,images/img_00003059.jpg,02_deepfirearm,deepfirearm,7bbda2cd0f3c76f5aada17d1939be5fd5d97bcd8e986b8c60b8b31d24f243c44,,pending,,,,5
img_00003060,images/img_00003060.jpg,02_deepfirearm,deepfirearm,0bc08b1c7505f54b90d25149e7e14b1aa21d57e3f1821d271a5b4658fe318ca3,,pending,,,,5
img_00003061,images/img_00003061.jpg,02_deepfirearm,deepfirearm,1f7f9ffe0fb483405a4f6ef874d7fe1443c4b7554166a02a70b47d2363ad9e80,,pending,,,,5
img_00003062,images/img_00003062.jpg,02_deepfirearm,deepfirearm,a4353632955cba042657be328f96be0390620c78a0eba1af9d16254edc8ae6f3,,pending,,,,5
img_00003063,images/img_00003063.jpg,02_deepfirearm,deepfirearm,775e7bbf67215f9e40c620359b4c873cf8655bb8a7e0a02bcadec6b4534a0622,,pending,,,,5
img_00003064,images/img_00003064.jpg,02_deepfirearm,deepfirearm,cccb4b9386615e5bf9e102ab5ee60e87ff46f66206f6af87698cbb1c0470a391,,pending,,,,5
img_00003065,images/img_00003065.jpg,02_deepfirearm,deepfirearm,843c5905e6b7ebd735068c09ba5712248daa91ec9079a91b4f3b412b700a9365,,pending,,,,5
img_00003066,images/img_00003066.jpg,02_deepfirearm,deepfirearm,5b53093c546c563dc4e5cff5136d6f48052636b47ad86ff4275b5be21017cc43,,pending,,,,5
img_00003067,images/img_00003067.jpg,02_deepfirearm,deepfirearm,7f8baf811cb3fd6ac78256bd12d884635cc6b68e8057f913a82005feb3598554,,pending,,,,5
img_00003068,images/img_00003068.jpg,02_deepfirearm,deepfirearm,a199f00267a994f4140f14d07e1d0410f285e34add179d523f6ee7e978564c28,,pending,,,,5
img_00003069,images/img_00003069.jpg,02_deepfirearm,deepfirearm,86e9b8e1de5e8b5fec33bd4f5a2efe78e66f1703d6902580c94b2be51a933c9c,,pending,,,,5
img_00003070,images/img_00003070.jpg,02_deepfirearm,deepfirearm,7c418f8a5935d001cdd0946a87b36de26adcd7935afce7fd8735d725d71eb9dc,,pending,,,,5
img_00003071,images/img_00003071.jpg,02_deepfirearm,deepfirearm,6791bf1d30acb6294bf3f12a2ecaa5710fedd461eed71351e632e23c4846a596,,pending,,,,5
img_00003072,images/img_00003072.jpg,02_deepfirearm,deepfirearm,78a5a321ea0c64734959aae8b55daf777311cb3a8a736d8744e0f9cbde97b0dc,,pending,,,,5
img_00003073,images/img_00003073.jpg,02_deepfirearm,deepfirearm,d31acc013250bb99fc19e8d73f337850c883609377e9091ef92797d9ad515d13,,pending,,,,5
img_00003074,images/img_00003074.jpg,02_deepfirearm,deepfirearm,a192b079fe892c88fb404430e7a27787b8388e03edb30082b64e973d72f18f3a,,pending,,,,5
img_00003075,images/img_00003075.jpg,02_deepfirearm,deepfirearm,eea96bbc1bcd30b1c15d32a01e97d2e33663590ad334de8c1bd1c79b06e04694,,pending,,,,5
img_00003076,images/img_00003076.jpg,02_deepfirearm,deepfirearm,194a18264f30acf4f381a11152853485d6c07a33fb710b1980c3c2a4db04a3db,,pending,,,,5
img_00003077,images/img_00003077.jpg,02_deepfirearm,deepfirearm,8fad54f5b146f577a4ea8575221c0612c780d0e00c4f7bc0fe94c81ae9e9f50b,,pending,,,,5
img_00003078,images/img_00003078.jpg,02_deepfirearm,deepfirearm,bf576ea1a1e075d5d5c5409ebb4251e4c86c2cc5d78039bc5eeb5596add9c0c2,,pending,,,,5
img_00003079,images/img_00003079.jpg,02_deepfirearm,deepfirearm,eac5f16b4c3459db04a123e3a9119438bdc6e3de6db3407ab418c7b32b279bbe,,pending,,,,5
img_00003080,images/img_00003080.jpg,02_deepfirearm,deepfirearm,3b4d734c385a41bc8b2e3f11976a45305eeddd50c3aa2f62b32451e04e32c2f3,,pending,,,,5
img_00003081,images/img_00003081.jpg,02_deepfirearm,deepfirearm,91c04a3303cd82a2c2d99e08518c661bb00905c5525f9d4833333121d8e1c400,,pending,,,,5
img_00003082,images/img_00003082.jpg,02_deepfirearm,deepfirearm,6983ca2ce3030d3857248f89f1038e18ce3c4571e40eb5b6ad7eeea82a616f9f,,pending,,,,5
img_00003083,images/img_00003083.jpg,02_deepfirearm,deepfirearm,a9c8360f549ffe4291b349032ba2ddfdb3c0f790ff4769ccad8ee066b14c97ba,,pending,,,,5
img_00003084,images/img_00003084.jpg,02_deepfirearm,deepfirearm,11e181e77a04d444294fbe10b19b8758c185720a679ce32c49474bb0b735dc67,,pending,,,,5
img_00003085,images/img_00003085.jpg,02_deepfirearm,deepfirearm,5cbc429e6833725c6e338cc0045cfc3506cffbd069886aeeafa23cceb1b98300,,pending,,,,5
img_00003086,images/img_00003086.jpg,02_deepfirearm,deepfirearm,e6d330eb19191797e56ab1e778b080a6d265647ea2bac6ee4d3f0df800c2d729,,pending,,,,5
img_00003087,images/img_00003087.jpg,02_deepfirearm,deepfirearm,689c4b759dc05efe4eddd8b16fa7fc45a7344c6059de4bf5842858d3d7fbb383,,pending,,,,5
img_00003088,images/img_00003088.jpg,02_deepfirearm,deepfirearm,234114303fcfe13942bd9cdd8019e6f187899f438835f81740f95b01ec6fd276,,pending,,,,5
img_00003089,images/img_00003089.jpg,02_deepfirearm,deepfirearm,34eabe2ec4eab1e7e3f6b59e615d51b839a0372cb6a0a8b14d31891c5577ce1f,,pending,,,,5
img_00003090,images/img_00003090.jpg,02_deepfirearm,deepfirearm,074b5950a3a1291c24ae0afa33dbde9853d5a3d2fa362faf9fa90b136ba07c0c,,pending,,,,5
img_00003091,images/img_00003091.jpg,02_deepfirearm,deepfirearm,46aa587b58c983cd137c99c411f05e0d9ce37ce60e780eaa5634f646db83a5e7,,pending,,,,5
img_00003092,images/img_00003092.jpg,02_deepfirearm,deepfirearm,3bf22ab5e7b92fe3a1037ebe4a601c2acb74f25fcba68e205c2fdd60333f2782,,pending,,,,5
img_00003093,images/img_00003093.jpg,02_deepfirearm,deepfirearm,5fbc36afcb488577ca057bb46a6fd7bb1f20a59af9489e5ef3d0d8419983cae6,,pending,,,,5
img_00003094,images/img_00003094.jpg,02_deepfirearm,deepfirearm,f3e86e91da80024b6ef65fd72b37f4d1e9062bf55cc49a2b692a2af8eaceb1c4,,pending,,,,5
img_00003095,images/img_00003095.jpg,02_deepfirearm,deepfirearm,34288e077a022418f308d1c666aac4aece0961f23bf1ceb27359558b0cf401b0,,pending,,,,5
img_00003096,images/img_00003096.jpg,02_deepfirearm,deepfirearm,72a6289aa7f373a41aedb92b78a83d07caacefc83ab1f6ee8870872795f937a6,,pending,,,,5
img_00003097,images/img_00003097.jpg,02_deepfirearm,deepfirearm,24389696d440b895a016258459cc9ef449a81035a5b744ccf34610a30ef6c454,,pending,,,,5
img_00003098,images/img_00003098.jpg,02_deepfirearm,deepfirearm,3b2a5ac017e2db99c65f7df37e6380953ed8c8509f231ebb077e0950d05265da,,pending,,,,5
img_00003099,images/img_00003099.jpg,02_deepfirearm,deepfirearm,c26aee1d327c9e3b1d85e7e89882cfb43f5ba0a2fe293b6575989a8d9a85a75a,,pending,,,,5
img_00003100,images/img_00003100.jpg,02_deepfirearm,deepfirearm,50370705e17e8a79e1bbc00fdeb36ebe4a59f1bcf93b8acd708839996300487d,,pending,,,,5
img_00003101,images/img_00003101.jpg,02_deepfirearm,deepfirearm,756979835b34233c7f08f6be94e7186a5bebd3ae2e761d0b42e3f118ce97695a,,pending,,,,5
img_00003102,images/img_00003102.jpg,02_deepfirearm,deepfirearm,e0315dd769f22267bd1047837a2b8c9d10d791c2d646a79dca39a2a5200c61ab,,pending,,,,5
img_00003103,images/img_00003103.jpg,02_deepfirearm,deepfirearm,f4a99141cb34191b447364895a0db7dac2ada09d0778db0752f109d66654d0cc,,pending,,,,5
img_00003104,images/img_00003104.jpg,02_deepfirearm,deepfirearm,7b002258c2db977a56c92b070e97dad18e58cb45807d4a070edf0e52c415f3ee,,pending,,,,5
img_00003105,images/img_00003105.jpg,02_deepfirearm,deepfirearm,eeee35a9e5db373e413b200f52a3183c4104c91c0442110e10ce098784286593,,pending,,,,5
img_00003106,images/img_00003106.jpg,02_deepfirearm,deepfirearm,50c9b1e18be4b5facbda6493648d5ddd3c441ae6aab209bd09952d455def53e7,,pending,,,,5
img_00003107,images/img_00003107.jpg,02_deepfirearm,deepfirearm,c9a434e6afb67498efee492e379ad969b5ad562b0e10ae22ed6a8c171f76ce0d,,pending,,,,5
img_00003108,images/img_00003108.jpg,02_deepfirearm,deepfirearm,4e896ac940d33f1147996caabf57f9912d641f70d6714c3cceb5edfc1868fb6a,,pending,,,,5
img_00003109,images/img_00003109.jpg,02_deepfirearm,deepfirearm,19f7ebaae2b5ed8cb2dc02c82aedbf97a61826b5f31eaea488cc028b98ed1768,,pending,,,,5
img_00003110,images/img_00003110.jpg,02_deepfirearm,deepfirearm,a924aea23249736c1e85c4580c905a58fc6d00ed16e8a2d11a08f11ac75fc0a0,,pending,,,,5
img_00003111,images/img_00003111.jpg,02_deepfirearm,deepfirearm,5bb6f4e42b958e5d23452b3266dd69b93424f0a4ac6fec4fa70c5bfea94a62e2,,pending,,,,5
img_00003112,images/img_00003112.jpg,02_deepfirearm,deepfirearm,128ca6b25721d23724fd445c5a033d173ae34a1d2be797804a86f34f984cbf82,,pending,,,,5
img_00003113,images/img_00003113.jpg,02_deepfirearm,deepfirearm,558d9c034ebfecb1cabfc2c71254fce003871b29983e5ec03f3d7a8f133e80be,,pending,,,,5
img_00003114,images/img_00003114.jpg,02_deepfirearm,deepfirearm,458b8be2b3475aa638f21af0983a820489230962027a224fbd946ae321e01d60,,pending,,,,5
img_00003115,images/img_00003115.jpg,02_deepfirearm,deepfirearm,1ad38c01f6c9c909abbde3c2c0c531fbe36389bc2e29dd6490597acc2e108e93,,pending,,,,5
img_00003116,images/img_00003116.jpg,02_deepfirearm,deepfirearm,442859be728983b4249a07a08702692f50ff40864c0b626874cdcfa237059d25,,pending,,,,5
img_00003117,images/img_00003117.jpg,02_deepfirearm,deepfirearm,c501985d879b70de12892a473c9d011ffe1e2594f34957317f8f32961f478f30,,pending,,,,5
img_00003118,images/img_00003118.jpg,02_deepfirearm,deepfirearm,319d0ab2039a8c4f471950f85522bb16c7202180c4e0547382df5786da853c74,,pending,,,,5
img_00003119,images/img_00003119.jpg,02_deepfirearm,deepfirearm,f09d8fddf554ff578f99afac70cb8c1cac4a332d145e6ba4f8fa62450e97c6d8,,pending,,,,5
img_00003120,images/img_00003120.jpg,02_deepfirearm,deepfirearm,2dba4b4533cfe4e43bfde34fdfda972f5f25adada7c7a0ff4c835346dcca4260,,pending,,,,5
img_00003121,images/img_00003121.jpg,02_deepfirearm,deepfirearm,a56e978757d438afbb933a2f77f650fb0c7e366bc8cec365342f85f19a1def4d,,pending,,,,5
img_00003122,images/img_00003122.jpg,02_deepfirearm,deepfirearm,6a1ebb6318d3d8d66a057fcf25f9d09f78adda7cccc31bbb33a2cb33f0f689df,,pending,,,,5
img_00003123,images/img_00003123.jpg,02_deepfirearm,deepfirearm,b6a1bc459fbc2cf5fa0773a52795229116b9cdb4f3edf9954f8631a883ca1d41,,pending,,,,5
img_00003124,images/img_00003124.jpg,02_deepfirearm,deepfirearm,0f05488f93f9a47dd7c9ad0159145eccd7173eb6faa613494184d4d3008a4b58,,pending,,,,5
img_00003125,images/img_00003125.jpg,02_deepfirearm,deepfirearm,1e40edc57f48cf8dadcbed7f09e5ab5e0305513b0c84c440c148838136d5dfdb,,pending,,,,5
img_00003126,images/img_00003126.jpg,02_deepfirearm,deepfirearm,24ddf825190d6e0b7f80f87f4eefdbb4e30f366f42e00e689bb69209642234da,,pending,,,,5
img_00003127,images/img_00003127.jpg,02_deepfirearm,deepfirearm,f04ad69369237998d94902e9340fd239236e8a340647c2f4d6e60094f0a675eb,,pending,,,,5
img_00003128,images/img_00003128.jpg,02_deepfirearm,deepfirearm,db964426177bfd5b759df6c003a499aa8407631a8a7663e584e402aa7eeb4c09,,pending,,,,5
img_00003129,images/img_00003129.jpg,02_deepfirearm,deepfirearm,29c2bca4443852460f63e0d3e9a4b15eca2b8e1d44c9bf75de3b74684e9ae90a,,pending,,,,5
img_00003130,images/img_00003130.jpg,02_deepfirearm,deepfirearm,a670be547d07b6eb065b4b7540c2dea568437442b2d2adc3a6d6efb74a1d3438,,pending,,,,5
img_00003131,images/img_00003131.jpg,02_deepfirearm,deepfirearm,c6fc048aa57e9e5e0c6f175139d2914b80d6164aac563ec38c07b434de4e5c0b,,pending,,,,5
img_00003132,images/img_00003132.jpg,02_deepfirearm,deepfirearm,a6fc72c4c843d8d0c0ff8a478104c1b04b3ff7d4a1faaf7869f7fd4e7e3286f2,,pending,,,,5
img_00003133,images/img_00003133.jpg,02_deepfirearm,deepfirearm,0077537efb6df3d7d39b4e5c36f361ece0cbcce79456f80faf0fbe8fa855b996,,pending,,,,5
img_00003134,images/img_00003134.jpg,02_deepfirearm,deepfirearm,9762bed731924f4d17b17d416d1455f73106d66eedcf31a216aa671d311f13f2,,pending,,,,5
img_00003135,images/img_00003135.jpg,02_deepfirearm,deepfirearm,4ebff7c4ecdc8d5bbdd7cbc5db4c3e28abca294c911753987914a32a302ccc1b,,pending,,,,5
img_00003136,images/img_00003136.jpg,02_deepfirearm,deepfirearm,afb1e23c3f2ccdd85c94dbedd1c97e164c59fab4c19c8d05373b7999d683f6d3,,pending,,,,5
img_00003137,images/img_00003137.jpg,02_deepfirearm,deepfirearm,50552198ddf92792969564a6f9c5bd626aa42837a48ae07e4dfc41f3b1f2f3f7,,pending,,,,5
img_00003138,images/img_00003138.jpg,02_deepfirearm,deepfirearm,dfea2908e822562f5dc9db3313580400037b7b0caf076e7b99cde3d3f9e6e8d6,,pending,,,,5
img_00003139,images/img_00003139.jpg,02_deepfirearm,deepfirearm,147d744088fcaadd9eb4c9400c003de0d495e28b5daa7b2d5b76fb127038b73d,,pending,,,,5
img_00003140,images/img_00003140.jpg,02_deepfirearm,deepfirearm,c1f6c085b894d6f4307a0a4510c5711f2c88bdda1779f914c78f74d28e4e49e8,,pending,,,,5
img_00003141,images/img_00003141.jpg,02_deepfirearm,deepfirearm,cd45148de4ff2af5c342bfa97bf2ae99d2d4f4f0a8920e1418bbd1f58072a60c,,pending,,,,5
img_00003142,images/img_00003142.jpg,02_deepfirearm,deepfirearm,711a55fe43e10b539fe558b22c060523c7d7746e83366641000ba97c479256e1,,pending,,,,5
img_00003143,images/img_00003143.jpg,02_deepfirearm,deepfirearm,2112c246e8f5fcf820cadcb9c8a938ee522f1326fc54b06d6e28cce994113132,,pending,,,,5
img_00003144,images/img_00003144.jpg,02_deepfirearm,deepfirearm,dc1d67521eff4d66072994b946fe86cf6c20e1da3a84d0fd6131f5561e117578,,pending,,,,5
img_00003145,images/img_00003145.jpg,02_deepfirearm,deepfirearm,911551cb06521716b3c88d840ae2748a3a3be1acb2501b4309073db5cc23c7d3,,pending,,,,5
img_00003146,images/img_00003146.jpg,02_deepfirearm,deepfirearm,7e582493502bf32e32bc03490671e4ce6741cee1d818dd4f114ad62f41c2821a,,pending,,,,5
img_00003147,images/img_00003147.jpg,02_deepfirearm,deepfirearm,55f4d21a8a37010cc8ff1513f0222054e26eebaf6317888c4e39f3fb47368871,,pending,,,,5
img_00003148,images/img_00003148.jpg,02_deepfirearm,deepfirearm,686d62b2ad2909469e4b65245701b3fefff502687832f40d5d61451b6ed026c6,,pending,,,,5
img_00003149,images/img_00003149.jpg,02_deepfirearm,deepfirearm,3983100085b7e8b42fc7e5d2c83052148ca67562abdce33bae7b8cbe16317118,,pending,,,,5
img_00003150,images/img_00003150.jpg,02_deepfirearm,deepfirearm,29d2f5d8e38c310a8e6949e62061dd19472ad5371839a3db6aa469ae35db597f,,pending,,,,5
img_00003151,images/img_00003151.jpg,02_deepfirearm,deepfirearm,5129d5c3b3e594382252ae1820783caf25d4358af82d4e54fbf65b99c21d48e0,,pending,,,,5
img_00003152,images/img_00003152.jpg,02_deepfirearm,deepfirearm,3a5ff31c1af607f2539f697f68c760cfecb3b67e2aa285a2fb9ce93f8d5827ff,,pending,,,,5
img_00003153,images/img_00003153.jpg,02_deepfirearm,deepfirearm,74f7f13dbe9fc6b9e3bf9f85c544b0f5bb3b49c5d5d63e20f5d5ff5ab2152a59,,pending,,,,5
img_00003154,images/img_00003154.jpg,02_deepfirearm,deepfirearm,054dbbb2331945f7e310a6c30462db9f46bb816a920ebe12e767c280a5932441,,pending,,,,5
img_00003155,images/img_00003155.jpg,02_deepfirearm,deepfirearm,b171c0448909ec751c7237ed3537fa316b9894fba4fbb36cb35f23142bc0c1ba,,pending,,,,5
img_00003156,images/img_00003156.jpg,02_deepfirearm,deepfirearm,2eed3fdf21bd27d11ba09ea2227c9f5c8e36073df46a4af83edf247797787e1e,,pending,,,,5
img_00003157,images/img_00003157.jpg,02_deepfirearm,deepfirearm,ae604d21224fd48a6f402110b592d9a2b845483bd115d37fe47e9ae32fb70afb,,pending,,,,5
img_00003158,images/img_00003158.jpg,02_deepfirearm,deepfirearm,33f52c8e0bd33571807b6f9e599d9ae0a6d889824dd18358a9dcb47848215105,,pending,,,,5
img_00003159,images/img_00003159.jpg,02_deepfirearm,deepfirearm,9b5fff6a9d6e5cf3d5b179355c8854dee1da9260d7f5341fd15dea2028c3e50c,,pending,,,,5
img_00003160,images/img_00003160.jpg,02_deepfirearm,deepfirearm,5f4534dbf42ff5e885d34bf15b1344c96a42c33f7afc420a8d42122218a39eef,,pending,,,,5
img_00003161,images/img_00003161.jpg,02_deepfirearm,deepfirearm,b1e582468f247a5fa62e45c991c1b4c77e54f3a15c7bad63db383acf03d403be,,pending,,,,5
img_00003162,images/img_00003162.jpg,02_deepfirearm,deepfirearm,6e88f3d6adabcba59ed199fd9973e9f5230150188361bf27e1c0b9e5a4f0807f,,pending,,,,5
img_00003163,images/img_00003163.jpg,02_deepfirearm,deepfirearm,066a6c64266dd4698ad89f52c1c293f5bdb54d559d8d9409216688647da95f51,,pending,,,,5
img_00003164,images/img_00003164.jpg,02_deepfirearm,deepfirearm,6cfbb049e471dccb886af04bb6295f636e276fdfc93b973da8a794099b64153c,,pending,,,,5
img_00003165,images/img_00003165.jpg,02_deepfirearm,deepfirearm,ac191ebf7ce051ad30d177a7fc4669be25bf7191169851312dd5b2067f8a15a4,,pending,,,,5
img_00003166,images/img_00003166.jpg,02_deepfirearm,deepfirearm,4520a5bdf0328581cd9bdfe29adbe02f8540e80a70385831a5a2bf9afddf59be,,pending,,,,5
img_00003167,images/img_00003167.jpg,02_deepfirearm,deepfirearm,58bb724e15d0126f6d27617e7c3d8718066fda847baba2a2506eafbc991565fc,,pending,,,,5
img_00003168,images/img_00003168.jpg,02_deepfirearm,deepfirearm,15cad7124f572a383375a535751fd142495e7f3704c5498643d31722e2f0fd3c,,pending,,,,5
img_00003169,images/img_00003169.jpg,02_deepfirearm,deepfirearm,c100e6dfdcb0c1c8e2769c1a289d694a6b9dd499dce8d2d6b838568be875d9f9,,pending,,,,5
img_00003170,images/img_00003170.jpg,02_deepfirearm,deepfirearm,47e10f20b159e24cf4ee2aa5cc388056557f2268c82cd0696ec306dcc170717c,,pending,,,,5
img_00003171,images/img_00003171.jpg,02_deepfirearm,deepfirearm,363101545b9debdb27bfd1cf7c5bac2d37ec530f18346777066f22d596ec5bbc,,pending,,,,5
img_00003172,images/img_00003172.jpg,02_deepfirearm,deepfirearm,a1795c5e4c8252c5fe4743af24b10ab5e645babecf79a75b89bc473935f09331,,pending,,,,5
img_00003173,images/img_00003173.jpg,02_deepfirearm,deepfirearm,c6f4ecd0d81e939c23c2b3aaba0cdb7ffaa9c261e2a974935e738c9ec1e17ded,,pending,,,,5
img_00003174,images/img_00003174.jpg,02_deepfirearm,deepfirearm,e181b786c120d6a56c4f40be264dd48c00edfd52189bb5a9270ba0edc22d6223,,pending,,,,5
img_00003175,images/img_00003175.jpg,02_deepfirearm,deepfirearm,7d707105a3ee8d14f3a2d5cb60cd24e26c9fe595dde83a6c91fbd8a912925cad,,pending,,,,5
img_00003176,images/img_00003176.jpg,02_deepfirearm,deepfirearm,a0dc7d562887695f8ffef8e2a0c79221537be7474bce6e80111d02fbeb32e93e,,pending,,,,5
img_00003177,images/img_00003177.jpg,02_deepfirearm,deepfirearm,f35265eaf754de863be49bb0e4e930193339972a6e8229d770239392a6a9548f,,pending,,,,5
img_00003178,images/img_00003178.jpg,02_deepfirearm,deepfirearm,61d12bab781be6d553a1137b3bebffb9d8828e3316c18b114dbd4312d0132350,,pending,,,,5
img_00003179,images/img_00003179.jpg,02_deepfirearm,deepfirearm,dcbb7b01a029e455a4d41e044ea09b36dce91160e69195016eff5b35c22d3c9d,,pending,,,,5
img_00003180,images/img_00003180.jpg,02_deepfirearm,deepfirearm,f3eb8bfec07809ce3e4cb5d962797c175d09da5604b8f6e200caf1a2f66db3cc,,pending,,,,5
img_00003181,images/img_00003181.jpg,02_deepfirearm,deepfirearm,b9b824f6087db2411182a703263208008261b36d1bfe169ce068640dcebb2666,,pending,,,,5
img_00003182,images/img_00003182.jpg,02_deepfirearm,deepfirearm,f818d5e9f4eb6d80f87b7b714ecd66c7c4656346c516eb0b813b57ac98fb8c70,,pending,,,,5
img_00003183,images/img_00003183.jpg,02_deepfirearm,deepfirearm,2a4fd8f36a469e9f9cc3db4104aad02c4037d99967941cb54e2b6a3734ad9ecd,,pending,,,,5
img_00003184,images/img_00003184.jpg,02_deepfirearm,deepfirearm,b95eec064f0e2839ccd88f9cef9bb570eb7761b2b84ec626dcc3bf2da6d71c06,,pending,,,,5
img_00003185,images/img_00003185.jpg,02_deepfirearm,deepfirearm,49b28477cd49b42a42158e50c86395d3ef7b45317c6b44305151235ee8a00ac8,,pending,,,,5
img_00003186,images/img_00003186.jpg,02_deepfirearm,deepfirearm,b4b25e012b0a54071dbc572fdc30f3b92f28bca38ca3ef189aa229502b541792,,pending,,,,5
img_00003187,images/img_00003187.jpg,02_deepfirearm,deepfirearm,72f131df88542e68a1b69d22c60cca26b7ee02fd2506ed358b57dd078f44e764,,pending,,,,5
img_00003188,images/img_00003188.jpg,02_deepfirearm,deepfirearm,8792159647c17d3858fdca50874a6b9b1cd450e0852cec593712c7d351d404d2,,pending,,,,5
img_00003189,images/img_00003189.jpg,02_deepfirearm,deepfirearm,039c6338dfdba1f76ae8439e0586e942879dc5a88a6d207c1c079f6e017af07e,,pending,,,,5
img_00003190,images/img_00003190.jpg,02_deepfirearm,deepfirearm,73645486e475a83bfd0d8ab4ce156d1ebe8aac98f154e49bccc8269759682a07,,pending,,,,5
img_00003191,images/img_00003191.jpg,02_deepfirearm,deepfirearm,5c7f08735ed92d88581944d4105cb8a670cec07ba0526c609628259d979f38a2,,pending,,,,5
img_00003192,images/img_00003192.jpg,02_deepfirearm,deepfirearm,40425358e2b0a630489d56825595788c1fcb275b04882c9b06319e6c6a02a3fe,,pending,,,,5
img_00003193,images/img_00003193.jpg,02_deepfirearm,deepfirearm,76e9c63169dabe563f0db4d8877476be6b8bafd2ddd5341c5220aa86dcd8c352,,pending,,,,5
img_00003194,images/img_00003194.jpg,02_deepfirearm,deepfirearm,5c75ada3c5d92d6b3109472168d7bbcc7069498316497093eabf9cfb72db5ab4,,pending,,,,5
img_00003195,images/img_00003195.jpg,02_deepfirearm,deepfirearm,5a57877665606a3efe682f57d381e9370d3aa1374aba6a2968ed934fe0100f3a,,pending,,,,5
img_00003196,images/img_00003196.jpg,02_deepfirearm,deepfirearm,e59a11a482a3bd8c960f9b6ddc4652fb13ec35a4b04fc76843cb0ca607cf3cd1,,pending,,,,5
img_00003197,images/img_00003197.jpg,02_deepfirearm,deepfirearm,c096faed13c5351430b01c3cd222da1b4f50ffacb80a6887bc182cbf2fac3199,,pending,,,,5
img_00003198,images/img_00003198.jpg,02_deepfirearm,deepfirearm,b829223227b33f48990ed80886eb04a7a08b4ab82011022a5b70cccff8d0343e,,pending,,,,5
img_00003199,images/img_00003199.jpg,02_deepfirearm,deepfirearm,6857443ddab5561338713f2ca68e36bf0c3d76b79003b89c817d8daac5d50ba8,,pending,,,,5
img_00003200,images/img_00003200.jpg,02_deepfirearm,deepfirearm,c6d73eb62fc63736b7171eec150778f07515670aada6bf65579bb1be6f98c0dd,,pending,,,,5
img_00003201,images/img_00003201.jpg,02_deepfirearm,deepfirearm,00633e887edd871066f065c7d433d68a0cfa8f53c65d486ad7b84912b38e249e,,pending,,,,5
img_00003202,images/img_00003202.jpg,02_deepfirearm,deepfirearm,581d1122389b4f207468e2ed2fbbf2dfd374a4b7a89676b4e8751d9b69d2e647,,pending,,,,5
img_00003203,images/img_00003203.jpg,02_deepfirearm,deepfirearm,02a5414c89a2f24aca29aee42607b73bacdaf98ffcc8eeec58c2aeb755224722,,pending,,,,5
img_00003204,images/img_00003204.jpg,02_deepfirearm,deepfirearm,4a5eb58eb14f639c93e93071bfc924251363f917314c2d936bf62b7b63cbdfea,,pending,,,,5
img_00003205,images/img_00003205.jpg,02_deepfirearm,deepfirearm,80d3f194e489b0722405350b3b1406890d71d127b40d9d4ef80673132d3cac77,,pending,,,,5
img_00003206,images/img_00003206.jpg,02_deepfirearm,deepfirearm,5468fd0d7ceb8152715b9b715a9b02aee873b18cb888356a75f59e38a38622cb,,pending,,,,5
img_00003207,images/img_00003207.jpg,02_deepfirearm,deepfirearm,1ae5758b9890e7fa99950084629d35369575472453e7d1a163a01d11d70c309d,,pending,,,,5
img_00003208,images/img_00003208.jpg,02_deepfirearm,deepfirearm,11ee9f11ad7bdfb089a26059b0b0d4ed969cc8b0a3d80a17a6e52165dbed5c18,,pending,,,,5
img_00003209,images/img_00003209.jpg,02_deepfirearm,deepfirearm,578c9e04a416fe68f30c27cbd3a7c74091a9fe6ed959ddb5f2e929540566afe7,,pending,,,,5
img_00003210,images/img_00003210.jpg,02_deepfirearm,deepfirearm,1accf8e8f14eef969f390a06bae53ab0bc3edc73193e65b008121d473d31628f,,pending,,,,5
img_00003211,images/img_00003211.jpg,02_deepfirearm,deepfirearm,66006de58005174244bbe7a58b7197828964bdcf42967b9fe14f5dffc62130a1,,pending,,,,5
img_00003212,images/img_00003212.jpg,02_deepfirearm,deepfirearm,285f711ef8d68cb7f7a2fcbb9041f40e73dbf4747a3630e1b7620427d765c86e,,pending,,,,5
img_00003213,images/img_00003213.jpg,02_deepfirearm,deepfirearm,3047361d71fa4cf97ad3ed71bc108dc977a7bf0ca242dc0ef60bc0edf9610436,,pending,,,,5
img_00003214,images/img_00003214.jpg,02_deepfirearm,deepfirearm,68d3cb9180341fc93614b9584ca1c56c24d4f316678f02adc7d5ecdd7ebe9469,,pending,,,,5
img_00003215,images/img_00003215.jpg,02_deepfirearm,deepfirearm,479e9558dcf0c84f1d8b0322ce29d093452d4ec180b08f595a2db739e4d149f3,,pending,,,,5
img_00003216,images/img_00003216.jpg,02_deepfirearm,deepfirearm,e0befbd9a6c9e4be0dcb3ffe73a78249616f1b4e5fd9008d8fd01a8e2dba6715,,pending,,,,5
img_00003217,images/img_00003217.jpg,02_deepfirearm,deepfirearm,cbc3965150fd12af0e700a5abb6a2cbd673977168e2bd9754da3dbdd096d4f85,,pending,,,,5
img_00003218,images/img_00003218.jpg,02_deepfirearm,deepfirearm,46de7d2c48c355cf28f83e0617619f2aa6636cedecad7a2d38da6ce0b5f5de55,,pending,,,,5
img_00003219,images/img_00003219.jpg,02_deepfirearm,deepfirearm,c631ca65a325fd208d3a2d79d38da3001deaa1344467365d58fdffb90b5a02c7,,pending,,,,5
img_00003220,images/img_00003220.jpg,02_deepfirearm,deepfirearm,856a38413909185c594b5947f7bfb2a49de5124c70c0a618b93e07c8127daaa8,,pending,,,,5
img_00003221,images/img_00003221.jpg,02_deepfirearm,deepfirearm,3bcd8894de68bab3f049ae53dfb5c42634143e46726509ea362d38b19588eb16,,pending,,,,5
img_00003222,images/img_00003222.jpg,02_deepfirearm,deepfirearm,375eb289e0aa0d1bb903ffbf0d34b7df4a01f93ca0ad2091ff99d2d37439b8ab,,pending,,,,5
img_00003223,images/img_00003223.jpg,02_deepfirearm,deepfirearm,c32662ffb94046aec61775b85894a35575d5d2fe5d62855d13c99a4a73039c15,,pending,,,,5
img_00003224,images/img_00003224.jpg,02_deepfirearm,deepfirearm,2096b757629d41aba3111f6703fdec32c2338711cd1469b97db19bd69645c047,,pending,,,,5
img_00003225,images/img_00003225.jpg,02_deepfirearm,deepfirearm,071a42334869b7680420e3f1ff94f60d73862a13c7660f7777cc66cbdf1202e1,,pending,,,,5
img_00003226,images/img_00003226.jpg,02_deepfirearm,deepfirearm,fbf98d87f1c940eb352376aff8f9884e046b0eb66f0c246e69649d7b923fb61b,,pending,,,,5
img_00003227,images/img_00003227.jpg,02_deepfirearm,deepfirearm,a95a13f17a064939022dfb91be67e8374f8dbb2d429be089c90eb70b4ef899cd,,pending,,,,5
img_00003228,images/img_00003228.jpg,02_deepfirearm,deepfirearm,51893e8f6400280113ff3188109325c730d13cebc8021eceb9543efe8ee0c0b5,,pending,,,,5
img_00003229,images/img_00003229.jpg,02_deepfirearm,deepfirearm,77b61433419a298cbe35638487312d71632e56564cc6e740099552371829e4dc,,pending,,,,5
img_00003230,images/img_00003230.jpg,02_deepfirearm,deepfirearm,b28d54f081c067f176a0b28db785a56426c3b46547ba988d6768da0d9222970a,,pending,,,,5
img_00003231,images/img_00003231.jpg,02_deepfirearm,deepfirearm,7164ec7c1345024a9255dc75edb27b98ada628adf23fe44e6bdb06d03e7d2229,,pending,,,,5
img_00003232,images/img_00003232.jpg,02_deepfirearm,deepfirearm,99a9dc5561a5929b5992fe1a4d6af85873583c88b4b940c0803c865659ae001c,,pending,,,,5
img_00003233,images/img_00003233.jpg,02_deepfirearm,deepfirearm,546971b02487a1674dca14a24b05a470f365717ab6cc3c882d70101a3ec9df7b,,pending,,,,5
img_00003234,images/img_00003234.jpg,02_deepfirearm,deepfirearm,920f2cc44db5fdb958d541e406c5051c7beeecf4479d210d1f0a1adc37999ab1,,pending,,,,5
img_00003235,images/img_00003235.jpg,02_deepfirearm,deepfirearm,b988f4cbedd122017a0be649d20ed3ff903c932d4e95291cd6e5bf215d401a43,,pending,,,,5
img_00003236,images/img_00003236.jpg,02_deepfirearm,deepfirearm,e27da80cbd2e9dd64f8e108e7b00eac502f34e5fa5bef8256cffec7a200a147d,,pending,,,,5
img_00003237,images/img_00003237.jpg,02_deepfirearm,deepfirearm,f923dea7c3ed1e05dbc87090d89ee1a8b89eb9cdfdb310763be46d365be9d0bf,,pending,,,,5
img_00003238,images/img_00003238.jpg,02_deepfirearm,deepfirearm,b6f8cd84d20b2661d47acbc33b985790867ec807021d33576267328e78a1468e,,pending,,,,5
img_00003239,images/img_00003239.jpg,02_deepfirearm,deepfirearm,0f72210c17f0bd5cac20b7268fc336add664098bb26f76d4ddbadd7c1f0407ec,,pending,,,,5
img_00003240,images/img_00003240.jpg,02_deepfirearm,deepfirearm,949c083ab19448cbbf78ab56910b2187666e5b4da0ab649df3677aabb9bba7c8,,pending,,,,5
img_00003241,images/img_00003241.jpg,02_deepfirearm,deepfirearm,b9fc64917abfa8ae2a2e4a14dbfca4b44520970e95a6a696972cdda38010f1c2,,pending,,,,5
img_00003242,images/img_00003242.jpg,02_deepfirearm,deepfirearm,e62e79c3dc260c08151669a94bc743406018a8c0c2a4c8253af7a8e937c3bb07,,pending,,,,5
img_00003243,images/img_00003243.jpg,02_deepfirearm,deepfirearm,865ed0a41668f9bdf1084a2af6e6e020743bb1d31e6ec888ceb576af6c60df05,,pending,,,,5
img_00003244,images/img_00003244.jpg,02_deepfirearm,deepfirearm,95bd85a7f5642cb3af06b490f9285f543e3a4d5b5733e605bf31fa41a67d36ad,,pending,,,,5
img_00003245,images/img_00003245.jpg,02_deepfirearm,deepfirearm,59fa74061e4cfb88622a5b650a4a4cff4e357f56889cef6d9acefbfa30b4e8b5,,pending,,,,5
img_00003246,images/img_00003246.jpg,02_deepfirearm,deepfirearm,1087534b3873af95f6aab5767e80d42d8d0732fd2bf2a5cbcca383b6915a2ea3,,pending,,,,5
img_00003247,images/img_00003247.jpg,02_deepfirearm,deepfirearm,5abebb1e7e3f45562bd84f1a492401c5ddb9b4723eeaf877b8bdf441bfadd02e,,pending,,,,5
img_00003248,images/img_00003248.jpg,02_deepfirearm,deepfirearm,f10275f336bee439a605d2cea6f33e07c1a66e9e4e73a03d85e6f599685cfc83,,pending,,,,5
img_00003249,images/img_00003249.jpg,02_deepfirearm,deepfirearm,664c10d299ee12be3de5e8e6caeb0e8c4eb873aa0f10854b9f2000b4489849a7,,pending,,,,5
img_00003250,images/img_00003250.jpg,02_deepfirearm,deepfirearm,30d05ddc319c4dd4a71ecdc64a85b195c33a9916e915a38c6f2b1124afc9e3f5,,pending,,,,5
img_00003251,images/img_00003251.jpg,02_deepfirearm,deepfirearm,979898192906156b80aa401e3afd66aa6058ed88568bdf909ba30960c93b2488,,pending,,,,5
img_00003252,images/img_00003252.jpg,02_deepfirearm,deepfirearm,2537c24b4720929e9ee33d63b425863f769d4598195266ee6ad7b5bef81535fc,,pending,,,,5
img_00003253,images/img_00003253.jpg,02_deepfirearm,deepfirearm,6752451b101ce8191b77ef70a67a01db48f392a179bec01a873ea2bc8fdeb881,,pending,,,,5
img_00003254,images/img_00003254.jpg,02_deepfirearm,deepfirearm,28de91b1e6c2988fbd6f3ddb88c617be9a6d1c70d8071e1a812801e10c379b8a,,pending,,,,5
img_00003255,images/img_00003255.jpg,02_deepfirearm,deepfirearm,7fe7730dc561322805aae352d923aeb0d715bb1fd4f50b6344b702b00442beda,,pending,,,,5
img_00003256,images/img_00003256.jpg,02_deepfirearm,deepfirearm,c0abd90642f69e56f7f8abb55353f671b017f87c24c91ea0d9fa5888aa490b29,,pending,,,,5
img_00003257,images/img_00003257.jpg,02_deepfirearm,deepfirearm,f3cb4c5ee730c799d2153f96931f60cc66bef239b6ad4c708d9c564d7ed75f62,,pending,,,,5
img_00003258,images/img_00003258.jpg,02_deepfirearm,deepfirearm,9350bd1470009fe52385b2f31637eb639e69560b9823bd082cd62f433a991aa0,,pending,,,,5
img_00003259,images/img_00003259.jpg,02_deepfirearm,deepfirearm,a02360942e0c7e55fd143056d9c3c78f88b71e95a2a1152615aa8c6df64ad043,,pending,,,,5
img_00003260,images/img_00003260.jpg,02_deepfirearm,deepfirearm,f4c469d71689e53a8bdf051fdc941182039e6f643954713ce071efea1c0d7913,,pending,,,,5
img_00003261,images/img_00003261.jpg,02_deepfirearm,deepfirearm,3eb1666fb69fc0e035ce439a81df589c8c22c67815c7cb90d48b077b5be01a5f,,pending,,,,5
img_00003262,images/img_00003262.jpg,02_deepfirearm,deepfirearm,589b1762ea64362f5320d790cbef5a6bd79744b20308f0ce79f4dec9617a2584,,pending,,,,5
img_00003263,images/img_00003263.jpg,02_deepfirearm,deepfirearm,5523e516c027f808af55e1cbd17271231133c9ccbb2bb1b9166aaecf5177ba64,,pending,,,,5
img_00003264,images/img_00003264.jpg,02_deepfirearm,deepfirearm,0826ac1d4db1464c8f7f23d805b2c0ea7ddf70afdc4300f172196a7767fcc0cb,,pending,,,,5
img_00003265,images/img_00003265.jpg,02_deepfirearm,deepfirearm,40832a060f1c98910633cf7631b253bc0ff059253ed0042950afcddb569dc556,,pending,,,,5
img_00003266,images/img_00003266.jpg,02_deepfirearm,deepfirearm,e657ca9c96d33c264e22c3d710372200ecdb53949452ad0f145e57ca1d9a3acc,,pending,,,,5
img_00003267,images/img_00003267.jpg,02_deepfirearm,deepfirearm,29160295c0b8a38112ab314bb32d25131e49d200f841519602278b5dc67bd99f,,pending,,,,5
img_00003268,images/img_00003268.jpg,02_deepfirearm,deepfirearm,5755913887e4511431ac03b74ef67aa1396e29ad1c1c702afa67d6f8c1b38c41,,pending,,,,5
img_00003269,images/img_00003269.jpg,02_deepfirearm,deepfirearm,f7cd635b1c565360c6d8c3b0e52b5e0b11efed5735b0ea89fcfce88d5842d9e9,,pending,,,,5
img_00003270,images/img_00003270.jpg,02_deepfirearm,deepfirearm,831b290e36781588e2adc0d822543f363c4c44a5ca1040c3dde76196e5e43028,,pending,,,,5
img_00003271,images/img_00003271.jpg,02_deepfirearm,deepfirearm,bca76c7666df15e2ecbc75617dbef8cae9bb0705d0bf6b84aae6bdcce4ee3816,,pending,,,,5
img_00003272,images/img_00003272.jpg,02_deepfirearm,deepfirearm,d4dfcf8107cebc21bf40fcd58494963bd4b9ed7b2d784878ecc1b8a1039acf45,,pending,,,,5
img_00003273,images/img_00003273.jpg,02_deepfirearm,deepfirearm,3bd56f7a6407a1236b14e849f67945540a38a95e12e50e1ecee787ec06340420,,pending,,,,5
img_00003274,images/img_00003274.jpg,02_deepfirearm,deepfirearm,143b156e1dc757bdb98fcb3c14eb2486813a89cb521a1a037c583a9da9b95d37,,pending,,,,5
img_00003275,images/img_00003275.jpg,02_deepfirearm,deepfirearm,b628679fc96741915f73b912e4ba0aba340633160285c249dafdf2239e842c4c,,pending,,,,5
img_00003276,images/img_00003276.jpg,02_deepfirearm,deepfirearm,dd57dca4669272e0e6b3f41049b626183ad1ab7130ae83f1f44f8868e4a6cdb8,,pending,,,,5
img_00003277,images/img_00003277.jpg,02_deepfirearm,deepfirearm,48bc8d2349b932c1f9cfa4009a2ad4526236511586d8c55638a6298ce8408144,,pending,,,,5
img_00003278,images/img_00003278.jpg,02_deepfirearm,deepfirearm,523e646004070d244781f64b87c2cf3357f0043cc272452823a03a7080cbb839,,pending,,,,5
img_00003279,images/img_00003279.jpg,02_deepfirearm,deepfirearm,1c6927f5cf41f0690771609f77569de417a0110cdb2f2e4bcf245a8761b6d46c,,pending,,,,5
img_00003280,images/img_00003280.jpg,02_deepfirearm,deepfirearm,284c06f48d77b211955b87bf050c35e82375c347a0ba87468fe4e360c24edea1,,pending,,,,5
img_00003281,images/img_00003281.jpg,02_deepfirearm,deepfirearm,2351670f43fdb7425cfbf942a4ad5de99e0d5fa400fee9849139068a66a14e95,,pending,,,,5
img_00003282,images/img_00003282.jpg,02_deepfirearm,deepfirearm,1f3da86104d22991c42bb697f80e371f89f5c105d7b37f12e0a4f76ae45d3a36,,pending,,,,5
img_00003283,images/img_00003283.jpg,02_deepfirearm,deepfirearm,a5de4644ca2540be398691f4b199ba88e38b2fe96f4835bad38d47fd967335f4,,pending,,,,5
img_00003284,images/img_00003284.jpg,02_deepfirearm,deepfirearm,57ad2c74812af1d800172760d186e5263d8198656951a7c05425fd1e599b9939,,pending,,,,5
img_00003285,images/img_00003285.jpg,02_deepfirearm,deepfirearm,33d339229045780fffb64f6d4c169c65c6f68a8f028d4d148dc15a29654892a9,,pending,,,,5
img_00003286,images/img_00003286.jpg,02_deepfirearm,deepfirearm,9f562627c7c16f141c86dada6f1beb223721f7d5c2b540f4dcdf49cdd5d94a7a,,pending,,,,5
img_00003287,images/img_00003287.jpg,02_deepfirearm,deepfirearm,5c475ae01290fd64bad555752656c04156e1fa6e72bd1d182b28e3fcfce3ba25,,pending,,,,5
img_00003288,images/img_00003288.jpg,02_deepfirearm,deepfirearm,cdc7ecbd370024d79b13342be95f474c526403feb9d0c620622c248e6b1f866e,,pending,,,,5
img_00003289,images/img_00003289.jpg,02_deepfirearm,deepfirearm,31196ff89ffd5438ead3736ac4801d79bf8eaf308d656ef573824ab0a864fa57,,pending,,,,5
img_00003290,images/img_00003290.jpg,02_deepfirearm,deepfirearm,96432dbb679911f3feb53543e250abce0c05ef159e8449bf3f436a0739a29cf0,,pending,,,,5
img_00003291,images/img_00003291.jpg,02_deepfirearm,deepfirearm,16bdc761df4c57760ce52fe857f63f07a68ea10359d3f4a9dfbb1255fcb668ab,,pending,,,,5
img_00003292,images/img_00003292.jpg,02_deepfirearm,deepfirearm,f7834785d61b052920ba0390be76c84b6cefae9ccdac6ff5a9dfabaff7b8617d,,pending,,,,5
img_00003293,images/img_00003293.jpg,02_deepfirearm,deepfirearm,22c30cf10e9df9055848776d01d316aa03298149553ff460322264f8ae1ee6cd,,pending,,,,5
img_00003294,images/img_00003294.jpg,02_deepfirearm,deepfirearm,680130527b643e1288eff2ccd7643cc1cf99076177c1e79618fa98f3482a89ff,,pending,,,,5
img_00003295,images/img_00003295.jpg,02_deepfirearm,deepfirearm,913b35d67c78b72e11b395041ad438451c4de0b0ed38cc2c0ff97a7a69373fd6,,pending,,,,5
img_00003296,images/img_00003296.jpg,02_deepfirearm,deepfirearm,8c188832b0b632650780344d9c5757f9bf1064f58dc0e84f6445e1c43fa0f495,,pending,,,,5
img_00003297,images/img_00003297.jpg,02_deepfirearm,deepfirearm,a94a17bbd8a410e9fc3eca6d69e311aba92673ee61c36f1d9e987ccb1a1d84df,,pending,,,,5
img_00003298,images/img_00003298.jpg,02_deepfirearm,deepfirearm,7a0c19c842efeda5049864f22273ad9120be363cedb659e4f6f444d4cba39a88,,pending,,,,5
img_00003299,images/img_00003299.jpg,02_deepfirearm,deepfirearm,0e2a454f5725462afa76418426b276868e68621cb0def07eb01f77d410845342,,pending,,,,5
img_00003300,images/img_00003300.jpg,02_deepfirearm,deepfirearm,e64157da59024a6088e41489fe72fa61b65b15d8fa5d25983cc898f212cc39f3,,pending,,,,5
img_00003301,images/img_00003301.jpg,02_deepfirearm,deepfirearm,86dd36b6aef9d3b21e3ffbef77e0cc955b4cf3826046d94c4c2d0bf4bcfd10ba,,pending,,,,5
img_00003302,images/img_00003302.jpg,02_deepfirearm,deepfirearm,e697078e52e412af352918c509f64ddcce4ce10888f108b81220df47ff52d5b2,,pending,,,,5
img_00003303,images/img_00003303.jpg,02_deepfirearm,deepfirearm,128e40b657a9f6fefcaf1b3555e94141f004201ed778bbc8aaa10d5a3ae50f2b,,pending,,,,5
img_00003304,images/img_00003304.jpg,02_deepfirearm,deepfirearm,18a06915a354b56faedf0a404c848611f225344c5d6ce7cdc6937ad66d52dc3f,,pending,,,,5
img_00003305,images/img_00003305.jpg,02_deepfirearm,deepfirearm,7aff4e7dfe98b75d67b0669ead09d5fa22debe91b5955d437cbaf17d5fac37e5,,pending,,,,5
img_00003306,images/img_00003306.jpg,02_deepfirearm,deepfirearm,26d9f312c3766f5d32a6097ba298fa33f0cbcc6df3a471f12bb05664ede5d37a,,pending,,,,5
img_00003307,images/img_00003307.jpg,02_deepfirearm,deepfirearm,af21bd8585d07ca5539de756db789cbc6ddd3c3a5fb47bb69e5ba378cb0faacb,,pending,,,,5
img_00003308,images/img_00003308.jpg,02_deepfirearm,deepfirearm,873d4fc30e4b956f487ff7341ed57f22f56a43e54d23325f8d38d864c73d7307,,pending,,,,5
img_00003309,images/img_00003309.jpg,02_deepfirearm,deepfirearm,d9828ff141900c240c08adc196c89d9c72824eaea09473ed019d0115116b845c,,pending,,,,5
img_00003310,images/img_00003310.jpg,02_deepfirearm,deepfirearm,77d4c98d7cf03e23682ee106f9188ccfd490954e2c0f9435eac0df0f8ff07629,,pending,,,,5
img_00003311,images/img_00003311.jpg,02_deepfirearm,deepfirearm,25740b78dd1017dd5615bb2f6f626a30b2ff5436b7e74271791475a43fe50bc0,,pending,,,,5
img_00003312,images/img_00003312.jpg,02_deepfirearm,deepfirearm,12f6017b23f86dc04d32f0e265ad60eb6c9f460e9158e49af72f0394de50493e,,pending,,,,5
img_00003313,images/img_00003313.jpg,02_deepfirearm,deepfirearm,2a52a22fb76b085619bad85ef3e9a1f68ccb1386b1b2c6bdb40ed2f3847b4363,,pending,,,,5
img_00003314,images/img_00003314.jpg,02_deepfirearm,deepfirearm,d8ee249a5fc4a0e543347b2c7ed9621beadf8b912f0e32c6493901582b1fb92b,,pending,,,,5
img_00003315,images/img_00003315.jpg,02_deepfirearm,deepfirearm,67ec8c6628814753dcd277fce5752f6f7bb0cc9a6cf6aaaf404e8069656d5db3,,pending,,,,5
img_00003316,images/img_00003316.jpg,02_deepfirearm,deepfirearm,b98ded969ca67d838c7bd05826d07f63d9dd5034883e26a5439a7d1f7b60c875,,pending,,,,5
img_00003317,images/img_00003317.jpg,02_deepfirearm,deepfirearm,33f3227734fe59dc049cc9d1f3e01cb025bc3edbb6a626c4405327139f3fa0fd,,pending,,,,5
img_00003318,images/img_00003318.jpg,02_deepfirearm,deepfirearm,c8f6e778330796cb908865efe18f3a9a0975faa587939eef525adb78bbe4b48c,,pending,,,,5
img_00003319,images/img_00003319.jpg,02_deepfirearm,deepfirearm,1cbf63222045898f5633a0b41a7c1988541bcca3bc878ffc77642074de3e8daf,,pending,,,,5
img_00003320,images/img_00003320.jpg,02_deepfirearm,deepfirearm,9df373ef1e694fa4ca26f97cf6acfda8698772fc3cad8bf9263eeeb61f4c3887,,pending,,,,5
img_00003321,images/img_00003321.jpg,02_deepfirearm,deepfirearm,d8d3077e67d614aed240afef1dd8c548be6c33384196c536f00a4c8eb46df6c1,,pending,,,,5
img_00003322,images/img_00003322.jpg,02_deepfirearm,deepfirearm,68f18a73b187574c8ddaa747d11007cbd406f0f9781594db7959b6aad8255929,,pending,,,,5
img_00003323,images/img_00003323.jpg,02_deepfirearm,deepfirearm,381ea272e693c85dfaf6432982690e28e29a8462d7636990d1e60cbfbc85aab6,,pending,,,,5
img_00003324,images/img_00003324.jpg,02_deepfirearm,deepfirearm,d3b56c564edb282ae4992cc2f1c78e17f6b4b49b133939f28f196cce17f64fc5,,pending,,,,5
img_00003325,images/img_00003325.jpg,02_deepfirearm,deepfirearm,7073dba3559b469e7b403d4887147cb89eaacf4801919dacbc276349be912c49,,pending,,,,5
img_00003326,images/img_00003326.jpg,02_deepfirearm,deepfirearm,0db82474d0d07bfe3859396924b7bdb195fdf78c4d5750867fb99513590a5ea2,,pending,,,,5
img_00003327,images/img_00003327.jpg,02_deepfirearm,deepfirearm,68b4c96198459e8b6fe413a3a843a579dc065973977842f29e9bcca17b1141dc,,pending,,,,5
img_00003328,images/img_00003328.jpg,02_deepfirearm,deepfirearm,398c1a4413106072938606c9f66ccfb2bb24b35fee9b4a7591d752edf84ee064,,pending,,,,5
img_00003329,images/img_00003329.jpg,02_deepfirearm,deepfirearm,55279935bd819571d83ba8ed62cff7dec9e8c189041058ee09b66705feaff8b4,,pending,,,,5
img_00003330,images/img_00003330.jpg,02_deepfirearm,deepfirearm,39fb85d6d943cb4149d3314c3185817a0c5dc67d744d8898d2941fb28a7b59bf,,pending,,,,5
img_00003331,images/img_00003331.jpg,02_deepfirearm,deepfirearm,84315043416967cc0608ac5c16c18759298667833c58c32684f03763e2e5c785,,pending,,,,5
img_00003332,images/img_00003332.jpg,02_deepfirearm,deepfirearm,50dd9a5681a1b4de5bff321a7d0a5a919aac9f164623ed7a1fce0dba1f303e95,,pending,,,,5
img_00003333,images/img_00003333.jpg,02_deepfirearm,deepfirearm,e75bc9d43661bb0f72cc02b50d89bc77925f4d211e698a1de9abe9dc3fefc521,,pending,,,,5
img_00003334,images/img_00003334.jpg,02_deepfirearm,deepfirearm,20fa67eefead72ffc77d306866db8c7c283197a67971f3d1c4c63d3cf6e4ae1b,,pending,,,,5
img_00003335,images/img_00003335.jpg,02_deepfirearm,deepfirearm,51d4967caf301e1c2c831bcbd12f25fcfc1b321f9fa595cb398b3a019a6161ef,,pending,,,,5
img_00003336,images/img_00003336.jpg,02_deepfirearm,deepfirearm,a880722e533d97807b0eacdfaedb7cfd3bd585d4b73ab3af019886db80fa409e,,pending,,,,5
img_00003337,images/img_00003337.jpg,02_deepfirearm,deepfirearm,1b1703e7d17d0ecfa457104b081151d5813f6fb71debfeace320da8f1ba58fd5,,pending,,,,5
img_00003338,images/img_00003338.jpg,02_deepfirearm,deepfirearm,7051ee9fb7211041e1f8755be33a33591e4354a0fed252133badfe48cc394b91,,pending,,,,5
img_00003339,images/img_00003339.jpg,02_deepfirearm,deepfirearm,f2b720a00fb15c144e6c03049b1fe816f4a0b8dc9b30f2edc375acd0c770857a,,pending,,,,5
img_00003340,images/img_00003340.jpg,02_deepfirearm,deepfirearm,20089a5b4cf595b13c3bb14896728c157882bdc16beb2b7e17e210d863bbe6a3,,pending,,,,5
img_00003341,images/img_00003341.jpg,02_deepfirearm,deepfirearm,a4e46bc63cb9741301f4102b734f0e9b446a215c6338b3f8947e49c51b93fa18,,pending,,,,5
img_00003342,images/img_00003342.jpg,02_deepfirearm,deepfirearm,43097b3c4cfd861a36aed17804e0846173e749ce6a3c447084d77e4c633a40f5,,pending,,,,5
img_00003343,images/img_00003343.jpg,02_deepfirearm,deepfirearm,eca05c6722e649edc69ef80688df72b580c1245bb6ed67a71a60333c2ce5a1d1,,pending,,,,5
img_00003344,images/img_00003344.jpg,02_deepfirearm,deepfirearm,4b46b3f70251215c5856c2d8c3d2db401de6b285a93ee502ba6934844991e30a,,pending,,,,5
img_00003345,images/img_00003345.jpg,02_deepfirearm,deepfirearm,2ea203b7257478c203b67df999755f85c3c2db333ac5c1ea317043af03f9b691,,pending,,,,5
img_00003346,images/img_00003346.jpg,02_deepfirearm,deepfirearm,c01470d0d6919bef0f4fbca19f0118b6f3d2f9c3fb2cdc188eb8e7e586e60578,,pending,,,,5
img_00003347,images/img_00003347.jpg,02_deepfirearm,deepfirearm,73a0263d67086ff948270606168d6de8b388828fa2b8f85cfb60882a9050c4fc,,pending,,,,5
img_00003348,images/img_00003348.jpg,02_deepfirearm,deepfirearm,02d57e284bf375c6d65004b9f828fea1717878e7449796d2ae53d39465f8919b,,pending,,,,5
img_00003349,images/img_00003349.jpg,02_deepfirearm,deepfirearm,f1b5d70c6adca8cb1efa586317ab9bb48bd6cc8e568c79f64e3393eb820d5db7,,pending,,,,5
img_00003350,images/img_00003350.jpg,02_deepfirearm,deepfirearm,549b9aa1817fab8a3e12ed336ce423dd5a439cfee788c72319b31ff1a2ee0bc1,,pending,,,,5
img_00003351,images/img_00003351.jpg,02_deepfirearm,deepfirearm,e7e9cae7248eb27b3608fdb64ed64307ee916a271d19db9e57733c3ab78ce36c,,pending,,,,5
img_00003352,images/img_00003352.jpg,02_deepfirearm,deepfirearm,a3a57cef65fb17c50b4c03d9536652a415c7772785beef7e666ac6b4587fce65,,pending,,,,5
img_00003353,images/img_00003353.jpg,02_deepfirearm,deepfirearm,4452a886f161e1d7d3dad8758714e3f1d51c6e29db17d8f0cd69694cc4b6f8fe,,pending,,,,5
img_00003354,images/img_00003354.jpg,02_deepfirearm,deepfirearm,ac9280aa0e1a4a0cdffc2ae58126afe71b0ff3e49bacb9d9baa1634407064528,,pending,,,,5
img_00003355,images/img_00003355.jpg,02_deepfirearm,deepfirearm,c2dc01512665f3d0f538384253e0f14f5ba74fc0dad94ba0a3244b122a4b7955,,pending,,,,5
img_00003356,images/img_00003356.jpg,02_deepfirearm,deepfirearm,33b5013e7cd44ae1ef66d51c125a5ac6974a257c42453ef7b77abd2c2cfd2e00,,pending,,,,5
img_00003357,images/img_00003357.jpg,02_deepfirearm,deepfirearm,93c2fa7f20f049df727ab4c4e3240d29626286970f308b18e4828fabcafd4f66,,pending,,,,5
img_00003358,images/img_00003358.jpg,02_deepfirearm,deepfirearm,4cb2096bc895cedc9a6fdb4a7e33d2e68f36042a94c0ee39fdb617f91af2b884,,pending,,,,5
img_00003359,images/img_00003359.jpg,02_deepfirearm,deepfirearm,a95b041913fe6441b251433532e7c815382204b75c09f2ab010af9ba786385ff,,pending,,,,5
img_00003360,images/img_00003360.jpg,02_deepfirearm,deepfirearm,e3b036440a50f3df0300dcaa3b327a3a3b3f424cd6afee62891786636123195d,,pending,,,,5
img_00003361,images/img_00003361.jpg,02_deepfirearm,deepfirearm,12337ef45ead3c341f26891bd0ced63821784d489676689ceadec98f1366b3ad,,pending,,,,5
img_00003362,images/img_00003362.jpg,02_deepfirearm,deepfirearm,8e8d93be6b2c728cf9a403cd61ca43ba85d03646718614bf613ca59af8cb3fdd,,pending,,,,5
img_00003363,images/img_00003363.jpg,02_deepfirearm,deepfirearm,998cf6bb29fd5891f719ed789a9be218ba9e590b811995a34c1ea6341c6560f4,,pending,,,,5
img_00003364,images/img_00003364.jpg,02_deepfirearm,deepfirearm,6810c5f8abd790ccbfdcd3fc34458a597c2ac35921aaa3d8242a1e38e2880151,,pending,,,,5
img_00003365,images/img_00003365.jpg,02_deepfirearm,deepfirearm,f8786a1835e71cba6ff578d876886e4db045289e7f1ff632678ac1b4767db36c,,pending,,,,5
img_00003366,images/img_00003366.jpg,02_deepfirearm,deepfirearm,ac340248faac2ef57ecd76ac0564b7f4c8d9e59215a758bfb79e846cf7c9200c,,pending,,,,5
img_00003367,images/img_00003367.jpg,02_deepfirearm,deepfirearm,df1786309821da8bc4fc0739677b7a3398cf424fce272c24edfe20773311fe88,,pending,,,,5
img_00003368,images/img_00003368.jpg,02_deepfirearm,deepfirearm,16ce6c86d7c05dfec12da0e11dc42ab38614ca317f770473bf61eff4979e23c5,,pending,,,,5
img_00003369,images/img_00003369.jpg,02_deepfirearm,deepfirearm,8eb10f8efd87476bdab9223ce0a323232465a1a0f0698c33a9558ff030c86c65,,pending,,,,5
img_00003370,images/img_00003370.jpg,02_deepfirearm,deepfirearm,8aaea12acc4f34545f7f01b0e7ab8de7cbb9d649e60173398dcaf7725ba16a6b,,pending,,,,5
img_00003371,images/img_00003371.jpg,02_deepfirearm,deepfirearm,78b82dc9c30b850712ba4c56e59b98e72414634e68f9120e121d006fba672f7a,,pending,,,,5
img_00003372,images/img_00003372.jpg,02_deepfirearm,deepfirearm,9a6c409ca3dc1ea737d792f9624756530086f45107d6d2ecfa79e9f3de7bc6c0,,pending,,,,5
img_00003373,images/img_00003373.jpg,02_deepfirearm,deepfirearm,6bea24c36e0580a1accbcc9c86fba29c016332f237aeb7d86c373ba47aefd9a7,,pending,,,,5
img_00003374,images/img_00003374.jpg,02_deepfirearm,deepfirearm,6d9c98d247e76fbe7c77aada10dbcea254d9621ded17f513cc3c3f4edd189c79,,pending,,,,5
img_00003375,images/img_00003375.jpg,02_deepfirearm,deepfirearm,e0a9661ba0c5e7cb23b8cb6fb1af96d73a9932123e2666db8c0b814d253da8f6,,pending,,,,5
img_00003376,images/img_00003376.jpg,02_deepfirearm,deepfirearm,d9378002fb1c7821b67855b662f86bd331cd778ab48a514236cf8e854cb4b858,,pending,,,,5
img_00003377,images/img_00003377.jpg,02_deepfirearm,deepfirearm,2b46dca673a834bd9bcd7398363bebe2c0ca82b49dacc303c799f7967c8d679b,,pending,,,,5
img_00003378,images/img_00003378.jpg,02_deepfirearm,deepfirearm,0420db21605bd8445644005a3c4d2f3a420ccb20ad06562365639fdeda43a9f5,,pending,,,,5
img_00003379,images/img_00003379.jpg,02_deepfirearm,deepfirearm,6cca06c5e41d58d61cd809d8bb71febcba6a1398b2d81a9d79c991bce83fd88f,,pending,,,,5
img_00003380,images/img_00003380.jpg,02_deepfirearm,deepfirearm,653815696a14b9b7402f34623b4336e18f9b6ca407b756cfc4280553a7469cb4,,pending,,,,5
img_00003381,images/img_00003381.jpg,02_deepfirearm,deepfirearm,eb101f564e7c9b5cd0dde38766c5816afab9aa4c59c5993bc92ac992058e7e75,,pending,,,,5
img_00003382,images/img_00003382.jpg,02_deepfirearm,deepfirearm,3b74f28d4d0260465724817215250cc1cfebe4cc99a200b7bec4316b9647aa42,,pending,,,,5
img_00003383,images/img_00003383.jpg,02_deepfirearm,deepfirearm,8763e0eb8e615960a1d921df6b25e60ea7aedf54849c016258a9e14f1b22f9bc,,pending,,,,5
img_00003384,images/img_00003384.jpg,02_deepfirearm,deepfirearm,84a48b5c051b35ae8c524b28232476e293a2fe3ed80c60eff1d30b0df13be3b6,,pending,,,,5
img_00003385,images/img_00003385.jpg,02_deepfirearm,deepfirearm,e166859e11ff88e6324e8e61740bcd1aad6576a8b271275f6cba47685fe69237,,pending,,,,5
img_00003386,images/img_00003386.jpg,02_deepfirearm,deepfirearm,94b45dd66904a02cad469ba747a82c97e153876c7f5d66a1527e3c73d1fe449b,,pending,,,,5
img_00003387,images/img_00003387.jpg,02_deepfirearm,deepfirearm,3e446db8bf54af6292dfd0e330c03587a05e46f3bfee7af800bdc95fba5ffbb3,,pending,,,,5
img_00003388,images/img_00003388.jpg,02_deepfirearm,deepfirearm,4b99d85c17311946771ca991de0c43dac13cc1053dd9f2417151587802fda812,,pending,,,,5
img_00003389,images/img_00003389.jpg,02_deepfirearm,deepfirearm,d5e8d5be1b1de4c2db134578a0abffa4a7c15be8dc5ace50f58a4f7651dc10e5,,pending,,,,5
img_00003390,images/img_00003390.jpg,02_deepfirearm,deepfirearm,01b7320bdcd3062b22cd81350dd8a444a9b8fbebf3827ac621e523287dd37a04,,pending,,,,5
img_00003391,images/img_00003391.jpg,02_deepfirearm,deepfirearm,108a463b29396a72e074d5551a23eeb24c2d3529f19f7f3a62b3a0f3b1a68934,,pending,,,,5
img_00003392,images/img_00003392.jpg,02_deepfirearm,deepfirearm,3f29bf66175a76107f380e3193f84d9e22094bda7df9da8519cc3aa2ca7f4bf1,,pending,,,,5
img_00003393,images/img_00003393.jpg,02_deepfirearm,deepfirearm,d48b906bd8ddc1c176fdf56ad09638ec85311af7d9f32e57c60d499afd3bf808,,pending,,,,5
img_00003394,images/img_00003394.jpg,02_deepfirearm,deepfirearm,adc6698b4cce967580ce749669cbe436523307bb9819e7342de4515903623115,,pending,,,,5
img_00003395,images/img_00003395.jpg,02_deepfirearm,deepfirearm,21d7101a8ebc982ceb2d97721be3646ade0eaaad3a110ba3b7ce4c74dffbdb0e,,pending,,,,5
img_00003396,images/img_00003396.jpg,02_deepfirearm,deepfirearm,bb8e5952584a71519b2909a21f2c1de8f017ddbd710ca5f1ca4a7b5d02fc55a9,,pending,,,,5
img_00003397,images/img_00003397.jpg,02_deepfirearm,deepfirearm,dd75a19f1d597b392d0a9af3824fa89cfb19d6a1c49da2a61527f197777a0f46,,pending,,,,5
img_00003398,images/img_00003398.jpg,02_deepfirearm,deepfirearm,daea08d175b168ca069333bae10ae846e444c552352d5392d7fe6e669dd627ed,,pending,,,,5
img_00003399,images/img_00003399.jpg,02_deepfirearm,deepfirearm,267e40603263dfc3ce588dd517a320b23c19bf33295ed7f4751da9c7929b1522,,pending,,,,5
img_00003400,images/img_00003400.jpg,02_deepfirearm,deepfirearm,4c26bb3b4d6db0e3ec896f1e7bc7e43f6591689feda703f89b7138fa9ec172a7,,pending,,,,5
img_00003401,images/img_00003401.jpg,02_deepfirearm,deepfirearm,ff0d1d601fcd7faa330b9fac9e36951055d446c552b207ed028349a0e12af9d7,,pending,,,,5
img_00003402,images/img_00003402.jpg,02_deepfirearm,deepfirearm,cc84006d10bab9cd929ac1c13a3d8a97ea8c3218f29c45de31c6dbde8e6d4d00,,pending,,,,5
img_00003403,images/img_00003403.jpg,02_deepfirearm,deepfirearm,08ae5405e871b9580601de59291571f503260e35704fc64c7ad4406308eaba9c,,pending,,,,5
img_00003404,images/img_00003404.jpg,02_deepfirearm,deepfirearm,be06d87ea901da104bf63b258a0ca289640ac45ccc830a4377f0d4af347b9dc7,,pending,,,,5
img_00003405,images/img_00003405.jpg,02_deepfirearm,deepfirearm,b92e751309ed2a35d51afee45a1cfe6de918006cdcdf4da9c88f26258ccebd54,,pending,,,,5
img_00003406,images/img_00003406.jpg,02_deepfirearm,deepfirearm,eefd52e0a36958b0ac7a5d262a280e21edb270db21e30791f324766507c54181,,pending,,,,5
img_00003407,images/img_00003407.jpg,02_deepfirearm,deepfirearm,a0357ee5aed50b697a99942b33848707a55fd05258b7ece6498c594dfae863b1,,pending,,,,5
img_00003408,images/img_00003408.jpg,02_deepfirearm,deepfirearm,c9e32d92c9f760c12bf38383ec06a8233c7cf4b1e5b56ca6d6e41067c2154b30,,pending,,,,5
img_00003409,images/img_00003409.jpg,02_deepfirearm,deepfirearm,09a43c4258aa6a5c9ac81165bc555697b482ee1f45fc285b13c470818f1b1cca,,pending,,,,5
img_00003410,images/img_00003410.jpg,02_deepfirearm,deepfirearm,19b343830723973d387b68aa66433fb99b8d156d59e269586596f848f6e64c70,,pending,,,,5
img_00003411,images/img_00003411.jpg,02_deepfirearm,deepfirearm,2a497ab65a9ca3ca3f3007140625ed24cc4a078ebb8b3f85ac49ed878b2e3a9b,,pending,,,,5
img_00003412,images/img_00003412.jpg,02_deepfirearm,deepfirearm,5c53462c68fd277bc7f8610186cac7b0692e9b14a46bb6f9f6541e02f6d6edc9,,pending,,,,5
img_00003413,images/img_00003413.jpg,02_deepfirearm,deepfirearm,688c8fdebafcd1830b1a182403751bd633a38087fba8a8fe9bf5cb412588a6fc,,pending,,,,5
img_00003414,images/img_00003414.jpg,02_deepfirearm,deepfirearm,4a759e41fc2acb4945a03267001ca21e1551f36043a7d1169e4ae2abba148357,,pending,,,,5
img_00003415,images/img_00003415.jpg,02_deepfirearm,deepfirearm,9b7102c3a5ec176835f0880eaf692a0d433da690e37316d57ce30dff48fa59e8,,pending,,,,5
img_00003416,images/img_00003416.jpg,02_deepfirearm,deepfirearm,22b8ed113245faafe6cbddff7d9c467890b793f1b825b8d8e41f6dc0c71056ee,,pending,,,,5
img_00003417,images/img_00003417.jpg,02_deepfirearm,deepfirearm,6113c64dfb0f1448b92e464a050665704a0127bc3e77e5681d262794e7d22f6f,,pending,,,,5
img_00003418,images/img_00003418.jpg,02_deepfirearm,deepfirearm,1fceeb019c259e8d69afaafae34601b5a57d3d11028079c4188b8ec69cb54f0e,,pending,,,,5
img_00003419,images/img_00003419.jpg,02_deepfirearm,deepfirearm,115b6fdcfa812b5015400811d378a41b20202752642983b3fb8980221b00b358,,pending,,,,5
img_00003420,images/img_00003420.jpg,02_deepfirearm,deepfirearm,4324bdeb8de2446e20b9ec317b42716cbd784ae228192702ec1d0266db987bef,,pending,,,,5
img_00003421,images/img_00003421.jpg,02_deepfirearm,deepfirearm,70481cd8f55c7745205a56d2cef82e001745dd31707a3e1666796816c39d3e8f,,pending,,,,5
img_00003422,images/img_00003422.jpg,02_deepfirearm,deepfirearm,259b87c6c50920a4d19ac8d75f1f85aa4d4499265bde69b1b4fa22cc0ae8e9cf,,pending,,,,5
img_00003423,images/img_00003423.jpg,02_deepfirearm,deepfirearm,e22a54d567da83f09594b35c7a9cb3f34e02247487998d16127f02d46b0e0daa,,pending,,,,5
img_00003424,images/img_00003424.jpg,02_deepfirearm,deepfirearm,465a8a9bce6d4199ad432d8ee4822c6df79a3851cbe4af9aa95f6349669e62e1,,pending,,,,5
img_00003425,images/img_00003425.jpg,02_deepfirearm,deepfirearm,767b06dcc60759ea878a6cfac5ea5505c606a8661c9877f4294f3800257e3e15,,pending,,,,5
img_00003426,images/img_00003426.jpg,02_deepfirearm,deepfirearm,da5d5261b95b18495ba352c6a11ae7a9ae97e52e344a53b7b6916c33eda2113e,,pending,,,,5
img_00003427,images/img_00003427.jpg,02_deepfirearm,deepfirearm,286c072c5e7a0f12b63b2b6447272d756b887a1fa541c0ff45a9a3404ca3c64e,,pending,,,,5
img_00003428,images/img_00003428.jpg,02_deepfirearm,deepfirearm,99849988327ad9defc00559874170707267af13288c226ad38725bfdffb7639c,,pending,,,,5
img_00003429,images/img_00003429.jpg,02_deepfirearm,deepfirearm,aaa19fc1d608166d58952c5791217ae4f973de50776165f0fde445229811a434,,pending,,,,5
img_00003430,images/img_00003430.jpg,02_deepfirearm,deepfirearm,1d5772e8c68a22a83c61421022fa694bb96ce66979c11161ad34b65ad9cc98be,,pending,,,,5
img_00003431,images/img_00003431.jpg,02_deepfirearm,deepfirearm,89e3e65c824560116fdca1495ba61b0e3cd7a139fb2628162f166a93aa697f9f,,pending,,,,5
img_00003432,images/img_00003432.jpg,02_deepfirearm,deepfirearm,61bc36c31b9e0550f2505e1e58501761818c7df5af93af84f0fe2551ecf8042f,,pending,,,,5
img_00003433,images/img_00003433.jpg,02_deepfirearm,deepfirearm,5ec3f8481c5aeb2f0ca54165925213385a6f615d59587597090d744d43a83dac,,pending,,,,5
img_00003434,images/img_00003434.jpg,02_deepfirearm,deepfirearm,6a2901e50aa6781e0cf959ef157298093099c36687fcc6bd6610f530c1a9eee3,,pending,,,,5
img_00003435,images/img_00003435.jpg,02_deepfirearm,deepfirearm,fcc16a794d947a9990f54edc3744e575311b5b001cc072cfe6bd9614b00646e8,,pending,,,,5
img_00003436,images/img_00003436.jpg,02_deepfirearm,deepfirearm,3dc132a750f77e5bc23721bc7086430fef642dc50ee122ceaa55158c0d2f5a29,,pending,,,,5
img_00003437,images/img_00003437.jpg,02_deepfirearm,deepfirearm,a81cb359a9faafdf8c4e71d6c36dd4bd10eb823a1fd5b3a203b95b6c0e903168,,pending,,,,5
img_00003438,images/img_00003438.jpg,02_deepfirearm,deepfirearm,9b34e935d043f38bb914d23b15c179c133b95e8278dc4ccc7f8df1abb1c883ba,,pending,,,,5
img_00003439,images/img_00003439.jpg,02_deepfirearm,deepfirearm,061188a2d3a5a357b2560a8c03370ff92ee8ecabeca50c2bf3eea762a4709049,,pending,,,,5
img_00003440,images/img_00003440.jpg,02_deepfirearm,deepfirearm,9242b8a64b45f1baa2a03c87442da893f952f9f6bc89cece2b62a4a48820044f,,pending,,,,5
img_00003441,images/img_00003441.jpg,02_deepfirearm,deepfirearm,5aa34d68b05d58ac449fc8c1047685a114bce30ead7ba5df8d2ee467c8da9aff,,pending,,,,5
img_00003442,images/img_00003442.jpg,02_deepfirearm,deepfirearm,333d4b7d850c348308e2e956659468160fc4f580ac1cee25152acdd81cb0ea8d,,pending,,,,5
img_00003443,images/img_00003443.jpg,02_deepfirearm,deepfirearm,c5f55911ab90a02759de51bd4737dbf19add2c1e79eb7da9653cc5d37976d0dd,,pending,,,,5
img_00003444,images/img_00003444.jpg,02_deepfirearm,deepfirearm,ecefbf4e3e03783655b8aad15ac065da7116f365649ec8f2a8f63c674930f6f8,,pending,,,,5
img_00003445,images/img_00003445.jpg,02_deepfirearm,deepfirearm,dd72216007b3704e2bf9a4d9eb56287f8ab1a0eb6d9983b3c64895bbf78ed02a,,pending,,,,5
img_00003446,images/img_00003446.jpg,02_deepfirearm,deepfirearm,fde11b7450b743cd880513b3ca8a92cce089b8c567b940528567d5fd8cda3cd9,,pending,,,,5
img_00003447,images/img_00003447.jpg,02_deepfirearm,deepfirearm,e12d265f78ece8faf617a922b3ba34fe5f698dbc129dda671b08708e8867ffe9,,pending,,,,5
img_00003448,images/img_00003448.jpg,02_deepfirearm,deepfirearm,8c1e337b13a1b8fd6c99e448c2394e5274bf83a5ade4da3875ce65334816fafa,,pending,,,,5
img_00003449,images/img_00003449.jpg,02_deepfirearm,deepfirearm,a0b1e2f2e1d3dc8a3292d0483ac6c8259ef55edd51d031d54776bf9a4d3fd7a3,,pending,,,,5
img_00003450,images/img_00003450.jpg,02_deepfirearm,deepfirearm,74e446b63881ba5966787e820cc4bcaf177908e819a3a1d00e924fa23b685cde,,pending,,,,5
img_00003451,images/img_00003451.jpg,02_deepfirearm,deepfirearm,381bbf5368b4ec4f7929f94ff27b36904d459f62aea58833994f2988143e3c79,,pending,,,,5
img_00003452,images/img_00003452.jpg,02_deepfirearm,deepfirearm,2c815ec3be8c5416bba4c2a22dfbd93e9608ad14a0e6caff5e57b3f0560ea7e4,,pending,,,,5
img_00003453,images/img_00003453.jpg,02_deepfirearm,deepfirearm,11cd3791dbb2b6358b3f4956c3c14cc8fede4b56e50e5d6ea22176ae754a29ee,,pending,,,,5
img_00003454,images/img_00003454.jpg,02_deepfirearm,deepfirearm,a8b58c0fa2c09cad21c23893a8d0c2f3c689164056358693d691c8a4a91217ea,,pending,,,,5
img_00003455,images/img_00003455.jpg,02_deepfirearm,deepfirearm,ba0171cc47b83fb03a27ae9bed1e7e1181d3aeade11623b92a51ac9e91f3b9ab,,pending,,,,5
img_00003456,images/img_00003456.jpg,02_deepfirearm,deepfirearm,195b59de1fd485b0d25b17521502c04f01be6aa7b72a85a0f4547116ea9db17c,,pending,,,,5
img_00003457,images/img_00003457.jpg,02_deepfirearm,deepfirearm,f6a47e94fbf8789b33b8d815291e5851a4d7962c3be8082d9e11776ed9db687d,,pending,,,,5
img_00003458,images/img_00003458.jpg,02_deepfirearm,deepfirearm,1615248b6994068a03d6eb62fc212708f5d415f473c3a353998dfefe8a21b322,,pending,,,,5
img_00003459,images/img_00003459.jpg,02_deepfirearm,deepfirearm,93f8eceb186fac6399cee1224f0198b4cad85774fe916cbe31724c1fc1eb076d,,pending,,,,5
img_00003460,images/img_00003460.jpg,02_deepfirearm,deepfirearm,a30dba0142e1aafb5c0ab87fc6d4c36d6a7b2ddd37f90b41bb749c8cb8341073,,pending,,,,5
img_00003461,images/img_00003461.jpg,02_deepfirearm,deepfirearm,806626adaff5c0e20043bfd84cb25615c537143f955353f65c1f90621b6beb46,,pending,,,,5
img_00003462,images/img_00003462.jpg,02_deepfirearm,deepfirearm,b36082c98559d27e96d378f886fef5e180e9412278fb7f9f90ed9a4d00f04bdc,,pending,,,,5
img_00003463,images/img_00003463.jpg,02_deepfirearm,deepfirearm,9e7650a8f96decef01a132614b60e0540f86e5ed807452cb9375ad776776f622,,pending,,,,5
img_00003464,images/img_00003464.jpg,02_deepfirearm,deepfirearm,aacfba495982afb197312c00dd8bb784a5b33f2d903cd3b67353591ec58bd850,,pending,,,,5
img_00003465,images/img_00003465.jpg,02_deepfirearm,deepfirearm,8494d896c7fcb9af30027f7c0524a1a70deeee389b86d62213ccd5e48c7c3722,,pending,,,,5
img_00003466,images/img_00003466.jpg,02_deepfirearm,deepfirearm,89543363cde3f2e15cb5b391a133252a9217e2f06a06db9a98ac158203146aba,,pending,,,,5
img_00003467,images/img_00003467.jpg,02_deepfirearm,deepfirearm,f85cf8a393a3b8500fef105eab167f61797ff832387e0398e15508d2c3a4bba5,,pending,,,,5
img_00003468,images/img_00003468.jpg,02_deepfirearm,deepfirearm,69751e101e464ccf0102932a59181fc7d475c4597c6968cb8413af2707ea2e52,,pending,,,,5
img_00003469,images/img_00003469.jpg,02_deepfirearm,deepfirearm,5b7a7d134c23e35b6019f488635c94985e2710cfa8b228c47d8dc9a7b4df03ee,,pending,,,,5
img_00003470,images/img_00003470.jpg,02_deepfirearm,deepfirearm,30aca92945a075cc56f7830042dc3aa97456db17b38bfaa67a2b451bc25d4544,,pending,,,,5
img_00003471,images/img_00003471.jpg,02_deepfirearm,deepfirearm,862daaa2e461064e806865fcc2aa3db0b95fd9a0ecff038eea95331bdecf8c9c,,pending,,,,5
img_00003472,images/img_00003472.jpg,02_deepfirearm,deepfirearm,a37770c70731766142ab53fa649d6bda16903d6c8148fb07db96a1a5178ecaaf,,pending,,,,5
img_00003473,images/img_00003473.jpg,02_deepfirearm,deepfirearm,d4884f8d2b2e31f439b64f508b0c887c8ecd1b0e13ef201c547c65128cee1fa2,,pending,,,,5
img_00003474,images/img_00003474.jpg,02_deepfirearm,deepfirearm,508cbdb99f2907d7257309000d37412bbd3b629927e2e0d975239284643cd4c1,,pending,,,,5
img_00003475,images/img_00003475.jpg,02_deepfirearm,deepfirearm,d339220898fa0eb67f0bd6b024a83d0244ead1e4f9da94a8953f6102592a3b25,,pending,,,,5
img_00003476,images/img_00003476.jpg,02_deepfirearm,deepfirearm,2f4219b8d1dccd4ed75d08dcf5ad97f404ac44da7e9d691aa8182f27754b59ae,,pending,,,,5
img_00003477,images/img_00003477.jpg,02_deepfirearm,deepfirearm,1293eb5004d1ab7674e9393a610abb827213616e8a021f2e2b1fb43362a72912,,pending,,,,5
img_00003478,images/img_00003478.jpg,02_deepfirearm,deepfirearm,858246ad9e0feaddfbb71e4c419cc99230ce7feb1d56478e01bc4a02aaed6417,,pending,,,,5
img_00003479,images/img_00003479.jpg,02_deepfirearm,deepfirearm,9324f0adf04fa5dc2bcc130717325bf1ebcaab3f85a91f594abed93a258ad421,,pending,,,,5
img_00003480,images/img_00003480.jpg,02_deepfirearm,deepfirearm,223ac38da5cb8ae943d3ba1280a0b2077cb7dab5d1aceb75304e4078c7661417,,pending,,,,5
img_00003481,images/img_00003481.jpg,02_deepfirearm,deepfirearm,2f6d831fc2f08f10de26798c02d75b8b8bf426fcf6aa82de8ebddd9c5573d560,,pending,,,,5
img_00003482,images/img_00003482.jpg,02_deepfirearm,deepfirearm,cce2888a84037aaa254cd4b7b2b040ca60d86cc4dc083f740129a5042896f75c,,pending,,,,5
img_00003483,images/img_00003483.jpg,02_deepfirearm,deepfirearm,dd85c943c1d4de44e7a32b899b012330c0c4d505ffd6b84c0d727c238ab618e4,,pending,,,,5
img_00003484,images/img_00003484.jpg,02_deepfirearm,deepfirearm,87cbb90f7e6d3a69d787c484092589f94e0f7b5b19dd005ebb7cb1a8d6e81d39,,pending,,,,5
img_00003485,images/img_00003485.jpg,02_deepfirearm,deepfirearm,ae6b0bf07d6ab4878d06ef8510ac9eadad612a3ed01fd994896a8531e9212d6a,,pending,,,,5
img_00003486,images/img_00003486.jpg,02_deepfirearm,deepfirearm,b85c04a64de2a870cf61fa844a8b5ed0de055f7881ad5af08a40010af75ff4cd,,pending,,,,5
img_00003487,images/img_00003487.jpg,02_deepfirearm,deepfirearm,79afe0a1b34340c1f099ab2eb2c4276c8f5ecfdaa5545cf61fcf22c6ff197e2c,,pending,,,,5
img_00003488,images/img_00003488.jpg,02_deepfirearm,deepfirearm,5e90c87d0d8658ab954d4d4109193927d1697367d39b4a40807a93f413d21c69,,pending,,,,5
img_00003489,images/img_00003489.jpg,02_deepfirearm,deepfirearm,b405516a223221cdb9c347141729d6a7ec0596e4b5cf10835efa3059bbdaa701,,pending,,,,5
img_00003490,images/img_00003490.jpg,02_deepfirearm,deepfirearm,3479c488dbe494061bbdf0812722b65156e414d25986226e95e36aa4d3d45086,,pending,,,,5
img_00003491,images/img_00003491.jpg,02_deepfirearm,deepfirearm,5d306da334e52091a98de7f8757429719336e13741f8168cad5ec80b9f9bd0cf,,pending,,,,5
img_00003492,images/img_00003492.jpg,02_deepfirearm,deepfirearm,d53432b4969d80060f74574ca8061639c0a9a338e51ca2bfea3267a95eefad0c,,pending,,,,5
img_00003493,images/img_00003493.jpg,02_deepfirearm,deepfirearm,e4b04919a9ae4b3c0f8728467a730519d0a9f32ce5cfb607f146bb5e1d3ceb70,,pending,,,,5
img_00003494,images/img_00003494.jpg,02_deepfirearm,deepfirearm,08c8e636377861b94fd74fe749a95c57df05c3e3b2b7988a62af90db40cbb5b1,,pending,,,,5
img_00003495,images/img_00003495.jpg,02_deepfirearm,deepfirearm,8728b2c69971c9622267b0c4bb14475692cb08468ed57b7a19362a914bd8eee1,,pending,,,,5
img_00003496,images/img_00003496.jpg,02_deepfirearm,deepfirearm,61fd2356f1d9b90f6ce1062fa3ba602f35bfd41faf5250dfe89bff35e674b250,,pending,,,,5
img_00003497,images/img_00003497.jpg,02_deepfirearm,deepfirearm,ac4e71c26116f2aaf5d712f60eca6b8798957f06714f41a4d146465d61696c59,,pending,,,,5
img_00003498,images/img_00003498.jpg,02_deepfirearm,deepfirearm,cda503bef26f45592ff39109312628fc057f9da7f9d9d7859517229bd3bf6431,,pending,,,,5
img_00003499,images/img_00003499.jpg,02_deepfirearm,deepfirearm,22c6b45e443f0c60e2edefdc792b8176b824145cfb448217d7931d8d3459f164,,pending,,,,5
img_00003500,images/img_00003500.jpg,02_deepfirearm,deepfirearm,b4ca971efca7389b2cf611137848ee01324f6b14e83e70525f488674da36f548,,pending,,,,5
img_00003501,images/img_00003501.jpg,02_deepfirearm,deepfirearm,1ea2f5ead64c998130b71bc7093c4513de17662a82779b7e6ecfdb4be42f4cf0,,pending,,,,5
img_00003502,images/img_00003502.jpg,02_deepfirearm,deepfirearm,619b4b7c3777e32ed754dcd5bcb0cee305762d8c0f34d0f7464b33fdd71f6457,,pending,,,,5
img_00003503,images/img_00003503.jpg,02_deepfirearm,deepfirearm,0080ab352a349f8d1d3d8fa2cc82a8150564dc1cdaa65a8cdfb441bbb912bd2d,,pending,,,,5
img_00003504,images/img_00003504.jpg,02_deepfirearm,deepfirearm,ee82a0ea755b7682d73723dc7c6182ac5ae4f75dd9a562f9f5583dde8f17312d,,pending,,,,5
img_00003505,images/img_00003505.jpg,02_deepfirearm,deepfirearm,b325bc2f362e0915f49a4367ac8a49c733b0550f0e6875f0ee66aef52f9cf987,,pending,,,,5
img_00003506,images/img_00003506.jpg,02_deepfirearm,deepfirearm,908f7df755b2724c13cb7587a9fc1099a77ac89edfe1e546d13186858de5d806,,pending,,,,5
img_00003507,images/img_00003507.jpg,02_deepfirearm,deepfirearm,67ca092a995553ac0ca174be5dbe733522f8f138dfacaff9ccb8214ac00d3f9a,,pending,,,,5
img_00003508,images/img_00003508.jpg,02_deepfirearm,deepfirearm,df1b0d25b8fa3f011c2b8f53036f2736f2676b8391753275e2da40faadf0e268,,pending,,,,5
img_00003509,images/img_00003509.jpg,02_deepfirearm,deepfirearm,31c769027c5ca64fee07258cb0c6a89552141de8e1ce923d5278568a37bf11e8,,pending,,,,5
img_00003510,images/img_00003510.jpg,02_deepfirearm,deepfirearm,7e71eb0134c209372532e5ead18ec85eaa3ee3579800ea847262e38bf5ee6891,,pending,,,,5
img_00003511,images/img_00003511.jpg,02_deepfirearm,deepfirearm,279898cc2cf2575cf594d2d60c460725f065b4786dc5f44462135e1c9d1a5b3b,,pending,,,,5
img_00003512,images/img_00003512.jpg,02_deepfirearm,deepfirearm,2c65425f9972d4d22f22773f01303964b0664eff843ca999a946a975e75c26ef,,pending,,,,5
img_00003513,images/img_00003513.jpg,02_deepfirearm,deepfirearm,572559f9d6d8f740c656c3681c9ad15c1a4b518c53d2f847ef47f06b179e4d5d,,pending,,,,5
img_00003514,images/img_00003514.jpg,02_deepfirearm,deepfirearm,5483ca9404075b9c136bb913bfc379f11b155956c55c90d5dd8901488d43cb54,,pending,,,,5
img_00003515,images/img_00003515.jpg,02_deepfirearm,deepfirearm,a17eead5d1182928d2f557ab9103f3832c13122ec93055b3361331f3a68fb3db,,pending,,,,5
img_00003516,images/img_00003516.jpg,02_deepfirearm,deepfirearm,2cadf5284c40627fcd3a261563683f659b3f2985b87c7f8871c43c88cb0d2b33,,pending,,,,5
img_00003517,images/img_00003517.jpg,02_deepfirearm,deepfirearm,617d36fce5e61ed0cb02dd4c4c8a9dd50635b8596f1a9399140168ba2e5b389b,,pending,,,,5
img_00003518,images/img_00003518.jpg,02_deepfirearm,deepfirearm,b59a5f27e448616e0be31783a84f7437d0d4448f6bce499ed841e03c7b9bff89,,pending,,,,5
img_00003519,images/img_00003519.jpg,02_deepfirearm,deepfirearm,01f93cbce99feebad04160cf0e1348c2750021fae576e33b26ae1aea236de6c6,,pending,,,,5
img_00003520,images/img_00003520.jpg,02_deepfirearm,deepfirearm,ac8937609dc13de225f07b90ddaef4244861f01e8e627a7700c19c9d60a6b2d4,,pending,,,,5
img_00003521,images/img_00003521.jpg,02_deepfirearm,deepfirearm,4c9c682f6a7bdd9c0e2f909d760a21bf6d3c900d9d419e9d42339110e07ec341,,pending,,,,5
img_00003522,images/img_00003522.jpg,02_deepfirearm,deepfirearm,f0e51663839125fec50fb1e865244b1bb482535c2a5c82240c580f8cfe0a6049,,pending,,,,5
img_00003523,images/img_00003523.jpg,02_deepfirearm,deepfirearm,6459e678a387aab92d5a39258d424fa8c26ebe6fa1acaf140051131a8520fbf6,,pending,,,,5
img_00003524,images/img_00003524.jpg,02_deepfirearm,deepfirearm,969e91856eba4e5a175401ac906de0731438023ebc1c8169c7c6210b26cb9140,weapon,reviewed,,Lello,2026-04-22T09:22:05+00:00,5
img_00003525,images/img_00003525.jpg,02_deepfirearm,deepfirearm,0ca245985c07db40a3bb9cba4777bee7587ee2f3bf84c869403f7d07f71f44b8,,pending,,,,5
img_00003526,images/img_00003526.jpg,02_deepfirearm,deepfirearm,26ec1f3287cf0fa2b5bd25b42ee954d6df0d40d62bff2c0fc32a41403eb878b5,weapon,reviewed,,Lello,2026-04-22T09:22:06+00:00,5
img_00003527,images/img_00003527.jpg,02_deepfirearm,deepfirearm,6c1f76df14c33f947749aed07c6afd06da91f6f6fd16dff95d464dc5eb454ab7,weapon,reviewed,,Lello,2026-04-22T09:22:08+00:00,5
img_00003528,images/img_00003528.jpg,02_deepfirearm,deepfirearm,066923c24a3e6ef2eb81b56327d818408652d415242480d15c8ddc40d47b04b6,,pending,,,,5
img_00003529,images/img_00003529.jpg,02_deepfirearm,deepfirearm,28bbf5f3e62e219db4c7a94321eda3dbc8b6662455de25b74910d46f0bc6d0c6,weapon,reviewed,,Lello,2026-04-22T09:22:10+00:00,5
img_00003530,images/img_00003530.jpg,02_deepfirearm,deepfirearm,00d2b12eeaa7c65530c3549113ada1c246575e07730ea602efe513d3cd8719e1,,pending,,,,5
img_00003531,images/img_00003531.jpg,02_deepfirearm,deepfirearm,2091c22af091a9045318fecdf3f1596e89b91d2c7d4a0e2e6c3d996758456cbb,,pending,,,,5
img_00003532,images/img_00003532.jpg,02_deepfirearm,deepfirearm,c1c91a71f4d4de9fda5caf9c8187b8dc3e44b5d4edec99aa78bf8701585c80cd,,pending,,,,5
img_00003533,images/img_00003533.jpg,02_deepfirearm,deepfirearm,a55c4a3e0a604f7e61b8ac842d60a5801617217329ba287a6f7ed2a9e81b18c7,,pending,,,,5
img_00003534,images/img_00003534.jpg,02_deepfirearm,deepfirearm,f398a36d3196286a8b67c89b447c8185eb2ab7e6c8aef2d501cc0c296388e83e,,pending,,,,5
img_00003535,images/img_00003535.jpg,02_deepfirearm,deepfirearm,ed1e3a8e1712004581b52b198a45b19318a7fc257ed231646550ad49b3cc2ce3,,pending,,,,5
img_00003536,images/img_00003536.jpg,02_deepfirearm,deepfirearm,0a352604117c9c999ef8cf63da70a3b79a3cdd6ebb3330c4210da622f7dcc1cf,,pending,,,,5
img_00003537,images/img_00003537.jpg,02_deepfirearm,deepfirearm,076e803e49bf574f68aa22bc3fffd8d40e624b55ce5c96677ca360747b62584b,,pending,,,,5
img_00003538,images/img_00003538.jpg,02_deepfirearm,deepfirearm,186019fe572b0ee9ca9cac08d8265487fea78d90ba406ca80220243f659675dd,,pending,,,,5
img_00003539,images/img_00003539.jpg,02_deepfirearm,deepfirearm,2dbba501a8ad06a7ced11a3726243fadf7e42c0baa0c6e1394bfff77e08cd3d6,,pending,,,,5
img_00003540,images/img_00003540.jpg,02_deepfirearm,deepfirearm,4ae76bf37e16618e11f9acf1c64387e3a76340d4dd8113f09128ef7628b980d0,,pending,,,,5
img_00003541,images/img_00003541.jpg,02_deepfirearm,deepfirearm,a92d7a798b3db206f528348ad9c50b9da70b41e5d95e559a6574d7d962b6fa34,,pending,,,,5
img_00003542,images/img_00003542.jpg,02_deepfirearm,deepfirearm,e29eea402c28cd705182d1482a723dfe94a3e11705b6e9e939165f8615781f4f,,pending,,,,5
img_00003543,images/img_00003543.jpg,02_deepfirearm,deepfirearm,36eed9e06dcc6e79c43ed4c380159b843483490979299bd0dba5e70c6b8eb2c0,,pending,,,,5
img_00003544,images/img_00003544.jpg,02_deepfirearm,deepfirearm,191bfb323c03f2c5c2a2ab77bd538641bcf7cd83b444a06f0f51a6aef4e9d274,,pending,,,,5
img_00003545,images/img_00003545.jpg,02_deepfirearm,deepfirearm,03d3cabc68b907011ecae7679c714fb3f85818e1aeba2e6a82cacedefdbaec78,,pending,,,,5
img_00003546,images/img_00003546.jpg,02_deepfirearm,deepfirearm,69dba989752d247c93eb5d7a3f2ea11ca2e6b7ec14769e1bc125f5d020fa94c2,,pending,,,,5
img_00003547,images/img_00003547.jpg,02_deepfirearm,deepfirearm,38b1342c87a641970708969134bfc57ed0f20bfbb17300f2f83f8d58ca409641,,pending,,,,5
img_00003548,images/img_00003548.jpg,02_deepfirearm,deepfirearm,3c61eef2f29954e056cf8548209690a257d098398f48c168d5a842e0efed79e6,,pending,,,,5
img_00003549,images/img_00003549.jpg,02_deepfirearm,deepfirearm,5d2bcdb54b8e767ed22dd9b75823f7969da5de39442690d6c7cbd9cf2c751f30,,pending,,,,5
img_00003550,images/img_00003550.jpg,02_deepfirearm,deepfirearm,c7b2c95a86d0ba5de1ac87db75e6eb59d9bac88140f68cc8cdfdcb1684b50df5,,pending,,,,5
img_00003551,images/img_00003551.jpg,02_deepfirearm,deepfirearm,8d360fa1d88557e5dae7d653050e70ac0568a417350b8608607fe785ab04222d,,pending,,,,5
img_00003552,images/img_00003552.jpg,02_deepfirearm,deepfirearm,1be9492a1cc53c4f566d2d47620fd88454cca6de5dc62cc9aa1c0471caee077e,,pending,,,,5
img_00003553,images/img_00003553.jpg,02_deepfirearm,deepfirearm,c99e581a3a88baf824df22166e05b2004fa1ee30eec9237c8f6068b207f3fed7,,pending,,,,5
img_00003554,images/img_00003554.jpg,02_deepfirearm,deepfirearm,ceef8867504e0d1ca8dfac4950c8140dceaf97f21f53fb1f3300547f8be5ed88,,pending,,,,5
img_00003555,images/img_00003555.jpg,02_deepfirearm,deepfirearm,5281d7e2fff962645b5b33f6d28625c4b0a72e2c25c303fd97c45dca4bb77e0f,,pending,,,,5
img_00003556,images/img_00003556.jpg,02_deepfirearm,deepfirearm,2c0577b50864f91f73ba7b24d883f69dca82c54a6e68644729ba917287cfcc17,,pending,,,,5
img_00003557,images/img_00003557.jpg,02_deepfirearm,deepfirearm,717fcd43b2a1ec2db01e3963b954130fdef2398943c5903be1df7ae282035d39,,pending,,,,5
img_00003558,images/img_00003558.jpg,02_deepfirearm,deepfirearm,31075d72833c226abbf44bbdd3a883a9665a64db773f02ec65bdb1a372fc44a8,,pending,,,,5
img_00003559,images/img_00003559.jpg,02_deepfirearm,deepfirearm,2602a0ece5bfb5485d386160a67db22723ade91162fe0b17b49d80bd0d279218,,pending,,,,5
img_00003560,images/img_00003560.jpg,02_deepfirearm,deepfirearm,795eeeacded8c56cc3adae433bcc826dec3822ccbfca23f25d8d080767c58a1c,,pending,,,,5
img_00003561,images/img_00003561.jpg,02_deepfirearm,deepfirearm,7b32319d8b0fe8eb4cc9f0a362cefb9fde175b8603f080294ded28445848fbef,,pending,,,,5
img_00003562,images/img_00003562.jpg,02_deepfirearm,deepfirearm,70fd36723eeffb4ea67a80c0c3ea2d426511ce7797d00d99f0a4de27e9049b9f,,pending,,,,5
img_00003563,images/img_00003563.jpg,02_deepfirearm,deepfirearm,819819344ebd5cc403347441dc83d3bba6d9f66ab0173c3bbde8a1a4f83bd220,,pending,,,,5
img_00003564,images/img_00003564.jpg,02_deepfirearm,deepfirearm,6947236c4d9cf5aba9141b89543ea2ac0a00e5a5f2460c94adf4c9e8551f2e00,,pending,,,,5
img_00003565,images/img_00003565.jpg,02_deepfirearm,deepfirearm,ef5999bc277ce62c26db009ee137db0e4648da5b509852a0ac3bfbf3934641a6,,pending,,,,5
img_00003566,images/img_00003566.jpg,02_deepfirearm,deepfirearm,ef2f31c2900afdcecc016457e7f7edd5a34990f9aef038465ef38505635545c4,,pending,,,,5
img_00003567,images/img_00003567.jpg,02_deepfirearm,deepfirearm,f103f2652e1ebef11c74618d6444ef61748c61d166b374d69a1b4683cb1e7034,,pending,,,,5
img_00003568,images/img_00003568.jpg,02_deepfirearm,deepfirearm,a4cf209ba677cf8be3353bd40c5fcbc245e36127824609a52fbc6361db713567,,pending,,,,5
img_00003569,images/img_00003569.jpg,02_deepfirearm,deepfirearm,7e042065c911c51b8000502a45af1700cf61bfeffca61369c031a19af274726a,,pending,,,,5
img_00003570,images/img_00003570.jpg,02_deepfirearm,deepfirearm,a446d8a2ba5bf84eb9f2d7dbc374d521e3db0cbc9d4c951440cb277aa7705ed9,,pending,,,,5
img_00003571,images/img_00003571.jpg,02_deepfirearm,deepfirearm,24ed84e8a3726085901faa5121d5ffe4521bd54c90f08954a30876cba1d62c6a,,pending,,,,5
img_00003572,images/img_00003572.jpg,02_deepfirearm,deepfirearm,c297b0444f7278405548d897875946cf11ca322d8dbe396e5e4b325b18321136,,pending,,,,5
img_00003573,images/img_00003573.jpg,02_deepfirearm,deepfirearm,eb58506ff184c53e860414d5d0fb712b2f2b0225491963274dd0bd31bf5bb0ab,,pending,,,,5
img_00003574,images/img_00003574.jpg,02_deepfirearm,deepfirearm,622d4d6b96c45ae146352185a58a1cb6f7b020daa75faa9603ddd816bc41e3e1,,pending,,,,5
img_00003575,images/img_00003575.jpg,02_deepfirearm,deepfirearm,b863b6899d4dc3cbf31db37f87d4829453a2fea6383344e0fe209e765e94c66a,,pending,,,,5
img_00003576,images/img_00003576.jpg,02_deepfirearm,deepfirearm,c356d7635df4edb464ae724ed3c58f043460c81463c41004d7779ab52f763c21,,pending,,,,5
img_00003577,images/img_00003577.jpg,02_deepfirearm,deepfirearm,3bb4bc2bd4b80f8656881ad26fb6df056caf7981dffd98b954bbba8bbe7adbd7,,pending,,,,5
img_00003578,images/img_00003578.jpg,02_deepfirearm,deepfirearm,3215938d5253a144d0adaeaff58ac8707079772a4487a436918e9d90d18aef63,,pending,,,,5
img_00003579,images/img_00003579.jpg,02_deepfirearm,deepfirearm,3f9005f225f212eb2e3ec34ea236a00fa1efa050c5956e60058dcb5caad14545,,pending,,,,5
img_00003580,images/img_00003580.jpg,02_deepfirearm,deepfirearm,08dc39708bb40a2afcbb3637e915683b5e7ecefb32cac671c915899a234c2615,,pending,,,,5
img_00003581,images/img_00003581.jpg,02_deepfirearm,deepfirearm,8d4a0f0c2cb734893ec8eb18ab1f19d99a91179587ea18a46452c648aa6418ee,,pending,,,,5
img_00003582,images/img_00003582.jpg,02_deepfirearm,deepfirearm,da9380cf5e5ea52d37a03e7d1382e81f17f1efceca4e2f529556d521195b3ab2,,pending,,,,5
img_00003583,images/img_00003583.jpg,02_deepfirearm,deepfirearm,f71aacb506d6e6ae4715e7a886f3a38089163b411544858ff3a20ee70f82d7b4,,pending,,,,5
img_00003584,images/img_00003584.jpg,02_deepfirearm,deepfirearm,58750b915e8bf8c010850cb0ce216fb361309c50002de4d26337abb127d79abc,,pending,,,,5
img_00003585,images/img_00003585.jpg,02_deepfirearm,deepfirearm,9d50f4fcabfd10e81a13d6fde6e758d5b9fabae113a7acdc1bdfe0178d3c9edd,,pending,,,,5
img_00003586,images/img_00003586.jpg,02_deepfirearm,deepfirearm,4ac3cd111e2ad68e69c0e447b86ffbd88bc70961e6430100c1637bbdf3a4c177,,pending,,,,5
img_00003587,images/img_00003587.jpg,02_deepfirearm,deepfirearm,a058cc56d64bc8b99e6a1aa0321bcd2fe7cb28d36db6b59884e75aad1f61a8cc,,pending,,,,5
img_00003588,images/img_00003588.jpg,02_deepfirearm,deepfirearm,4fa283473f7d773fe8dc67299fc593771b68a42228c5be1f163461b0a5afde1f,,pending,,,,5
img_00003589,images/img_00003589.jpg,02_deepfirearm,deepfirearm,661e3a9d6dae4180d763b7333effba3cb2d01b40cded77c148f93d6584b3598d,,pending,,,,5
img_00003590,images/img_00003590.jpg,02_deepfirearm,deepfirearm,8bb01d40ffc7939980527b8a005b9dfea0bd73a94794bdd4f3cbafcc270f4a31,,pending,,,,5
img_00003591,images/img_00003591.jpg,02_deepfirearm,deepfirearm,7cbd9bd6d40d9747feffceafd6dce1486ea157f59a6b0c69f01ba352d878bee9,,pending,,,,5
img_00003592,images/img_00003592.jpg,02_deepfirearm,deepfirearm,a1759240857cd629d6ac05c9ef7f943c7ccf0ad4655301667d5fcbb940ec0fa3,,pending,,,,5
img_00003593,images/img_00003593.jpg,02_deepfirearm,deepfirearm,fcca82e21b80492a27e80ecae787276f7fa88ddc935056ac539b29eda15f3233,,pending,,,,5
img_00003594,images/img_00003594.jpg,02_deepfirearm,deepfirearm,90bab423d4c359be346d2049bd031bdd6de0a0fb12bf180614baf1d3fa41356f,,pending,,,,5
img_00003595,images/img_00003595.jpg,02_deepfirearm,deepfirearm,80c1303f7b75e881de322801978ed7e6e5916bd85b44e03b91c170afb9e734e9,,pending,,,,5
img_00003596,images/img_00003596.jpg,02_deepfirearm,deepfirearm,5a5aae920a95089aa8230b2660fc7c1b3928bafbf50b7633eb4fc3d6e7708099,,pending,,,,5
img_00003597,images/img_00003597.jpg,02_deepfirearm,deepfirearm,d3d71213c253e60458115f702b06843a0b02ac2bcc6547172f6838a7da195ef2,,pending,,,,5
img_00003598,images/img_00003598.jpg,02_deepfirearm,deepfirearm,9531b3485f408a6913c1c100b63934920798b4c0ab55e0a34cedd638d6dcb35d,,pending,,,,5
img_00003599,images/img_00003599.jpg,02_deepfirearm,deepfirearm,e272e9c13528a918aa7889ba52a55ca66c8c11bbe90b520958140e1a543aa401,,pending,,,,5
img_00003600,images/img_00003600.jpg,02_deepfirearm,deepfirearm,ffa3182c744361544f3c3a0b0ef7dbb6947fc0123b1e568cf1b0d3394965f588,,pending,,,,5
img_00003601,images/img_00003601.jpg,02_deepfirearm,deepfirearm,436431743da71f1982b477e9d4735e00cf7f12bee0ae5f7d2d2c4b04b2c1d892,,pending,,,,5
img_00003602,images/img_00003602.jpg,02_deepfirearm,deepfirearm,807d891b6070d963a5123d379bb0670157ec34482eaba619c6f7864f7e4ddc19,,pending,,,,5
img_00003603,images/img_00003603.jpg,02_deepfirearm,deepfirearm,0185dcfbf83d7cdad6ce8db61445cdb4ca973699f787bf00d72b49ce92ae6c9d,,pending,,,,5
img_00003604,images/img_00003604.jpg,02_deepfirearm,deepfirearm,19213afc3276c9ac89488a35b15ebfd221862ab9892ae4d2f8c44d1751295efb,,pending,,,,5
img_00003605,images/img_00003605.jpg,02_deepfirearm,deepfirearm,933585ffbcc77fc1630674a5e8e05da6156885a427f3d078ae62fd53f0c00627,,pending,,,,5
img_00003606,images/img_00003606.jpg,02_deepfirearm,deepfirearm,affb0d0b8136ced42d64c0d1bc9c370a5f3398005c1771370f1235d8b035fe9a,,pending,,,,5
img_00003607,images/img_00003607.jpg,02_deepfirearm,deepfirearm,a6ae96439ce50082bb8601a74ac0edada1b70a700c5e85421c2add98cd6a7d36,,pending,,,,5
img_00003608,images/img_00003608.jpg,02_deepfirearm,deepfirearm,812d0e2d9e441e13d027cd83927fca38e6b89d9321d7e3ebd913e999a98c375d,,pending,,,,5
img_00003609,images/img_00003609.jpg,02_deepfirearm,deepfirearm,0ba77fcde9ac64e46af475376ed725fc91c00b7d59f323271b4262e23108bafc,,pending,,,,5
img_00003610,images/img_00003610.jpg,02_deepfirearm,deepfirearm,c187b1e656815e0d74b42d2e8300bbcae2fab3729ce25cdd6fd9867f1c03555f,,pending,,,,5
img_00003611,images/img_00003611.jpg,02_deepfirearm,deepfirearm,073161d964e49333b1aea24c9ed8676a36bc4af176ac874958db6b1dc9e2ba9c,,pending,,,,5
img_00003612,images/img_00003612.jpg,02_deepfirearm,deepfirearm,70dd7406da2bc4934a4f293a5c51af039ee50bf6ef3497bd6e7c7c734f831024,,pending,,,,5
img_00003613,images/img_00003613.jpg,02_deepfirearm,deepfirearm,86cf8acdb6b97c80175237d1963bb3c857f411096f9580007ca4eb7b4cec937e,,pending,,,,5
img_00003614,images/img_00003614.jpg,02_deepfirearm,deepfirearm,9cf262d82bb5b57e6a8f1ce8d9eee1fa92ea6904a67908272f652258cdd06acf,,pending,,,,5
img_00003615,images/img_00003615.jpg,02_deepfirearm,deepfirearm,535b7764248f91aaa2a3088501d143c7589fe35651b3b518d1cfcc81a25fe41a,,pending,,,,5
img_00003616,images/img_00003616.jpg,02_deepfirearm,deepfirearm,004a0fa137314e77b463a1e72a7a4b8e559bb715d386d802d9f909104c3b1c99,,pending,,,,5
img_00003617,images/img_00003617.jpg,02_deepfirearm,deepfirearm,6bf11bef8726519eb9e5034f576eba510f0fd529150a782b142f3d776a77d8ee,,pending,,,,5
img_00003618,images/img_00003618.jpg,02_deepfirearm,deepfirearm,d549653d3d1fe002619b01321b592f26c4008dd4c391894bbaafe1542b936284,,pending,,,,5
img_00003619,images/img_00003619.jpg,02_deepfirearm,deepfirearm,5cce6dddad54887d38c0d1c05716840624b5508ca42891c247ba878691706e52,,pending,,,,5
img_00003620,images/img_00003620.jpg,02_deepfirearm,deepfirearm,cee4d681518e36a7ecb7f35f4ac0f6bd2c7666a810fe492eb827ce956b2da0e4,,pending,,,,5
img_00003621,images/img_00003621.jpg,02_deepfirearm,deepfirearm,b51b76169e16010c935b71bb5863bb23086ba3caaa6cb586ed743a8205d69c6c,,pending,,,,5
img_00003622,images/img_00003622.jpg,02_deepfirearm,deepfirearm,ab590e4532aacc6eaa1e205ab5326f27a54563117fc38de04e5cfe5c360772dd,,pending,,,,5
img_00003623,images/img_00003623.jpg,02_deepfirearm,deepfirearm,caa0017c6846b1bdd5546e473ecf3c3c26f66ed8d0cf9e40b5b096f700e6d406,,pending,,,,5
img_00003624,images/img_00003624.jpg,02_deepfirearm,deepfirearm,97588c8938831e83c67942976c0105234b3a0d87291e36763f9c86d8875bdd94,,pending,,,,5
img_00003625,images/img_00003625.jpg,02_deepfirearm,deepfirearm,21bdd99e3eb73f048208517e28217025f6a4d4a261bc813f4f026e8c58d28fdf,,pending,,,,5
img_00003626,images/img_00003626.jpg,02_deepfirearm,deepfirearm,086c277dd08d6c890ff3ff437e298986c7c460d12e84a32b753747c571450e2f,,pending,,,,5
img_00003627,images/img_00003627.jpg,02_deepfirearm,deepfirearm,22e92091e4cb821a75621ea6d8d45e52d36e05f1c751604208d19a33444c33d0,,pending,,,,5
img_00003628,images/img_00003628.jpg,02_deepfirearm,deepfirearm,ef301919037e162d0763338f03702c726826d97fb076742b2ceb360e49507475,,pending,,,,5
img_00003629,images/img_00003629.jpg,02_deepfirearm,deepfirearm,caddf299f426516dd28951ba192e3569d490990abb8ea54246ca91bdca7b9db6,,pending,,,,5
img_00003630,images/img_00003630.jpg,02_deepfirearm,deepfirearm,e8771e2d6de21cd947498c1778683bd447bc04139fd73e631dc447f54eff3fb7,,pending,,,,5
img_00003631,images/img_00003631.jpg,02_deepfirearm,deepfirearm,5021e88ccb8080ee3e0d2823b6daacf67363b8e5ccd20eb8c306413136179822,,pending,,,,5
img_00003632,images/img_00003632.jpg,02_deepfirearm,deepfirearm,5a8d05fb195b4dd136499f06ee98ec654a7362dd51839e2f40cb87ec8bbc076e,,pending,,,,5
img_00003633,images/img_00003633.jpg,02_deepfirearm,deepfirearm,491faf8cb898392d183a6b4853965d8566320c8ffcac0f820c9abbd9baf7c3a4,,pending,,,,5
img_00003634,images/img_00003634.jpg,02_deepfirearm,deepfirearm,1f61a2610673192be2d5ef0ba908e9b0a1404b68eb6b4e54a14ae99f32d9d3ec,,pending,,,,5
img_00003635,images/img_00003635.jpg,02_deepfirearm,deepfirearm,328a20d4c0ce2c36fc5eb9bc5ed2e01377aac7b004db20ef735e15402ab1e82e,,pending,,,,5
img_00003636,images/img_00003636.jpg,02_deepfirearm,deepfirearm,027a18a3e119401520f55160bde89ca3d624f88e3de446e59c136e63c3129921,,pending,,,,5
img_00003637,images/img_00003637.jpg,02_deepfirearm,deepfirearm,4e0c47441edb78a3214cfc2584242503a400fc22a05fc915aa1fe257832457cf,,pending,,,,5
img_00003638,images/img_00003638.jpg,02_deepfirearm,deepfirearm,2d38ad2ebdc04437b8d17b6f1a5b12ec50675acd37e1be5cded043c03ae45a1d,,pending,,,,5
img_00003639,images/img_00003639.jpg,02_deepfirearm,deepfirearm,f2047541f14387efb8232f5a6da14f6a19cd39dda2f34a126eb69bf4a777f354,,pending,,,,5
img_00003640,images/img_00003640.jpg,02_deepfirearm,deepfirearm,bc2bbfcc2f656d13e15e7281b9823367c581b68c926382e8c5a3e368e7dd0501,,pending,,,,5
img_00003641,images/img_00003641.jpg,02_deepfirearm,deepfirearm,4d984b3c65db672cadf90741c99238f09e859ba24b835ba21a4e46138b6ee18c,,pending,,,,5
img_00003642,images/img_00003642.jpg,02_deepfirearm,deepfirearm,656c82052e56569e84dd28a85ffb51cd661a44a95f1019fc03c7dc9cf95982bc,,pending,,,,5
img_00003643,images/img_00003643.jpg,02_deepfirearm,deepfirearm,9ae3a04c70852d62fb54d61b03d5deb4e7247a779ca14363b5b80a76ddca3ddf,,pending,,,,5
img_00003644,images/img_00003644.jpg,02_deepfirearm,deepfirearm,4e81aeed469e6b29312c0e7e3afed1c2418d4ff18d640e07e1ec3177c5c1ec3d,,pending,,,,5
img_00003645,images/img_00003645.jpg,02_deepfirearm,deepfirearm,49687fa53298991691b204747b3572976184afc92bcf03ce8750dda086021947,,pending,,,,5
img_00003646,images/img_00003646.jpg,02_deepfirearm,deepfirearm,c8b95c6c141dcd603bfb40415bc759c938ab1664016e15995321b7f542321433,,pending,,,,5
img_00003647,images/img_00003647.jpg,02_deepfirearm,deepfirearm,0f37d155a561b881eb21b965bf7b4d24163b352e2afec8f5657b70c489dd2bb0,,pending,,,,5
img_00003648,images/img_00003648.jpg,02_deepfirearm,deepfirearm,7ef9cd5106c30729f8776816eeb069b40895402006840f3b681bcaafa0ddfbca,,pending,,,,5
img_00003649,images/img_00003649.jpg,02_deepfirearm,deepfirearm,d0206b37bc50644db47c18ba6f73a0f1c4242ef1c728516974aa611c73006d23,,pending,,,,5
img_00003650,images/img_00003650.jpg,02_deepfirearm,deepfirearm,e92649ade19fa30038fee53b74a1e7901ed079e45a60f46d6cdeb20b71e1cbbf,,pending,,,,5
img_00003651,images/img_00003651.jpg,02_deepfirearm,deepfirearm,c948abe56a87878c1e0d6dbdfe8a7fce40b4cae50eab4d39416f1eac40bac792,,pending,,,,5
img_00003652,images/img_00003652.jpg,02_deepfirearm,deepfirearm,12c8b9d2524d054c0b8640d737cc1f0cf5f4058381126698c4e9a9259396de61,,pending,,,,5
img_00003653,images/img_00003653.jpg,02_deepfirearm,deepfirearm,d647fb0cb7ab7e9d2c3957a5680b6353e4ffcf0665887d33fc4160b3758107bf,,pending,,,,5
img_00003654,images/img_00003654.jpg,02_deepfirearm,deepfirearm,98c8d572d40a2378d3c1edb8e1d1677e18f263b91a1a589ea3b345452726c40d,,pending,,,,5
img_00003655,images/img_00003655.jpg,02_deepfirearm,deepfirearm,b2bd2fbc1b23691b0a7e53ae64e57c390d736c3b30a1456e337e11074b252b5f,,pending,,,,5
img_00003656,images/img_00003656.jpg,02_deepfirearm,deepfirearm,d2953baf32f1c54f21dbc46a9f1d9ec68100d5ea075d84050d9c936607e3fd2d,,pending,,,,5
img_00003657,images/img_00003657.jpg,02_deepfirearm,deepfirearm,311af30a46ebdc29eb95a2373b751b1e2632be883ff9fe6e57be22c4cf774852,,pending,,,,5
img_00003658,images/img_00003658.jpg,02_deepfirearm,deepfirearm,1a097670cb41e61f02529d2ed5140557cd1f75d08f1339d9bde4e28739c0e44b,,pending,,,,5
img_00003659,images/img_00003659.jpg,02_deepfirearm,deepfirearm,f7ab1d8e13b1fe8832bba3ecf450d0c516469d7df287cd40861545fcde7c843f,,pending,,,,5
img_00003660,images/img_00003660.jpg,02_deepfirearm,deepfirearm,7f5fdcbd3ef8465165f35ed1701fb3e918a2df0264d372d5d55eb51ad97b5f2c,,pending,,,,5
img_00003661,images/img_00003661.jpg,02_deepfirearm,deepfirearm,83caeeef6b68b98b94ec2004a4880a485934555006321b00c791ba05e29ead83,,pending,,,,5
img_00003662,images/img_00003662.jpg,02_deepfirearm,deepfirearm,8fd916ab3208d4e0fdadc45789b7f6322a94755bd0d9e3f0db0ea8d89a8722a0,,pending,,,,5
img_00003663,images/img_00003663.jpg,02_deepfirearm,deepfirearm,c0aea3d0f281359c862ce44eac6f406820e7fe68d17d2adb5ceb68a97253892e,,pending,,,,5
img_00003664,images/img_00003664.jpg,02_deepfirearm,deepfirearm,0d00ee1f41c3251ee921622ad23ff8e92c5fb65155f8808de84954544138376b,,pending,,,,5
img_00003665,images/img_00003665.jpg,02_deepfirearm,deepfirearm,e4d59e7fba5be4e1705b61c47d49c8cd9e08daca9199fe8c9e2cb4d0ec617590,,pending,,,,5
img_00003666,images/img_00003666.jpg,02_deepfirearm,deepfirearm,6062c5f11abab734bf5fd93444e636125889025000c79cee4ce5afa372bfa761,,pending,,,,5
img_00003667,images/img_00003667.jpg,02_deepfirearm,deepfirearm,56bee8b8b271d4bee62b9ba973105f1085e7722e2cdb7611775db29c585cb65b,,pending,,,,5
img_00003668,images/img_00003668.jpg,02_deepfirearm,deepfirearm,6e7e769634e549313cd42d0b1386f6630be993b0e6399e90dc913e444fd645c6,,pending,,,,5
img_00003669,images/img_00003669.jpg,02_deepfirearm,deepfirearm,794a22923a22611a0ed7ca7587045ab7dec4ed4464a9314ad764b7c9a60a3baa,,pending,,,,5
img_00003670,images/img_00003670.jpg,02_deepfirearm,deepfirearm,848ce82f91a58eec413fa6f2e84415d44396c31f55c9d8d40894e48117bbdcb9,,pending,,,,5
img_00003671,images/img_00003671.jpg,02_deepfirearm,deepfirearm,8c4c7b962523512cec80f184b8eeab3d2b56e57da6131841061c8d3660299708,,pending,,,,5
img_00003672,images/img_00003672.jpg,02_deepfirearm,deepfirearm,39fcd92df2d8b6a53dd38826dad7a22fd602eb34d2a47f8589028ae7ad18a628,,pending,,,,5
img_00003673,images/img_00003673.jpg,02_deepfirearm,deepfirearm,09fc89b50d4a53d56c2381a5b83f43137db1b02f5dea169fbb968cf2d6d0442a,,pending,,,,5
img_00003674,images/img_00003674.jpg,02_deepfirearm,deepfirearm,e5836083627635b3ef0a6e56ba1bcdf3fc53c59afe1bd03fbc1fe7d20d617d7c,,pending,,,,5
img_00003675,images/img_00003675.jpg,02_deepfirearm,deepfirearm,4fe01aabdf55a22581fbbcd8d984ccf5bd78d534b178422b343001546d2fe4be,,pending,,,,5
img_00003676,images/img_00003676.jpg,02_deepfirearm,deepfirearm,57a9325d35909ca7db6828098e13c0aeec6246fb2dc1acd77f94462260af89aa,,pending,,,,5
img_00003677,images/img_00003677.jpg,02_deepfirearm,deepfirearm,351319d20147d257ee7d1a9badf90ac25781c641e7468a1f2b21fbe0cb9f7a41,,pending,,,,5
img_00003678,images/img_00003678.jpg,02_deepfirearm,deepfirearm,d91769f709eee3c7ba1f8b022f0ab04c9256b125c93da9b458837e1c0237f179,,pending,,,,5
img_00003679,images/img_00003679.jpg,02_deepfirearm,deepfirearm,b4a8f028dbd8291dc30e5cb79e09ef59a5532265e67caf1b66990869da0542ab,,pending,,,,5
img_00003680,images/img_00003680.jpg,02_deepfirearm,deepfirearm,52e167ad0f81801574749a436c6f6917b2f734fe9fbdff5f62783c5e39d1f611,,pending,,,,5
img_00003681,images/img_00003681.jpg,02_deepfirearm,deepfirearm,d6a10e8bd44fa05791555eb67a9b46a5bb69083e6df501f773226ecd425c7b61,,pending,,,,5
img_00003682,images/img_00003682.jpg,02_deepfirearm,deepfirearm,08b768ec97e0a699cb96a226e912208fa10b93e76c261780ab699ae5c221e024,,pending,,,,5
img_00003683,images/img_00003683.jpg,02_deepfirearm,deepfirearm,fa00fcc5f2ef612139cf9b8567fb7fbe35a48eb41e8f3a70949a2701afe3dc09,,pending,,,,5
img_00003684,images/img_00003684.jpg,02_deepfirearm,deepfirearm,80b3900c1779a9bf8b2b88e863863e8ce9ab4e090d2fc6a44c2340ae1a07598a,,pending,,,,5
img_00003685,images/img_00003685.jpg,02_deepfirearm,deepfirearm,585df56f173348fe58861dbb5e8f788574d89fee2210ff047fdc5aef5d0cc3db,,pending,,,,5
img_00003686,images/img_00003686.jpg,02_deepfirearm,deepfirearm,e06ec5234a0ad7b3674034c39e2e5667ce607761eed1d271dfad8399eae9cfb7,,pending,,,,5
img_00003687,images/img_00003687.jpg,02_deepfirearm,deepfirearm,21c23dfb2b36c327e35889e34360b3b1fe6dd83b61a0917c0b072680b6890975,,pending,,,,5
img_00003688,images/img_00003688.jpg,02_deepfirearm,deepfirearm,b16759f71c67e0749da7802bd0b73b1f1d511845652124a138508d2478688eef,,pending,,,,5
img_00003689,images/img_00003689.jpg,02_deepfirearm,deepfirearm,01e7fd1ffcbac8e6c346943404ca3fec9fa2ad2d874f9c331df51c91bf85f54f,,pending,,,,5
img_00003690,images/img_00003690.jpg,02_deepfirearm,deepfirearm,63a92eb6e197b533ccd40098deab09d9ebbdaffefe2e86796bceef0705142869,,pending,,,,5
img_00003691,images/img_00003691.jpg,02_deepfirearm,deepfirearm,e7c4e086cb5ebfdbd2ee82c704a47a118f56d624331b63bd525ab8654b4559b3,,pending,,,,5
img_00003692,images/img_00003692.jpg,02_deepfirearm,deepfirearm,3b27d4501e9fea0f9703f6f6da451b64ea82a1add607d2081283b9b9178c8c7f,,pending,,,,5
img_00003693,images/img_00003693.jpg,02_deepfirearm,deepfirearm,176cc1fd46bb9224f354ed026f6d1631ea8f1b6bbaeccdc5e3de758a6b7f2b45,,pending,,,,5
img_00003694,images/img_00003694.jpg,02_deepfirearm,deepfirearm,283d396000fa290fc9d9bdcfe94754127b5184fa4573135d465a0db699bfede3,,pending,,,,5
img_00003695,images/img_00003695.jpg,02_deepfirearm,deepfirearm,5581840df70adff9f2643cb38ab72e4b93c9d1a45cc0255f4cf0ec2b6d8f32cb,,pending,,,,5
img_00003696,images/img_00003696.jpg,02_deepfirearm,deepfirearm,8c086bb258e8462d99a65f4d1ec3503205acd85751c92a18a4aabb9b9caa4e22,,pending,,,,5
img_00003697,images/img_00003697.jpg,02_deepfirearm,deepfirearm,90fb2ed70df83ab3e0014ab193906af0b112d27858bd19dc34656fb2403b1143,,pending,,,,5
img_00003698,images/img_00003698.jpg,02_deepfirearm,deepfirearm,2a895869b8376e237afa4d889ed10ccc4fbf75348a9a8399fb864f947f8ffe34,,pending,,,,5
img_00003699,images/img_00003699.jpg,02_deepfirearm,deepfirearm,fe2d82ecaabf7117eff28f020fec7a7c7bcf5804861b8894b9d00c54ecaf610d,,pending,,,,5
img_00003700,images/img_00003700.jpg,02_deepfirearm,deepfirearm,cf28344c0b4d5852a7fbb35e1ef0160215d454dad363a7ca072e3810926d100e,,pending,,,,5
img_00003701,images/img_00003701.jpg,02_deepfirearm,deepfirearm,60f1880ee9612c4ddacfd995d7a6cb2194d44994697a3eb9d8b4a87f90db2d07,,pending,,,,5
img_00003702,images/img_00003702.jpg,02_deepfirearm,deepfirearm,91bcd3976c3bb62e25cf81950a83ab9491c084c4d93d02f507de0dd664de4ff0,,pending,,,,5
img_00003703,images/img_00003703.jpg,02_deepfirearm,deepfirearm,1e98e43a68855ace4ea2023f1299db0a81f6f4b2b56b242532a647e96b6cf3eb,,pending,,,,5
img_00003704,images/img_00003704.jpg,02_deepfirearm,deepfirearm,d0550587610b080a4206a65627e269556b4ae2ed6e8cbf19f1a1bc83988242d7,,pending,,,,5
img_00003705,images/img_00003705.jpg,02_deepfirearm,deepfirearm,540f75dda3cb6a9a1af96940ac64547a764ac0eb7b8637f057c939598afb0f76,,pending,,,,5
img_00003706,images/img_00003706.jpg,02_deepfirearm,deepfirearm,8031df0a47982b89eb0c017ec94175543b034db560fc3dbbd18e3c7d365ed7d1,,pending,,,,5
img_00003707,images/img_00003707.jpg,02_deepfirearm,deepfirearm,31f72ca48ef39b04461539a911868573c4ccebd3788788dd34bfb34d9837c0f7,,pending,,,,5
img_00003708,images/img_00003708.jpg,02_deepfirearm,deepfirearm,53623f0303fa2728f17db48f690c2cbf5b6fc23437b7762b70d9f803bd81e5df,,pending,,,,5
img_00003709,images/img_00003709.jpg,02_deepfirearm,deepfirearm,26cb30b6d93b6520eb14ec64031c546a8eb1fe303038ab8b5dff6c83f9504dcf,,pending,,,,5
img_00003710,images/img_00003710.jpg,02_deepfirearm,deepfirearm,eba00b95c467c77b1ef0eeea97b6b54f17b8d6993b94a447af62ca793ccb7d8f,,pending,,,,5
img_00003711,images/img_00003711.jpg,02_deepfirearm,deepfirearm,080fac45973ea66243940fdf77c1c625ff48f2ab9845e22bccf7ea4845119e66,,pending,,,,5
img_00003712,images/img_00003712.jpg,02_deepfirearm,deepfirearm,c1f36f4279a1c54630b0ef8017971acd8825d43cdc371694b690985c88f73fde,,pending,,,,5
img_00003713,images/img_00003713.jpg,02_deepfirearm,deepfirearm,dfedad76854aa546a9437a1b8f74e5e218e58a671891413e50ff82a3939c7a5e,,pending,,,,5
img_00003714,images/img_00003714.jpg,02_deepfirearm,deepfirearm,28c6329ab6e287f43d641d32822febf371296df01a3c050584613eb4a19beed9,,pending,,,,5
img_00003715,images/img_00003715.jpg,02_deepfirearm,deepfirearm,b1ee254be066c971be84fa3dce733736b6abc87f536b6db9d12efb5b582b6a74,,pending,,,,5
img_00003716,images/img_00003716.jpg,02_deepfirearm,deepfirearm,b6857f1ff58badff06937e95558bbf0c20910ec66bff9efc20d0675d29f36c13,,pending,,,,5
img_00003717,images/img_00003717.jpg,02_deepfirearm,deepfirearm,5990571f93fe3cce6fc44f16f4e6a38cf42bde1a92880cf0e406c0814242d6ed,,pending,,,,5
img_00003718,images/img_00003718.jpg,02_deepfirearm,deepfirearm,bfaba844a97a88cb7d5531be203da120399572267fb8653b8d6f2730e3007473,,pending,,,,5
img_00003719,images/img_00003719.jpg,02_deepfirearm,deepfirearm,2a8c44c4afdc552e6c25aa57ca3c4039689f3c7e066ae03d11d1b187bd42003f,,pending,,,,5
img_00003720,images/img_00003720.jpg,02_deepfirearm,deepfirearm,dde88e3774079c074dae5da306a90078082bea22126fb1ef450ebaea13f7a93d,,pending,,,,5
img_00003721,images/img_00003721.jpg,02_deepfirearm,deepfirearm,53067b74a343ea5e3feb7655a04c887d885c171d4fad6a252bb409b34e5825a8,,pending,,,,5
img_00003722,images/img_00003722.jpg,02_deepfirearm,deepfirearm,8c1b3762eb6f8183ee4b3ba73a392200dfad22853eea4ecfe9e209a878e8cc89,,pending,,,,5
img_00003723,images/img_00003723.jpg,02_deepfirearm,deepfirearm,e34be372bd9c92b386dbe4b39f063d5a37695842aaa53fe693d42a02fc3d9437,,pending,,,,5
img_00003724,images/img_00003724.jpg,02_deepfirearm,deepfirearm,786f81bb1f052e3553ffbead5d7c86ce22806ca33d0912a1c2ea90664d91c133,,pending,,,,5
img_00003725,images/img_00003725.jpg,02_deepfirearm,deepfirearm,b6f775cafba4bfd6ee1aca79aa5b01edf147550037cc192481d0703a3665bd02,,pending,,,,5
img_00003726,images/img_00003726.jpg,02_deepfirearm,deepfirearm,e9bd6be82e14a3dc840abfce9778a3709caa6d7067ededfdb5736553a9dd124d,,pending,,,,5
img_00003727,images/img_00003727.jpg,02_deepfirearm,deepfirearm,2aef65d5210983e2164caf42ccc67ea33c145ed7f24b766a002b7380ae4945a4,,pending,,,,5
img_00003728,images/img_00003728.jpg,02_deepfirearm,deepfirearm,a139aa1b617c23ba034e4f8d95e33956c6101857271f7d5b1da78156036d4283,,pending,,,,5
img_00003729,images/img_00003729.jpg,02_deepfirearm,deepfirearm,0b10f43f4c4a8894a0aad5b313085bb3b869c54b507357867f9419464fba9ea8,,pending,,,,5
img_00003730,images/img_00003730.jpg,02_deepfirearm,deepfirearm,f2b1ab9e21bed40eaf2bab86b7541df2def0c5a2e30f1b7e6a8ead158067813d,,pending,,,,5
img_00003731,images/img_00003731.jpg,02_deepfirearm,deepfirearm,52933dc07dc5d99dca24249c37f1c6641ecdf7e182f574748992de33fd0f8c4f,,pending,,,,5
img_00003732,images/img_00003732.jpg,02_deepfirearm,deepfirearm,ac0043eb32c9a6100f465bf1c0efcbbc4e0b83747b975b64226e853272ce0b94,,pending,,,,5
img_00003733,images/img_00003733.jpg,02_deepfirearm,deepfirearm,dda58157a7395b012a0397442a8881a4ba35665f13cf90ef6ea136cc52602624,,pending,,,,5
img_00003734,images/img_00003734.jpg,02_deepfirearm,deepfirearm,4866e02de483945d1f1f33ea94362c081aae493dc4b504c60c0e7c3e614a6811,,pending,,,,5
img_00003735,images/img_00003735.jpg,02_deepfirearm,deepfirearm,2319be979c1481e6e3bb6bd69fafafa49faf017844508af4b74740b07a4b7547,,pending,,,,5
img_00003736,images/img_00003736.jpg,02_deepfirearm,deepfirearm,27dce662587ef358d526f97f8f5d22cee50f1e0b623af6cd224ad40447d6c29f,,pending,,,,5
img_00003737,images/img_00003737.jpg,02_deepfirearm,deepfirearm,74a8084da6526c9c25778931f0d741a781d817e318e9e830222a41a0c2956f9a,,pending,,,,5
img_00003738,images/img_00003738.jpg,02_deepfirearm,deepfirearm,8b1ff3f6358e4cd5b0d0a054ce8a5c59d90abe8b8f4e1feea20929b836ecd4d1,,pending,,,,5
img_00003739,images/img_00003739.jpg,02_deepfirearm,deepfirearm,c5988b4213c743ab7d52965206f90a13d843ca67fc40d7a5f564b7d6e263ce59,,pending,,,,5
img_00003740,images/img_00003740.jpg,02_deepfirearm,deepfirearm,f988ebd908e4f67c4f6eced8993f69ebc0a407f8a6954640d871f9445d11d006,,pending,,,,5
img_00003741,images/img_00003741.jpg,02_deepfirearm,deepfirearm,3cca7d3826d177377cdfbe231d240508e0cdeb50d5f4222dca35053aaa10a523,,pending,,,,5
img_00003742,images/img_00003742.jpg,02_deepfirearm,deepfirearm,3e517fb5919fd615bb7dd37db589e48bfba312bc3855fd2452b0e346cecb1971,,pending,,,,5
img_00003743,images/img_00003743.jpg,02_deepfirearm,deepfirearm,89696bfc0d96a601253ead18335357d8419a6e13c3ce1302b35434df24dc72d2,,pending,,,,5
img_00003744,images/img_00003744.jpg,02_deepfirearm,deepfirearm,6d0512c3f77fb2e87e962d7737cf5feaecfa02ac52b0d1103182368ad98dc259,,pending,,,,5
img_00003745,images/img_00003745.jpg,02_deepfirearm,deepfirearm,1ad77eaff21e654c2488c43c892f402996b77fc00f435ac0f13eefe0284faef2,,pending,,,,5
img_00003746,images/img_00003746.jpg,02_deepfirearm,deepfirearm,424db3e511da7da6664f098e8e026ebce118b4178d44294dcfd206bc9e1ddffb,,pending,,,,5
img_00003747,images/img_00003747.jpg,02_deepfirearm,deepfirearm,4fba1831b7a529caa110ec1c32cbaa4481331cb225bee040aecca119059b8344,,pending,,,,5
img_00003748,images/img_00003748.jpg,02_deepfirearm,deepfirearm,2de57e8a6f18cf1309b3fda4d8934174c00e2c053fd8b5a87cee7ddfdb390b0e,,pending,,,,5
img_00003749,images/img_00003749.jpg,02_deepfirearm,deepfirearm,6680a8ae0e881de6084b754e02f73a1639b11d39eeea559c927595f117c492ef,,pending,,,,5
img_00003750,images/img_00003750.jpg,02_deepfirearm,deepfirearm,a949dc0e879c137399f042d3720592410ca20d4176931e7d0fb465765b256db5,,pending,,,,5
img_00003751,images/img_00003751.jpg,02_deepfirearm,deepfirearm,257130582eedd36a618eda4feccedfea1d2375c9b269a1b44e1f7d5ff713b8c2,,pending,,,,5
img_00003752,images/img_00003752.jpg,02_deepfirearm,deepfirearm,ebc2ac2a12c927e7c9ebd2273324bea243a99156935744e08041ebfb8b89412d,,pending,,,,5
img_00003753,images/img_00003753.jpg,02_deepfirearm,deepfirearm,e0fd0ec04e3d87f7d663f4af3abcc2e166c20713059b0d4f929e38e4cf2f1561,,pending,,,,5
img_00003754,images/img_00003754.jpg,02_deepfirearm,deepfirearm,a6b298622beb70fac65581ce5d02637a579f9864924c92407cb0666c74492507,,pending,,,,5
img_00003755,images/img_00003755.jpg,02_deepfirearm,deepfirearm,85361f39704761e37665a4a023535dc809956192d619eeb1e3ab831a45de79d7,,pending,,,,5
img_00003756,images/img_00003756.jpg,02_deepfirearm,deepfirearm,6a3d7b63b1cc3f8b12d0223d5c96d28e2260193fdfcffb5ec5a793645f7e2b6d,,pending,,,,5
img_00003757,images/img_00003757.jpg,02_deepfirearm,deepfirearm,a13a7754f84ef06117bb912dc77fdc37f1b42dd6e37fd530ada2f6e432b6d772,,pending,,,,5
img_00003758,images/img_00003758.jpg,02_deepfirearm,deepfirearm,f0e2b505622109660166fb38a02501d7bc72f4d047ca48fe8815da9fe6652564,,pending,,,,5
img_00003759,images/img_00003759.jpg,02_deepfirearm,deepfirearm,48512cbce6a13a46229a8f7b6bf204aa20d06a4a593432f83519bd811456bde1,,pending,,,,5
img_00003760,images/img_00003760.jpg,02_deepfirearm,deepfirearm,d33bcb3085e1f4fe17f4300152fdd86224a5d8d8fe7b5197e1398d9b439901e3,,pending,,,,5
img_00003761,images/img_00003761.jpg,02_deepfirearm,deepfirearm,0133103758a58479538278c8956e99116ac7a1996c3d6a695ec8787ff250f8c4,,pending,,,,5
img_00003762,images/img_00003762.jpg,02_deepfirearm,deepfirearm,93e9dbdb6de2312a6348450ba103b33cff5c3a49ce5a0eb04109fff2d7e7a0ef,,pending,,,,5
img_00003763,images/img_00003763.jpg,02_deepfirearm,deepfirearm,97fe87169c91b3c6c6db89fef7f01c8514fc315a7c75ec85331a97e079231660,,pending,,,,5
img_00003764,images/img_00003764.jpg,02_deepfirearm,deepfirearm,fba6d747e4b827f8f1cd9fee7a6b20c68b7ab52061e4d7e4454cd4dbe9fe28f6,,pending,,,,5
img_00003765,images/img_00003765.jpg,02_deepfirearm,deepfirearm,adc2505a9686cfa7882df3f23af010440375dfb2dfe25ac7a9d2e6105f4c3678,,pending,,,,5
img_00003766,images/img_00003766.jpg,02_deepfirearm,deepfirearm,e12636e1c13ee48b11344857936ff8300787ee6acf0e41f9c284f2d3435dfb06,,pending,,,,5
img_00003767,images/img_00003767.jpg,02_deepfirearm,deepfirearm,7f31cdc82a3ee45d30a1a848cfc1914f3893d45e781af92ba85da55025167330,,pending,,,,5
img_00003768,images/img_00003768.jpg,02_deepfirearm,deepfirearm,bb7864b6152bfebef3b1106c2589e13a84d2bde72fbf86ddf1803e2679d64c6c,,pending,,,,5
img_00003769,images/img_00003769.jpg,02_deepfirearm,deepfirearm,48a3448fc676b1dc5c8ebecaed97a3e6ffdddfebb3e78b6a8360840d0c5806a6,,pending,,,,5
img_00003770,images/img_00003770.jpg,02_deepfirearm,deepfirearm,5cf46fa72cde7749450cdc0a4bcf5fff7423cba533a540f43018ca6cebef66a2,,pending,,,,5
img_00003771,images/img_00003771.jpg,02_deepfirearm,deepfirearm,3b507e9fb4c36d4e52d0182c4b3084384cd6fe8a0349caecb17c2aba0bf9f397,,pending,,,,5
img_00003772,images/img_00003772.jpg,02_deepfirearm,deepfirearm,aebdde8b185817fc86371a41ec5be7263eb4f4d81f52847e7bcf984c046499ff,,pending,,,,5
img_00003773,images/img_00003773.jpg,02_deepfirearm,deepfirearm,e51a05812864027ac59493894348cf11aa297b2119882a6d99a652f2307d8b03,,pending,,,,5
img_00003774,images/img_00003774.jpg,02_deepfirearm,deepfirearm,17f951259c038afa7c3b242b7f21d37ad1e422eabb56577a77b315fe115f0365,,pending,,,,5
img_00003775,images/img_00003775.jpg,02_deepfirearm,deepfirearm,269c2c446833a8e38f3f229c1f9280ccdc6d15bcc6ae5c541f21a7ec892f923b,,pending,,,,5
img_00003776,images/img_00003776.jpg,02_deepfirearm,deepfirearm,4f9148ad158388982c6ba4451af691f513823f9ad949f32019cc3a0500889ad8,,pending,,,,5
img_00003777,images/img_00003777.jpg,02_deepfirearm,deepfirearm,45371b11dea803ac72f6d28f14e2b0f6abe03ef0e6d2765601ea7db77a941f69,,pending,,,,5
img_00003778,images/img_00003778.jpg,02_deepfirearm,deepfirearm,26303d8a84e84556c43464d3f9d019a79b7b955f179f23f472b2b844052fc40b,,pending,,,,5
img_00003779,images/img_00003779.jpg,02_deepfirearm,deepfirearm,523177606ba5ce7fb77665e2b8b0dba424529201e65e6da9ddbe640f9ca2f954,,pending,,,,5
img_00003780,images/img_00003780.jpg,02_deepfirearm,deepfirearm,6d1b85c2529e7b5af5270c54b3bd1fdb6ff6c0b58746efdf2c2693e3524ae6fe,,pending,,,,5
img_00003781,images/img_00003781.jpg,02_deepfirearm,deepfirearm,f1234846a208722e8742cfdbd8bbf33ff5d6916fc25f20cca2a693c266a91677,,pending,,,,5
img_00003782,images/img_00003782.jpg,02_deepfirearm,deepfirearm,168adb9da9552f5d1d4608a36b90c1fd7f6598249429e5b2db13d200338a508b,,pending,,,,5
img_00003783,images/img_00003783.jpg,02_deepfirearm,deepfirearm,0d847a0a03338471f9ea9f76dd2dbd4371e9e411f4a2546fe2cc2e9b7ed59053,,pending,,,,5
img_00003784,images/img_00003784.jpg,02_deepfirearm,deepfirearm,f97212ac4f56d6f1aa75c46d66ad06a2921c49cc8a0434f1fcf1602ba304d19e,,pending,,,,5
img_00003785,images/img_00003785.jpg,02_deepfirearm,deepfirearm,b21802144cb37df28c0a8ca46a8592862429d42da0d7246c75ab5b88255f5359,,pending,,,,5
img_00003786,images/img_00003786.jpg,02_deepfirearm,deepfirearm,d6218ac0130b1cbb6d6929a9ee7967d4d332f9632b1398a1ba98f37a955cfb3f,,pending,,,,5
img_00003787,images/img_00003787.jpg,02_deepfirearm,deepfirearm,32f5d75d4ee61279cac5956c59480764e827605e48f5f970eb3933d0901dd89f,,pending,,,,5
img_00003788,images/img_00003788.jpg,02_deepfirearm,deepfirearm,d989ab46df7430ca4fa05876ce5171b9f268783af3499f67d008453ad3561e3b,,pending,,,,5
img_00003789,images/img_00003789.jpg,02_deepfirearm,deepfirearm,987f0f8f0ff114ec6c7159f1984d11ceaa6e24032bb4e7b89a2f676b2e39c080,,pending,,,,5
img_00003790,images/img_00003790.jpg,02_deepfirearm,deepfirearm,e31178fb58140ff3c91e06ef64ce7e6aa8f3ed6f6c173314a185fb9ee0beb2fa,,pending,,,,5
img_00003791,images/img_00003791.jpg,02_deepfirearm,deepfirearm,6f9f5c6ed8cc6502a2430dea6923fcd468a5fb34a665e9e36d8dea83d1d10d63,,pending,,,,5
img_00003792,images/img_00003792.jpg,02_deepfirearm,deepfirearm,db7ab80b42c7ea249522efb534e8184573d0d304854deabd93be85cca7d18a22,,pending,,,,5
img_00003793,images/img_00003793.jpg,02_deepfirearm,deepfirearm,0fdd71be46849a4f2a8dfd0376f4ecf342c0e83758941f3d8e26f385916b22d4,,pending,,,,5
img_00003794,images/img_00003794.jpg,02_deepfirearm,deepfirearm,9087f590192b8ae7b342aa1c3dbd1d0f65ec74675b25e0ee4c08a8cd36ee4204,,pending,,,,5
img_00003795,images/img_00003795.jpg,02_deepfirearm,deepfirearm,c29299c492f721108d5684e850be93dd16872f59d0155ab16080ab22c0c6c967,,pending,,,,5
img_00003796,images/img_00003796.jpg,02_deepfirearm,deepfirearm,3be286f13beab27d6e6efa0c5bff509da837a425e0e2d5837f609c1cb637631b,,pending,,,,5
img_00003797,images/img_00003797.jpg,02_deepfirearm,deepfirearm,c7b97faa36c5204d1122fd5121f970f07cd8239267b0718ad734b5edcbefafb0,,pending,,,,5
img_00003798,images/img_00003798.jpg,02_deepfirearm,deepfirearm,4bf7ffd214d52fda7e8742e42a8941543ec1f3ba2a2fb283f9d4868042827ac4,,pending,,,,5
img_00003799,images/img_00003799.jpg,02_deepfirearm,deepfirearm,8677c1485dccbc3e15f71e3ca0fe093ac23b9fcb09e3e26195ee97d37e352641,,pending,,,,5
img_00003800,images/img_00003800.jpg,02_deepfirearm,deepfirearm,e5dc01437912309d02fccac3e311d95c2b5c817475485f80660242c0a05485e4,,pending,,,,5
img_00003801,images/img_00003801.jpg,02_deepfirearm,deepfirearm,d4fbc811eeb2c752469a010f3b53c1ab80e74dd1fe44f00add6869c8787c0eb3,,pending,,,,5
img_00003802,images/img_00003802.jpg,02_deepfirearm,deepfirearm,a0d45f294ae5df326a81c22cc560bc864ff2b26917306c78138cd8d42b8afa20,,pending,,,,5
img_00003803,images/img_00003803.jpg,02_deepfirearm,deepfirearm,031fe6ff4391fc607cf29141030778517cf67f6d6526f317b74908caf43e6238,,pending,,,,5
img_00003804,images/img_00003804.jpg,02_deepfirearm,deepfirearm,9c11ad7c87760c9aabdd981c55fbfa2502e0036399c0543c8e9c1bb390045459,,pending,,,,5
img_00003805,images/img_00003805.jpg,02_deepfirearm,deepfirearm,c89d1d8b7a46e3ad0d5cdc685389f350dfb38dd754a77d83644883ca2681f082,,pending,,,,5
img_00003806,images/img_00003806.jpg,02_deepfirearm,deepfirearm,265e0327cee1bcbdd3ee63caca9c2ed3c3f9d3f5a21cae99c66edcd7ecf3e320,,pending,,,,5
img_00003807,images/img_00003807.jpg,02_deepfirearm,deepfirearm,78c97009b30abf89cbb6815dbf902c56f7789297084b554ee06c4301bc729894,,pending,,,,5
img_00003808,images/img_00003808.jpg,02_deepfirearm,deepfirearm,172d9113e3071a8cbc446d53e9f387793af538b939aef7da82f79e89469b1b67,,pending,,,,5
img_00003809,images/img_00003809.jpg,02_deepfirearm,deepfirearm,01888ddaf9b309b59cda083d3d13aae94479f4e9382729a88564b304441aa313,,pending,,,,5
img_00003810,images/img_00003810.jpg,02_deepfirearm,deepfirearm,01b20b72a1d37655232b526ae8a1d5c2d23e724bcc10e75247f0483243de30e0,,pending,,,,5
img_00003811,images/img_00003811.jpg,02_deepfirearm,deepfirearm,2e1fefeae039aa36186a936e82b438a83c7efa9666ad71be82cafeeeedb99ce0,,pending,,,,5
img_00003812,images/img_00003812.jpg,02_deepfirearm,deepfirearm,0c64d5f87d251ed0d9c1c351bb1de3f61ea12b6ab285b6b78c4ce574f23f4cdf,,pending,,,,5
img_00003813,images/img_00003813.jpg,02_deepfirearm,deepfirearm,fb699cf6ea5b88ddbcfb94971f9e9e2eb7eab3671826930000473800c9accba5,,pending,,,,5
img_00003814,images/img_00003814.jpg,02_deepfirearm,deepfirearm,b0e1e7a103fd18e08e54dc2a8694fce8e003d06c7a0b262f546b5186cc1f1f8e,,pending,,,,5
img_00003815,images/img_00003815.jpg,02_deepfirearm,deepfirearm,31272c14ab88ac3d146cb103eb4066df37ca2b289db9c5eea332bcaed49d829b,,pending,,,,5
img_00003816,images/img_00003816.jpg,02_deepfirearm,deepfirearm,fa340e851c6b58b8cbdca2d239b19617d2aba0c7047ff8deda0b001981ebc85e,,pending,,,,5
img_00003817,images/img_00003817.jpg,02_deepfirearm,deepfirearm,05644139d9e192ac6bd95d782d0c0ba6bb45752e3387e39b046deb3204be7840,,pending,,,,5
img_00003818,images/img_00003818.jpg,02_deepfirearm,deepfirearm,b2ccdab1836a1670f5d5fd3e62464955f0a6d6527735af8b084222fc2ec403b9,,pending,,,,5
img_00003819,images/img_00003819.jpg,02_deepfirearm,deepfirearm,8b448244a1bc5b63323c32d632dde65994597fdecb4bf41b99be2d9e7cd7f7e3,,pending,,,,5
img_00003820,images/img_00003820.jpg,02_deepfirearm,deepfirearm,3283ddb4322fb0d219e479e86d1c0d25d4acc96910993a7ec5ccc5e13e0428c8,,pending,,,,5
img_00003821,images/img_00003821.jpg,02_deepfirearm,deepfirearm,ce2e96a79aeee822df96705f396ce86e3601a356e5d3b4d944188921eabb6579,,pending,,,,5
img_00003822,images/img_00003822.jpg,02_deepfirearm,deepfirearm,91c036990de018ffbacb68bbb7840b1c071b5473bbcb3661895c9f8bd2d79c3a,,pending,,,,5
img_00003823,images/img_00003823.jpg,02_deepfirearm,deepfirearm,39b8b6e61dfb363d09ee34c0211a2f7e35879002edd3977cecd331f1bbd1c06b,,pending,,,,5
img_00003824,images/img_00003824.jpg,02_deepfirearm,deepfirearm,d00d58e72394a39534d33232a31dc228439bf3dc40493636273a828d4d5aca5c,,pending,,,,5
img_00003825,images/img_00003825.jpg,02_deepfirearm,deepfirearm,11fb3aec4136b0377bd27774235fb48c93c63a9b3a1a614950c1f6830859f139,,pending,,,,5
img_00003826,images/img_00003826.jpg,02_deepfirearm,deepfirearm,ddc8060f3e5ea5ad7a7af7ffdcc351ea51bfd16f107316b708875d06caf3f962,,pending,,,,5
img_00003827,images/img_00003827.jpg,02_deepfirearm,deepfirearm,5df48c1d65b0f1189b2f47983bd8ca0ab891f66dcc6e9eadf9042ee864241bd3,,pending,,,,5
img_00003828,images/img_00003828.jpg,02_deepfirearm,deepfirearm,5db11806a4dda9c36217ca983a346f4f14740682acc499d32870bfbfed1f48d4,,pending,,,,5
img_00003829,images/img_00003829.jpg,02_deepfirearm,deepfirearm,8363fe5d87dadf6cabe9eb6529a2610b3e0bbc8c30ee552fc42515ae9054d87a,,pending,,,,5
img_00003830,images/img_00003830.jpg,02_deepfirearm,deepfirearm,b2d4a863c95fe51436729c8c2ddbc0a89a7bd60b0c19d28b9c55f4b6d580d988,,pending,,,,5
img_00003831,images/img_00003831.jpg,02_deepfirearm,deepfirearm,08f022e9b0575ca1c5f2e46d7e2762cbe38fe0b51297d91203badb80294a0672,,pending,,,,5
img_00003832,images/img_00003832.jpg,02_deepfirearm,deepfirearm,d6b15f858cfdc0ea69766475bae966dac6c908252027d82b2aa490240f3418f3,,pending,,,,5
img_00003833,images/img_00003833.jpg,02_deepfirearm,deepfirearm,9dc6e52f0424f32d2265db9dce25089337937f98066a2905d44e5f4971ead4d8,,pending,,,,5
img_00003834,images/img_00003834.jpg,02_deepfirearm,deepfirearm,e16c6cd0096662669db45260496f55163aff5785e7f6f3836734c3c35b8c348a,,pending,,,,5
img_00003835,images/img_00003835.jpg,02_deepfirearm,deepfirearm,93002545e9652c832a7f71378224c5052947928d70cf141a3d56bc64c39439c6,,pending,,,,5
img_00003836,images/img_00003836.jpg,02_deepfirearm,deepfirearm,c54db226f49e3241ca8530f2ff47b2892c1bd4e9ab1efd6116a28647111b7beb,,pending,,,,5
img_00003837,images/img_00003837.jpg,02_deepfirearm,deepfirearm,1a0c4301b91debe0a7a20180ae68212e2cee9d79c22d4b63e145cadfe3cd480d,,pending,,,,5
img_00003838,images/img_00003838.jpg,02_deepfirearm,deepfirearm,cfe4549244901999a379d9f5fd679a85e5f80b797a62ce5a857ecda778cd8266,,pending,,,,5
img_00003839,images/img_00003839.jpg,02_deepfirearm,deepfirearm,c24637779afab9a45391801fb87e5d6c24bf0cf9a44f0afac645a890d6160adb,,pending,,,,5
img_00003840,images/img_00003840.jpg,02_deepfirearm,deepfirearm,3b3efd7f999f9aca39b9eb252f37ed889aa3796853bdfbfc72e8e91f4bba6ceb,,pending,,,,5
img_00003841,images/img_00003841.jpg,02_deepfirearm,deepfirearm,750325c6ffa97c53ebef751e612c61d569bbb81a1c46d0d62447d8915cd71985,,pending,,,,5
img_00003842,images/img_00003842.jpg,02_deepfirearm,deepfirearm,ce4f2c093200594a9c7d2671366a3bf1f089712e734c6edebb6706825d296f6e,,pending,,,,5
img_00003843,images/img_00003843.jpg,02_deepfirearm,deepfirearm,4481d2354d1e070d8b10204c954730aabbce4a60e78fb11202ab4113ebf24de4,,pending,,,,5
img_00003844,images/img_00003844.jpg,02_deepfirearm,deepfirearm,7a92c8d87fc9eacbedac5b23976b04195f2822e1026d52d3dfa6e08f644dfdcb,,pending,,,,5
img_00003845,images/img_00003845.jpg,02_deepfirearm,deepfirearm,c64f85ff1d61100b7a0dae7317f9002f305c5bfeece57d957059d275fb1988c7,,pending,,,,5
img_00003846,images/img_00003846.jpg,02_deepfirearm,deepfirearm,5b2811dadd0b8c3f2c2133e9908c86f26bde8576e077a1857baad8f06e51a165,,pending,,,,5
img_00003847,images/img_00003847.jpg,02_deepfirearm,deepfirearm,0b0a0e9c045c0f341d887d3d9ce257b71ea0044f8b5c918666f62727e3909456,,pending,,,,5
img_00003848,images/img_00003848.jpg,02_deepfirearm,deepfirearm,97fa5e6b39064aa113d94ec9989b58d23551d290cd7e26d1412c8147eb3223c0,,pending,,,,5
img_00003849,images/img_00003849.jpg,02_deepfirearm,deepfirearm,02a8c0ba746875ae9ab83dae90ecf5f3d911d28c2d45cbec1e79e1fd052443c6,,pending,,,,5
img_00003850,images/img_00003850.jpg,02_deepfirearm,deepfirearm,194e6e20cf0687372ceb4aa0a19f1af44c1a7d40396015ba6b389553ed37e18f,,pending,,,,5
img_00003851,images/img_00003851.jpg,02_deepfirearm,deepfirearm,b84a4c3cf3f840aa7e78652901514f7b52ec30e93b5aaf3543ff642aabaafca0,,pending,,,,5
img_00003852,images/img_00003852.jpg,02_deepfirearm,deepfirearm,bdfb440edecb156706d38434c03bf82e03bef0b820b0a23801b1e2d73021f9c2,,pending,,,,5
img_00003853,images/img_00003853.jpg,02_deepfirearm,deepfirearm,52e06707483a56194836b0a5cafb1ee8dc8ee9312f65321ae591a29c2cdd8290,,pending,,,,5
img_00003854,images/img_00003854.jpg,02_deepfirearm,deepfirearm,3e69384c7d581fa7557c25ac11a82732375426360f5de41c32177d5d46d0487c,,pending,,,,5
img_00003855,images/img_00003855.jpg,02_deepfirearm,deepfirearm,2ceafa5ea72d45c6ca81271db493352eb169ac3ac98f616eccb4c0eafc43e72c,,pending,,,,5
img_00003856,images/img_00003856.jpg,02_deepfirearm,deepfirearm,f7c71c939d67b8787968ae8ce1929a9b8681728467af2852c10eb77bbb64ecbf,,pending,,,,5
img_00003857,images/img_00003857.jpg,02_deepfirearm,deepfirearm,2ef5caa08ff44785e9cd7ec945310a3f01ef4a9a34b9589440b76d2601a113f7,,pending,,,,5
img_00003858,images/img_00003858.jpg,02_deepfirearm,deepfirearm,8e20356ba6a22e497486a1d3da1cb66797a94ea5055bc8192688db1c47496117,,pending,,,,5
img_00003859,images/img_00003859.jpg,02_deepfirearm,deepfirearm,80494a2e71bb59f875020f092421508be2a12c9bc4ac105eb35c7df429f1d05c,,pending,,,,5
img_00003860,images/img_00003860.jpg,02_deepfirearm,deepfirearm,deb2d423e4c24f80bbbe9d842efd2888b0d0550dd950893da2d99241f981bc66,,pending,,,,5
img_00003861,images/img_00003861.jpg,02_deepfirearm,deepfirearm,2c0a5f9438779406206d57aaec81226384aca5d51d43eba618d83351d378c8bf,,pending,,,,5
img_00003862,images/img_00003862.jpg,02_deepfirearm,deepfirearm,15bbce3615c2b78469bc7301b84bfe2361fec81f6cb50e57148213b2b97db24a,,pending,,,,5
img_00003863,images/img_00003863.jpg,02_deepfirearm,deepfirearm,21ba95f5f5ecb619c5d4fe0e614624af2d393c0cad5c6ea3475637ecfade79f0,,pending,,,,5
img_00003864,images/img_00003864.jpg,02_deepfirearm,deepfirearm,de838c78098e49a0ec01ad0dfd169da5f2b451a22cbba31f2a640354cae48e21,,pending,,,,5
img_00003865,images/img_00003865.jpg,02_deepfirearm,deepfirearm,7a1d1e2dcc77209e8599887f79dc12661970fd40bf7593743c216c9c0d5ddec1,,pending,,,,5
img_00003866,images/img_00003866.jpg,02_deepfirearm,deepfirearm,ef676be11ea93d4e56f48ef56195ddefd5bbcc69f431976790bf9a3a3f0b1d58,,pending,,,,5
img_00003867,images/img_00003867.jpg,02_deepfirearm,deepfirearm,f0dde836cc4e8e382bbb8b2cff035b62c0ce35cb66f17fc0f6dee22b03cb6c83,,pending,,,,5
img_00003868,images/img_00003868.jpg,02_deepfirearm,deepfirearm,94e2855c714a0e99da09b75f47a58a9a8de22cca31d98ef3721be22b24d09d4b,,pending,,,,5
img_00003869,images/img_00003869.jpg,02_deepfirearm,deepfirearm,c543db5aa26d6842f62b8aa1ee28b60171cf740c81787dbb5d4981c2280e8a35,,pending,,,,5
img_00003870,images/img_00003870.jpg,02_deepfirearm,deepfirearm,f51fe2bdc88c20327ad3a79923769ecb8402d310a1d60c54e8b44a789f49643c,,pending,,,,5
img_00003871,images/img_00003871.jpg,02_deepfirearm,deepfirearm,9207b98cefece1f624f64fb4db897d03c5825a69edf901e8bcbeb0de283ae404,,pending,,,,5
img_00003872,images/img_00003872.jpg,02_deepfirearm,deepfirearm,077e2e13cbc8a39f7440794635f8c9ec8d27aa8b9857c24d7dfe041288066b9b,,pending,,,,5
img_00003873,images/img_00003873.jpg,02_deepfirearm,deepfirearm,21bc8e2d6e5e2c5279ab17175455dd8994ee62497556268f918a5329a0c999f3,,pending,,,,5
img_00003874,images/img_00003874.jpg,02_deepfirearm,deepfirearm,8b5a43f46ecf8570f7b3117dc04cc1649639010110b5c03e5504f7e21bfd61da,,pending,,,,5
img_00003875,images/img_00003875.jpg,02_deepfirearm,deepfirearm,f196a8429777f36109108a50d3ce95c91fbfbf188aef36457bae23663662ba36,,pending,,,,5
img_00003876,images/img_00003876.jpg,02_deepfirearm,deepfirearm,15bb17da0462c9e5f40478bb6b1436a0209734929542d00a90a75fb5758ffd4a,,pending,,,,5
img_00003877,images/img_00003877.jpg,02_deepfirearm,deepfirearm,444485ad25c6761a05dc49652d27c41a903afefdcefe5f497f3be10e7915a103,,pending,,,,5
img_00003878,images/img_00003878.jpg,02_deepfirearm,deepfirearm,d41d305ce947b60f8c289395140f88bb3d0b8fefa889dbbd213c64fa24b510ba,,pending,,,,5
img_00003879,images/img_00003879.jpg,02_deepfirearm,deepfirearm,b23ebf3f5f48ae033fece10744e0efd8185d505b7e68339fc4d5b6b806988bac,,pending,,,,5
img_00003880,images/img_00003880.jpg,02_deepfirearm,deepfirearm,0ce859cd6ee5bc400e2933f1b26e32367b2962e1c4d87afd375ea4e63602f38b,,pending,,,,5
img_00003881,images/img_00003881.jpg,02_deepfirearm,deepfirearm,8657b8da702522aaddc24480c086009833339ceb8fc42b16f63c53e6d7cf8449,,pending,,,,5
img_00003882,images/img_00003882.jpg,02_deepfirearm,deepfirearm,df5c8c5d1e1b545420064d1fda6f3d7e1d979af553dd0c7945663a81366c2136,,pending,,,,5
img_00003883,images/img_00003883.jpg,02_deepfirearm,deepfirearm,6c9655938387a0e2a6ff45b23da03d50ed346ce65539066f5045e6e8613aa9f8,,pending,,,,5
img_00003884,images/img_00003884.jpg,02_deepfirearm,deepfirearm,b04e91643d9ba797c0f4ae39a940371b1cf2df1a448b27ea15880d9fec0e7866,,pending,,,,5
img_00003885,images/img_00003885.jpg,02_deepfirearm,deepfirearm,229b967c59ff93512d3227e416279998d6f8044fa612b5d86df19931d6cf8322,,pending,,,,5
img_00003886,images/img_00003886.jpg,02_deepfirearm,deepfirearm,5352ecea4ade8927e1967b0f39c932d26a7a25bfb53167eb46a3721cb95443bb,,pending,,,,5
img_00003887,images/img_00003887.jpg,02_deepfirearm,deepfirearm,98d3428f7b715b525b14537147c2c6d2a0d518d3dbedf6f978ed8c7ad275749e,,pending,,,,5
img_00003888,images/img_00003888.jpg,02_deepfirearm,deepfirearm,51f9512526ff08fc1ebe012493b6b8ebbc688d738bb6233f71c1395ec94ada76,,pending,,,,5
img_00003889,images/img_00003889.jpg,02_deepfirearm,deepfirearm,8970b581691bd44735d3dce0e5977d74cbbd2958087c030812ffa16b84dd9c5c,,pending,,,,5
img_00003890,images/img_00003890.jpg,02_deepfirearm,deepfirearm,f101fd814c3e3bd05a29715f08aed339e50de661b3f711988bc3e396d2ba863b,,pending,,,,5
img_00003891,images/img_00003891.jpg,02_deepfirearm,deepfirearm,1ed101869551b15c2ab65bdbf78f9f0959725540916e87f9932578b7a97b2031,,pending,,,,5
img_00003892,images/img_00003892.jpg,02_deepfirearm,deepfirearm,6c1b6d22ccc0c4694cc702d7531d0fa8794dd99b3e813edaa1c1417c68c456e8,,pending,,,,5
img_00003893,images/img_00003893.jpg,02_deepfirearm,deepfirearm,74d8e69690e7a2919e9ef4b18b8a72d997a1e958d0d61e175b7adc0c815d7d91,,pending,,,,5
img_00003894,images/img_00003894.jpg,02_deepfirearm,deepfirearm,b3f277f22a84be5735c1dd16e2bb7ffa7d573a19143db2efc5edc320122337ea,,pending,,,,5
img_00003895,images/img_00003895.jpg,02_deepfirearm,deepfirearm,7c1f0ab12036ebb95cf1fbf869f0414933fbc8cdfd424434b4742934d710785c,,pending,,,,5
img_00003896,images/img_00003896.jpg,02_deepfirearm,deepfirearm,f27fbfc05436d801b7e59188d6669a70297ace4ffd36c7dff2564c112e61f5b6,,pending,,,,5
img_00003897,images/img_00003897.jpg,02_deepfirearm,deepfirearm,f03b2f454948b2a7638ef629314e734b593344109d54948cf675711c56df9e63,,pending,,,,5
img_00003898,images/img_00003898.jpg,02_deepfirearm,deepfirearm,295f3e0673e099606daab18cd124f654304d83057b91a59c82bf68bc813c9d50,,pending,,,,5
img_00003899,images/img_00003899.jpg,02_deepfirearm,deepfirearm,a52ef57d71d7b86e38c978b5ae83480ad561782446c629bacac463b4cdc40c18,,pending,,,,5
img_00003900,images/img_00003900.jpg,02_deepfirearm,deepfirearm,e8414b496a649c28f7a2b7c45ad48c0a69bd613f3d57ce2d14bde25c40647c46,,pending,,,,5
img_00003901,images/img_00003901.jpg,02_deepfirearm,deepfirearm,a84af9017bc095629a7768f138667fcde2a84036a1fc196cbd3ed4ffdca90a48,,pending,,,,5
img_00003902,images/img_00003902.jpg,02_deepfirearm,deepfirearm,1ae90ed50b39abad9e64701515a5a78f5bac641badf0477d21ed3b3aff9a7de6,,pending,,,,5
img_00003903,images/img_00003903.jpg,02_deepfirearm,deepfirearm,4afcd987c94c640620020cbc13051f9a1256b5f41b0b43cc04ac58b3b50201ef,,pending,,,,5
img_00003904,images/img_00003904.jpg,02_deepfirearm,deepfirearm,66b378fe20919104df1fd5b94c5bb077d24316780a554e360c4662be5dbbf347,,pending,,,,5
img_00003905,images/img_00003905.jpg,02_deepfirearm,deepfirearm,731a5929586c3c2cb50360306ceb383cfaeeab850daa7c5aa59993ef4b3a1318,,pending,,,,5
img_00003906,images/img_00003906.jpg,02_deepfirearm,deepfirearm,0d65a39c3ae742c3f4eb0ed2e10bf5f8f1eb7b142da8fdcdd532d9f615f3ecd3,,pending,,,,5
img_00003907,images/img_00003907.jpg,02_deepfirearm,deepfirearm,e39860804f67351082302a2d2b599df1f1519f6c06a1202c2b6fe0015e83ea5c,,pending,,,,5
img_00003908,images/img_00003908.jpg,02_deepfirearm,deepfirearm,22bbe38d677e8417b8667f5ae9c9c176a5825208ffcc1fa4ab31e8cc415b2c44,,pending,,,,5
img_00003909,images/img_00003909.jpg,02_deepfirearm,deepfirearm,7de5b88e67b967b832276ddca3bd6cd043316179b3bf6540884054a8fbf66952,,pending,,,,5
img_00003910,images/img_00003910.jpg,02_deepfirearm,deepfirearm,d7e397f5f5a51e40447dc7bca8c8100df0ed01f6414f8e5c8944245285a81ad2,,pending,,,,5
img_00003911,images/img_00003911.jpg,02_deepfirearm,deepfirearm,27ed808961a2ea1c0500c6ef6c75d492c6b0b9cab0cb1b8392d9bc16d0c2a81e,,pending,,,,5
img_00003912,images/img_00003912.jpg,02_deepfirearm,deepfirearm,a20b5090fc2e088427a79d917e385611d7fb1a57693f474567f375a1964523f3,,pending,,,,5
img_00003913,images/img_00003913.jpg,02_deepfirearm,deepfirearm,d39e695f6dceb4cbea798044db63a9796491a5986b9ce1ab011104c967f0ab9a,,pending,,,,5
img_00003914,images/img_00003914.jpg,02_deepfirearm,deepfirearm,f377bfac008d7218a49420f915c6bb4c2fd3685d51d034c1e45db1ab1c6c1b0d,,pending,,,,5
img_00003915,images/img_00003915.jpg,02_deepfirearm,deepfirearm,9e8db9217123c3b630ddeaa10ad25b971b24b5668308e7ba1bcef9aa35da9d79,,pending,,,,5
img_00003916,images/img_00003916.jpg,02_deepfirearm,deepfirearm,18ca233aba391afe6c37c1b1c98b86feca48c05c25aa23b11676bf1b5f055bdf,,pending,,,,5
img_00003917,images/img_00003917.jpg,02_deepfirearm,deepfirearm,67216f574bd309be556aa81d0a506ecee416601efc9aab3c0d60b55fd3bbf181,,pending,,,,5
img_00003918,images/img_00003918.jpg,02_deepfirearm,deepfirearm,2e41c5c6205c74bc2d136ebce73f8f84a9346d07f6ced7a40bdcbfb7bb116485,,pending,,,,5
img_00003919,images/img_00003919.jpg,02_deepfirearm,deepfirearm,7d936af401f0a9b3f5cf73239e202a1608941edbb20a7471e1bc9e5365801a33,,pending,,,,5
img_00003920,images/img_00003920.jpg,02_deepfirearm,deepfirearm,34d9b94c7aea62e8a48900308c9ca3de8dc131dc5fe169cf3b5951a8d90a3150,,pending,,,,5
img_00003921,images/img_00003921.jpg,02_deepfirearm,deepfirearm,7543ef4ec80440822d47a8db3f236e9e239cd3680dd07f4627878a8cf4e9c5c0,,pending,,,,5
img_00003922,images/img_00003922.jpg,02_deepfirearm,deepfirearm,7ad2a6e91958e7bd6a486f9c9d02c9b74c17e2ac37b342d87e1df13c72ce9d02,,pending,,,,5
img_00003923,images/img_00003923.jpg,02_deepfirearm,deepfirearm,4f20781571ba1714cc0a523369517686ec568ca9a6e38767c69586480a454cc8,,pending,,,,5
img_00003924,images/img_00003924.jpg,02_deepfirearm,deepfirearm,f7c15a1f5a6d2c1f821c721e47adb4495a10691647f64e9d967aeb51a699bdc4,,pending,,,,5
img_00003925,images/img_00003925.jpg,02_deepfirearm,deepfirearm,3e6038132d36d89f6bc0e415af597d07fd071845870b17b13fb35ac58cb77013,,pending,,,,5
img_00003926,images/img_00003926.jpg,02_deepfirearm,deepfirearm,6bbbf1f5d33737a359ea2a2e3568c202621c9b717a6aa15c9188341fae3f217d,,pending,,,,5
img_00003927,images/img_00003927.jpg,02_deepfirearm,deepfirearm,9688784fb313e2df7c50d4d49cbde95c09badad35d31a8702412f1879377fee4,,pending,,,,5
img_00003928,images/img_00003928.jpg,02_deepfirearm,deepfirearm,0593f3c05fa1e69caf810015a9cbd7d2392af07134ed409ca0b8bbff72272173,,pending,,,,5
img_00003929,images/img_00003929.jpg,02_deepfirearm,deepfirearm,b19a449e155aeafbcd63d278fb1d0574bcf09cdecb608da9574e00069196fd83,,pending,,,,5
img_00003930,images/img_00003930.jpg,02_deepfirearm,deepfirearm,95eefb697a10c8fbd58c7daf48afa7683404f659f8df8018dd9dca603e8e4435,,pending,,,,5
img_00003931,images/img_00003931.jpg,02_deepfirearm,deepfirearm,de2c50df56a022223bc4989dd84f48552268292d61a9f7353bdfcf63d7cf9bc7,,pending,,,,5
img_00003932,images/img_00003932.jpg,02_deepfirearm,deepfirearm,b912a0142e5d20ada386724387a674f678eaf76d3fbc3cd177210b51ae40ab1b,,pending,,,,5
img_00003933,images/img_00003933.jpg,02_deepfirearm,deepfirearm,0cb2ae1041d16be2b9756565cdfd889a6cc17bebbbde53f7bc614b4c2f9f29f7,,pending,,,,5
img_00003934,images/img_00003934.jpg,02_deepfirearm,deepfirearm,163c529a9ae881586eabf2016e3d81e33f4e21d7fcd161591d068abf5a34dd05,,pending,,,,5
img_00003935,images/img_00003935.jpg,02_deepfirearm,deepfirearm,44bc7956654c2a019fe21034f1075d7f6a19bde2a0dcb65061a579ca94442c22,,pending,,,,5
img_00003936,images/img_00003936.jpg,02_deepfirearm,deepfirearm,b1dd0e59799b6c288e0c5217072a0737d098835fc859d0285b33e3f41a125b8b,,pending,,,,5
img_00003937,images/img_00003937.jpg,02_deepfirearm,deepfirearm,21290234b34ee0cb28fe20aba84abb429600f7211452e72bafd9af7d958bd4f9,,pending,,,,5
img_00003938,images/img_00003938.jpg,02_deepfirearm,deepfirearm,69e69add945dfcb88208d30579c5fbef1260ff53f5b616b49bfc0e933b526100,,pending,,,,5
img_00003939,images/img_00003939.jpg,02_deepfirearm,deepfirearm,0de4e5d769703fb31866ecef220bddb1646a132291ea1dea8cf19bff3aab38ad,,pending,,,,5
img_00003940,images/img_00003940.jpg,02_deepfirearm,deepfirearm,68a9d644366efacfe93f4c3580ac843d9a6f1fb3bec9d6cfe8fa6a7540a4e3ec,,pending,,,,5
img_00003941,images/img_00003941.jpg,02_deepfirearm,deepfirearm,018f01647d01b3039953843f6d375d0943e1b5c4c27905d22b51f2744296470b,,pending,,,,5
img_00003942,images/img_00003942.jpg,02_deepfirearm,deepfirearm,c6b89f6e79651247fca1d117e4df9a28e913ec1f3f4f46c33474e427288a8adb,,pending,,,,5
img_00003943,images/img_00003943.jpg,02_deepfirearm,deepfirearm,2b4e7b6f7db549d5b69454b614bc1f7603b409640e6481dfa56e43eb5c4c3778,,pending,,,,5
img_00003944,images/img_00003944.jpg,02_deepfirearm,deepfirearm,95bed45831f593311e8e03a67cee9fdd8e48c10d898d8c4a1d21cd38ddbf9932,,pending,,,,5
img_00003945,images/img_00003945.jpg,02_deepfirearm,deepfirearm,0fac73912ba876fd1f5c6a95c0ecd4d0e7f746df220a7ea8019bfb9119e26f26,,pending,,,,5
img_00003946,images/img_00003946.jpg,02_deepfirearm,deepfirearm,a8f00fecfe15d2fed5230647c1f6f74d6dd2571a30dd1bba4528bc4eed73a7b9,,pending,,,,5
img_00003947,images/img_00003947.jpg,02_deepfirearm,deepfirearm,0e292e186c8d35112e7b0c8f928b0fa0c49ae0202c4f6a833cb22c22567214b6,,pending,,,,5
img_00003948,images/img_00003948.jpg,02_deepfirearm,deepfirearm,2858c4e7628733be905f43f0fec5e8db412bb36a54d821d2868dc17992ab73fc,,pending,,,,5
img_00003949,images/img_00003949.jpg,02_deepfirearm,deepfirearm,c85869f3e078eb651b5f6c0bda718bdabb7a351f09a6a4f2a1467b41c02b5fdb,,pending,,,,5
img_00003950,images/img_00003950.jpg,02_deepfirearm,deepfirearm,62424ba1aa06301c5abd7161b5941142285a0a4f76b2cb521124128da9f5ba58,,pending,,,,5
img_00003951,images/img_00003951.jpg,02_deepfirearm,deepfirearm,1639a87d065ada6fa4c2ab31d75428351e5a0b3c5ef29f48a5228558199a0c23,,pending,,,,5
img_00003952,images/img_00003952.jpg,02_deepfirearm,deepfirearm,ab1cdab38f25fc361580b5c3768c4201c3f6a6b491374f09c6a2def28d3bd077,,pending,,,,5
img_00003953,images/img_00003953.jpg,02_deepfirearm,deepfirearm,318defa75c7f1cb73f57a674a221eeb7a0208269cf3449f12b9dc2f4eba8c44f,,pending,,,,5
img_00003954,images/img_00003954.jpg,02_deepfirearm,deepfirearm,a3fa7cf208e70ed84e0ea190a9f5bb343409e18e1b161dd21cffb971a57c75e8,,pending,,,,5
img_00003955,images/img_00003955.jpg,02_deepfirearm,deepfirearm,fcca1236ab9aa69c240a09025ff85c2d2ba75eeeaf23bdc08c662b49dcccb6f3,,pending,,,,5
img_00003956,images/img_00003956.jpg,02_deepfirearm,deepfirearm,63869585870325d5afecaba9e6bb27e954e8d2183cf8b8fcac955d01897afbd7,,pending,,,,5
img_00003957,images/img_00003957.jpg,02_deepfirearm,deepfirearm,19a33875da9d9aa87bb10f403bcff3cb6e6298a062802d9a0399ea473cc34b8a,,pending,,,,5
img_00003958,images/img_00003958.jpg,02_deepfirearm,deepfirearm,da0f32b17c7ea1a18d4d18c659cabb3f2202a1670d722024fc7364720a1c1e83,,pending,,,,5
img_00003959,images/img_00003959.jpg,02_deepfirearm,deepfirearm,12d1058a90dbcd74fd756cf4997c63e3cf78b0cfee4e30e3d66f82eabc5b0ad6,,pending,,,,5
img_00003960,images/img_00003960.jpg,02_deepfirearm,deepfirearm,ffbcfc23e13c68a1d86ef8722c6a6c5fbd9293d4ac7da86fa4db5494a26f58ec,,pending,,,,5
img_00003961,images/img_00003961.jpg,02_deepfirearm,deepfirearm,139180462c40d34ac7f894695d2e6b3e1e4f0afc1e6f07a9f4b254ee7301e488,,pending,,,,5
img_00003962,images/img_00003962.jpg,02_deepfirearm,deepfirearm,e45f4acb86bd70977544c5379b355803dbe7b0ef3290380dcebc81c78e1eba7e,,pending,,,,5
img_00003963,images/img_00003963.jpg,02_deepfirearm,deepfirearm,b66aea06d524a032e62048a5dc92dad2dcc62da710478e7843cd38ec5bb61867,,pending,,,,5
img_00003964,images/img_00003964.jpg,02_deepfirearm,deepfirearm,8b92864c123f1c74924c3d89ac21cd52c4e34c871d87077de4ffb00a622dcd6b,,pending,,,,5
img_00003965,images/img_00003965.jpg,02_deepfirearm,deepfirearm,74fac3dc71115726bc0e434b7eecdb487e0a1e21d1ba14132b98a4d2486df7b7,,pending,,,,5
img_00003966,images/img_00003966.jpg,02_deepfirearm,deepfirearm,fe12bcdde26220c08fc8f459ba49b4b1d2c7389768411ed50b7ab9c071169cfd,,pending,,,,5
img_00003967,images/img_00003967.jpg,02_deepfirearm,deepfirearm,407448517fc65b6e86c9df59072f8e9946fdd8451219998ba2b33f04431ab4e2,,pending,,,,5
img_00003968,images/img_00003968.jpg,02_deepfirearm,deepfirearm,bb262624680a888ded958b31593381f6ec8032a39a7cb50cb7beb64aba75e159,,pending,,,,5
img_00003969,images/img_00003969.jpg,02_deepfirearm,deepfirearm,1a8f3aab660b46be064f9bed8f7b2ea47da13c3313c031f81efaaabb6e69f992,,pending,,,,5
img_00003970,images/img_00003970.jpg,02_deepfirearm,deepfirearm,a6a8cf8a21ad4dc8d52361b6a984f4baa4aef5b801f0f126bc01d4f39d586b88,,pending,,,,5
img_00003971,images/img_00003971.jpg,02_deepfirearm,deepfirearm,bf817e6865fff7eae7007300c09299667f06b046ece3d64c7206b9fee753d4f9,,pending,,,,5
img_00003972,images/img_00003972.jpg,02_deepfirearm,deepfirearm,169042cc0e4e1f5464f94f51d7226f1cbdacf1605d8cdc3d3f1aa7b88d1edd5b,,pending,,,,5
img_00003973,images/img_00003973.jpg,02_deepfirearm,deepfirearm,93471e2433476a2af259cd04e1ab3c347a1b7d4407250ea6868b47b33a5859d0,,pending,,,,5
img_00003974,images/img_00003974.jpg,02_deepfirearm,deepfirearm,df63bbdee2e178c4d4b28f0d3ef681239d1fb156c2d02b1026ec6c62f50e7b12,,pending,,,,5
img_00003975,images/img_00003975.jpg,02_deepfirearm,deepfirearm,49c02dbfdb22b9195e6fbdac4bcdd14b1106f96489dc3fc90fd0d7420e60e3f1,,pending,,,,5
img_00003976,images/img_00003976.jpg,02_deepfirearm,deepfirearm,ab5c027f680cf400895b2e40390fb80e569067293f55fa3c7c168bb4a09ebcfd,,pending,,,,5
img_00003977,images/img_00003977.jpg,02_deepfirearm,deepfirearm,620235da867694edd9c997aea0566fe450053eac7e503f5a224beb71c2825be0,,pending,,,,5
img_00003978,images/img_00003978.jpg,02_deepfirearm,deepfirearm,e01397850da202ed3683bd906027117e73d11eee4c9d2926fb6bb949a881b5c8,,pending,,,,5
img_00003979,images/img_00003979.jpg,02_deepfirearm,deepfirearm,84654e1519142e776d2d2ca483ae92e39bef0367d17bc6c9e2ac7b516216903d,,pending,,,,5
img_00003980,images/img_00003980.jpg,02_deepfirearm,deepfirearm,e4bcaabe1c78cd5cde25231ddcbfff79db6dce4705b635c1ac138157d337e63c,,pending,,,,5
img_00003981,images/img_00003981.jpg,02_deepfirearm,deepfirearm,0d8a0ea0b3dd1b0949da7679da3e2a700ea0e7be3101c54b5f1415815fd32783,,pending,,,,5
img_00003982,images/img_00003982.jpg,02_deepfirearm,deepfirearm,46870ea5fdf7bc2ee0bcea0a18dd78bfc81143d02362be3db90fdbb8c8262292,,pending,,,,5
img_00003983,images/img_00003983.jpg,02_deepfirearm,deepfirearm,8a70491a9ceb108ac117bf11cb2bc3a29c009232b027b5ee3d8a4556349601d2,,pending,,,,5
img_00003984,images/img_00003984.jpg,02_deepfirearm,deepfirearm,7b497f5ecf0144a87d45b6c8fe4dd3c1b1e643f256df091bbca0653ad4a79f25,,pending,,,,5
img_00003985,images/img_00003985.jpg,02_deepfirearm,deepfirearm,7ebd6c63326eb894b13b56a169593c445bb47be3a6984263cfdb8e4d856fdf26,,pending,,,,5
img_00003986,images/img_00003986.jpg,02_deepfirearm,deepfirearm,1825237585576c6474680329b20d92787942efc5a55a6cdc1b050984e05709c6,,pending,,,,5
img_00003987,images/img_00003987.jpg,02_deepfirearm,deepfirearm,85037142979a6ff471fc9bff33ffc7afd7ce0472d0283e837600b40dfcdaa3b4,,pending,,,,5
img_00003988,images/img_00003988.jpg,02_deepfirearm,deepfirearm,a1122c597e9d34122ab81af174d972d05c406fcda58e8b37e6ef4251a2d06fe5,,pending,,,,5
img_00003989,images/img_00003989.jpg,02_deepfirearm,deepfirearm,6d5708b90b12cf160728637b0ce94682de2d3d115092dc0a059913bdbaf610cb,,pending,,,,5
img_00003990,images/img_00003990.jpg,02_deepfirearm,deepfirearm,4c41e8d9a058fefe5914b04a90f3859a5bb61d9ccdd240dbcce8d9c6d28871db,,pending,,,,5
img_00003991,images/img_00003991.jpg,02_deepfirearm,deepfirearm,1ee32798ae9981a98efd6642c58794c51330b3ce10245e73ba9f93811a4f6ed6,,pending,,,,5
img_00003992,images/img_00003992.jpg,02_deepfirearm,deepfirearm,6c538db0ea4edcc00bfa6031ed784dea8b9f924e69b94b193e7d53319dcde83c,,pending,,,,5
img_00003993,images/img_00003993.jpg,02_deepfirearm,deepfirearm,cf634e9e4300efee006e8ff7397dd4336204f060e39768c0749ce43abc04e23b,,pending,,,,5
img_00003994,images/img_00003994.jpg,02_deepfirearm,deepfirearm,a0a6205bac60e83ded13526300b1c894da619c342ba9eee1322675055de51039,,pending,,,,5
img_00003995,images/img_00003995.jpg,02_deepfirearm,deepfirearm,c553857d2a5a1d3fd1649759bbdd8f60402537cef5a11fd83dcfc4323c581793,,pending,,,,5
img_00003996,images/img_00003996.jpg,02_deepfirearm,deepfirearm,090ab80c676e8bcd321a60e51313122f5d9364da074c4485c592dd0f27b7b823,,pending,,,,5
img_00003997,images/img_00003997.jpg,02_deepfirearm,deepfirearm,1a51ece17035136ce1c3110258d6bec3e42696c17ec47852a3f4ba838efc416b,,pending,,,,5
img_00003998,images/img_00003998.jpg,02_deepfirearm,deepfirearm,64f66bd85f931b8674b43cfdb57dd01dd27df7b3ab05c35aa2f95997e2660b4f,,pending,,,,5
img_00003999,images/img_00003999.jpg,02_deepfirearm,deepfirearm,3b86017d9485ac8d982a016f7c683975d3f71046c18aa68b19afc69c82ff9d8e,,pending,,,,5
img_00004000,images/img_00004000.jpg,02_deepfirearm,deepfirearm,4763798711972c63b37c7f40811f67b532fe1580c628e5101f3eb0bfa8a23960,,pending,,,,5
img_00004001,images/img_00004001.jpg,02_deepfirearm,deepfirearm,7b6eeb2b12d918c64679ef6a21cec5b8046956af63c70ca25a3073f5fe4cae24,,pending,,,,5
img_00004002,images/img_00004002.jpg,02_deepfirearm,deepfirearm,7d40a4df054b7cfcbeaded813837dbde38d40635ad5b165e44097e4b6bcf424f,,pending,,,,5
img_00004003,images/img_00004003.jpg,02_deepfirearm,deepfirearm,88f6781350e47af3006b41b76b3b9668843cd3228740b2aeec94d5e12c973b47,,pending,,,,5
img_00004004,images/img_00004004.jpg,02_deepfirearm,deepfirearm,c17817f3a63c60fe81046d832ae7e194b6982568593abe54b5b376e6f677a32f,,pending,,,,5
img_00004005,images/img_00004005.jpg,02_deepfirearm,deepfirearm,8f3401f7221bd7f22718b255bc6447d7519ee09d43062aac88b603b35d51358e,,pending,,,,5
img_00004006,images/img_00004006.jpg,02_deepfirearm,deepfirearm,0ee8a6d82747e87ed64f50e332a4c1bda9cd24059298964fd4a3204554d5694b,,pending,,,,5
img_00004007,images/img_00004007.jpg,02_deepfirearm,deepfirearm,850d90da7e05c3ab63bb9a36eb49298100e30e22b9d0fe8c9104e6f388c43b69,,pending,,,,5
img_00004008,images/img_00004008.jpg,02_deepfirearm,deepfirearm,c89e7579ddf1df1aa0775b46d52aeca3945453e1d2b26a939d0fad4c70caf74a,,pending,,,,5
img_00004009,images/img_00004009.jpg,02_deepfirearm,deepfirearm,571080c9687716f87638a6895199965131b77cd4160b99d2ed7c06de5919b09d,,pending,,,,5
img_00004010,images/img_00004010.jpg,02_deepfirearm,deepfirearm,760b59567b390710be5049e6607dd34151f960eb03731500fb84ccb27797db40,,pending,,,,5
img_00004011,images/img_00004011.jpg,02_deepfirearm,deepfirearm,49ea133a1437d0b788522d5b7e1ce8edc5a27f65a9c0d37450d5f4c0f2f1d8f3,,pending,,,,5
img_00004012,images/img_00004012.jpg,02_deepfirearm,deepfirearm,d75a02c0915ff5d5db83a88c2537e1c68d238cb6442e0c51430add14566659c0,,pending,,,,5
img_00004013,images/img_00004013.jpg,02_deepfirearm,deepfirearm,c5649d57ae3a6d26328d4b7cedaa71e7d611f40a5876877cfde2086e27684773,,pending,,,,5
img_00004014,images/img_00004014.jpg,02_deepfirearm,deepfirearm,425c4a7c98977311b13f2dc3c9b46c2783968a74568d79b88dc0cb8d2758244c,,pending,,,,5
img_00004015,images/img_00004015.jpg,02_deepfirearm,deepfirearm,1a8ce982f02f09bd5c29c38d49845584ed0fa362941c48249bbb10572a4409f8,,pending,,,,5
img_00004016,images/img_00004016.jpg,02_deepfirearm,deepfirearm,d86628d098c7a533f23faecc4e5165f45a6cf3dd46c2a252e41bc94e62c2eb55,,pending,,,,5
img_00004017,images/img_00004017.jpg,02_deepfirearm,deepfirearm,6d5b3acd97cffb39d87354b7239553ec66247adee1080c94ec03ecaf466103d5,,pending,,,,5
img_00004018,images/img_00004018.jpg,02_deepfirearm,deepfirearm,e22c9a2ee544a25c1d5792a0201e8e644e5a5428296d7499165564ffa79bf528,,pending,,,,5
img_00004019,images/img_00004019.jpg,02_deepfirearm,deepfirearm,c04f81957cc85e3b9f67480920720278a66312c892db95d7127bed779db8402d,,pending,,,,5
img_00004020,images/img_00004020.jpg,02_deepfirearm,deepfirearm,bde05fa876d4af69307113d331da30e1b45dcf1ceed9dce8d7ea6232624f007a,,pending,,,,5
img_00004021,images/img_00004021.jpg,02_deepfirearm,deepfirearm,39138293caf61f160cb33523904143560922d1b5600c3cf54681214190a2bd7c,,pending,,,,5
img_00004022,images/img_00004022.jpg,02_deepfirearm,deepfirearm,a3c34947482d6a9a21f6130d80626e36861e8519b2667351c9f4ea4ac3e30a90,,pending,,,,5
img_00004023,images/img_00004023.jpg,02_deepfirearm,deepfirearm,b890fd4011a8babf398025f18c9c65cc9f46ba059c442fa3214f781d0783d63d,,pending,,,,5
img_00004024,images/img_00004024.jpg,02_deepfirearm,deepfirearm,3291b57c192459d3df50d5b549c600c8c8bdaa4910c937f1717ce7ebb68901e6,,pending,,,,5
img_00004025,images/img_00004025.jpg,02_deepfirearm,deepfirearm,ee5f2d4dc2830dffd9097f1c3ecd7a1a434bbd91a41db0c7997d5377bb343106,,pending,,,,5
img_00004026,images/img_00004026.jpg,02_deepfirearm,deepfirearm,581ba28db31dfd397a90713b81002ddbc81a6e9b8bb78be77179cd3832d85dfc,,pending,,,,5
img_00004027,images/img_00004027.jpg,02_deepfirearm,deepfirearm,de87ff8564a6a6abc4b5435ed3983d93ffb00505e6f642fdd7cf8105579b393e,,pending,,,,5
img_00004028,images/img_00004028.jpg,02_deepfirearm,deepfirearm,2b9b06f22d15cf99986501050cff141e12dc44162f920e9a9006c7455f0ee8fc,,pending,,,,5
img_00004029,images/img_00004029.jpg,02_deepfirearm,deepfirearm,3e5de4d02eeb18d38fef9f80ed46ec935a8c375ff8cbf61fe9857866b67d7bfd,,pending,,,,5
img_00004030,images/img_00004030.jpg,02_deepfirearm,deepfirearm,65e41282421ca6a5ed64ef7809b28d1d8f87f10e3e9c988d372eaed0aebdc2c1,,pending,,,,5
img_00004031,images/img_00004031.jpg,02_deepfirearm,deepfirearm,9ff1a651c35fd3a32e51a32aa63b183b4a0b81355e08d77938ed59dbf4605b60,,pending,,,,5
img_00004032,images/img_00004032.jpg,02_deepfirearm,deepfirearm,ae3cc2d389f46ba25d5225bb4d758d8102f7f2ebfd38eb4affc3fd5095c20780,,pending,,,,5
img_00004033,images/img_00004033.jpg,02_deepfirearm,deepfirearm,97c5554f05d437ef910a54de6aad46ecf7c8ecc5ebaa5c2f807a065ba920704b,,pending,,,,5
img_00004034,images/img_00004034.jpg,02_deepfirearm,deepfirearm,8c19d899282851d63cb18feff9d06817d626a52db2201f58ac7dc14f38ee6472,,pending,,,,5
img_00004035,images/img_00004035.jpg,02_deepfirearm,deepfirearm,54fbba50c2d47ba5e8e1cd2ad96ac167cf594320e1080a3deb2e040b408e9ad3,,pending,,,,5
img_00004036,images/img_00004036.jpg,02_deepfirearm,deepfirearm,01c2c9888b02fc37007ea1a4ba1298ee005655e1463de20ef46b6ed4112dae62,,pending,,,,5
img_00004037,images/img_00004037.jpg,02_deepfirearm,deepfirearm,72e522ee32aef2cab959238f962b856d35c2faa467e34af2cf8dcaa8098a8738,,pending,,,,5
img_00004038,images/img_00004038.jpg,02_deepfirearm,deepfirearm,627b2edb4cdff1fdb2272ca3f47339fd797c904d1738f83d4ac83ae28ba35e7a,,pending,,,,5
img_00004039,images/img_00004039.jpg,02_deepfirearm,deepfirearm,e043a000c545b873a5c7bc360b7716408df0b8ebf3a36cb46574ce9ed17e6a41,,pending,,,,5
img_00004040,images/img_00004040.jpg,02_deepfirearm,deepfirearm,dbb8b7766cc63481ebd6712e21dc5e5346a4c6ba7c8e6c55bc3edcf557bdded7,,pending,,,,5
img_00004041,images/img_00004041.jpg,02_deepfirearm,deepfirearm,dac9a53d8799ddeac51a8ca794ce1e61ca205dd596728557cbb2a1b33314f2d2,,pending,,,,5
img_00004042,images/img_00004042.jpg,02_deepfirearm,deepfirearm,a676becec2cd4e8da8cbf183da16b17ea126659489dcce692d1f8de1af5896c6,,pending,,,,5
img_00004043,images/img_00004043.jpg,02_deepfirearm,deepfirearm,fe1b438b27355aee0181a41161b7d6b2b1d9127e175618393f724d9fe490744c,,pending,,,,5
img_00004044,images/img_00004044.jpg,02_deepfirearm,deepfirearm,cd16f1260035a729e5d0db81c4e319803b6b09ab6d552455eeb0c61050a9eaa6,,pending,,,,5
img_00004045,images/img_00004045.jpg,02_deepfirearm,deepfirearm,24d06684d3e960088e56eab64e0378daef0ab6e3c9d676fc87edbd2e17e05f60,,pending,,,,5
img_00004046,images/img_00004046.jpg,02_deepfirearm,deepfirearm,96dc822bbb41d40556655b5d1c301789cb4043b7f49cd3e837b73aa8ac09c316,,pending,,,,5
img_00004047,images/img_00004047.jpg,02_deepfirearm,deepfirearm,645958a0f894ded9132fbcff824dfef74e1082e119ae3cff04e0cc41dbcde687,,pending,,,,5
img_00004048,images/img_00004048.jpg,02_deepfirearm,deepfirearm,3251978b36bcd34bbd33ae79a438760459b7fe74e7b6bfc66cd1c4007e257e2f,,pending,,,,5
img_00004049,images/img_00004049.jpg,02_deepfirearm,deepfirearm,95e1e91a8b0785012f0e965b603bed702ed0ddffa10a23c2dccbed2a3473c2ce,,pending,,,,5
img_00004050,images/img_00004050.jpg,02_deepfirearm,deepfirearm,bb9d9c6a5a2dd94beead3c359c523874a47e086de563735cabfe899a4b560c40,,pending,,,,5
img_00004051,images/img_00004051.jpg,02_deepfirearm,deepfirearm,3f429dce2d3df432fb89ac7500094bccf8774076c0dcfd0a022fca149309e82f,,pending,,,,5
img_00004052,images/img_00004052.jpg,02_deepfirearm,deepfirearm,287ad34816980a370f39d4b82996d2642de61d49c69516af7e24f7eb7623578b,,pending,,,,5
img_00004053,images/img_00004053.jpg,02_deepfirearm,deepfirearm,b0a0da3c663df6986b565b5149b4bcf192b7ad99f60e6a14449cfcbc4f62aefb,,pending,,,,5
img_00004054,images/img_00004054.jpg,02_deepfirearm,deepfirearm,dc7285bb4b83fced6bc9b71d73609083eca3005554e76d7b41019c25f5d3f1c2,,pending,,,,5
img_00004055,images/img_00004055.jpg,02_deepfirearm,deepfirearm,b26d1c4b371fb7c637ad61212d6495e616673426bc6fc396b893fd781607168a,,pending,,,,5
img_00004056,images/img_00004056.jpg,02_deepfirearm,deepfirearm,affeec942cfa91fec3f2ae4ffa10a7a83b774ea34feb9eedac5882e91a5f5328,,pending,,,,5
img_00004057,images/img_00004057.jpg,02_deepfirearm,deepfirearm,b71811312f65d96e636b977ac71e690ee20ebbb816116d3bee2ebd4ff46da968,,pending,,,,5
img_00004058,images/img_00004058.jpg,02_deepfirearm,deepfirearm,063494bce209565a754f38f493aefc1ab3a0704c91cbb177de5ad481fb5b3afa,,pending,,,,5
img_00004059,images/img_00004059.jpg,02_deepfirearm,deepfirearm,10471327a7406419060ef074e9a51999c03d40d2e52f352a1d99e931b3f5e361,,pending,,,,5
img_00004060,images/img_00004060.jpg,02_deepfirearm,deepfirearm,1f6b7b7e466ff78b6f88886eeadaf14960873bea84fb86524795835d8717395c,,pending,,,,5
img_00004061,images/img_00004061.jpg,02_deepfirearm,deepfirearm,fb5ca8ef3a3be59be4be9df91917562ccb50badac1ebe6ec038661f51372b374,,pending,,,,5
img_00004062,images/img_00004062.jpg,02_deepfirearm,deepfirearm,7d1e21be22e33f4aefead04cbbcc9745f2e8cc407e6b48bd9a0e0e6047e1bbd8,,pending,,,,5
img_00004063,images/img_00004063.jpg,02_deepfirearm,deepfirearm,cbb7a89019f0a665dfc2ab6d7b4601825cd120f65ea20e81636a6e43c106eeaf,,pending,,,,5
img_00004064,images/img_00004064.jpg,02_deepfirearm,deepfirearm,a6e2da671eb099c3d402446016812728eae5cf09ec7568cf819e39cdf1eb2a8f,,pending,,,,5
img_00004065,images/img_00004065.jpg,02_deepfirearm,deepfirearm,c58833949321d1be4d42bd14212615526b72ec6a61181ca1b431832ce7d95762,,pending,,,,5
img_00004066,images/img_00004066.jpg,02_deepfirearm,deepfirearm,4580b6219f4a85d81ebd13aca88c0bd44a4a06de6985eb99586aa55d966fe592,,pending,,,,5
img_00004067,images/img_00004067.jpg,02_deepfirearm,deepfirearm,9b2939fd4d0a2ba8fa6a69e191edba7a5e6f87760ed8837bf05cb44de7203973,,pending,,,,5
img_00004068,images/img_00004068.jpg,02_deepfirearm,deepfirearm,2bbc7a8285f84b42e5a98443e2d7c38da36522149fa856f34f2b7281acbb25c8,,pending,,,,5
img_00004069,images/img_00004069.jpg,02_deepfirearm,deepfirearm,7e952bc8576c8fecffb7d74b715a3c0c8da862de95bab965ff3156227eb32b87,,pending,,,,5
img_00004070,images/img_00004070.jpg,02_deepfirearm,deepfirearm,79a2d7d6a75be74d025fc52cc7da3d65576d28e9a0054b6c812b89b1ad106492,,pending,,,,5
img_00004071,images/img_00004071.jpg,02_deepfirearm,deepfirearm,65aab07b82685ef2fe8ff4564dc67d2b0f71b80f46c5eb3a8368e72a9f46e8cc,,pending,,,,5
img_00004072,images/img_00004072.jpg,02_deepfirearm,deepfirearm,047fb91dc378ca2edd0e998a1ef14c34ee8cf1e5eb0c48e39244c2dbeaee3ee6,,pending,,,,5
img_00004073,images/img_00004073.jpg,02_deepfirearm,deepfirearm,86fc2751fc53cbf432a44447e93e0c209e5de99c78aa5f96da118b6207a18bb4,,pending,,,,5
img_00004074,images/img_00004074.jpg,02_deepfirearm,deepfirearm,5d61767c9069dff9151202e46eea234d170af1479b597bc2ff0fa8193d991243,,pending,,,,5
img_00004075,images/img_00004075.jpg,02_deepfirearm,deepfirearm,a24d7f80ae1d2ba203f9cd1e39a73747fb612e6d5a752c08864e46e5b7cdbfce,,pending,,,,5
img_00004076,images/img_00004076.jpg,02_deepfirearm,deepfirearm,275d4ff71cdbc1d802096c7b0a93fc943b6fc92a1807c2f2f3e79851da663bcb,,pending,,,,5
img_00004077,images/img_00004077.jpg,02_deepfirearm,deepfirearm,3fc74d4b1fd4514ce5cf80c278ee9452393b04e99861ad827e29c5edd9b5d369,,pending,,,,5
img_00004078,images/img_00004078.jpg,02_deepfirearm,deepfirearm,42e7c846f880348313b3d363d576b747b508e71ef044cb4a5b88e80768db5350,,pending,,,,5
img_00004079,images/img_00004079.jpg,02_deepfirearm,deepfirearm,dc5b07379cabd735d5d92bb253931eec35419a5af193c3d805f7660a5d24bf14,,pending,,,,5
img_00004080,images/img_00004080.jpg,02_deepfirearm,deepfirearm,0e94c1e4e08e0408f5cbfa9ef719c3bdf54860f7dc2cb57bbd0e1b7346b5aab3,,pending,,,,5
img_00004081,images/img_00004081.jpg,02_deepfirearm,deepfirearm,4dbc9171a1db690a2e2a031a8b26c61e3249f5f788e83be81f1387f56f8dce9d,,pending,,,,5
img_00004082,images/img_00004082.jpg,02_deepfirearm,deepfirearm,c93e1ee54aeafb41b28e37ee3090c8f4a097e33614a914537f14765015fab218,,pending,,,,5
img_00004083,images/img_00004083.jpg,02_deepfirearm,deepfirearm,c6b1512fcd5a286743a718ca3fd9d277ee7b5c3c377b027e9d17f91795875847,,pending,,,,5
img_00004084,images/img_00004084.jpg,02_deepfirearm,deepfirearm,cb7d1d8502696056befa6750c26d57194e843ea0b35f141fe9204bd600740930,,pending,,,,5
img_00004085,images/img_00004085.jpg,02_deepfirearm,deepfirearm,0631e1fb9098ab4af065dde5d7428779f26a8599e9d4b3a312d2e1327bc9b904,,pending,,,,5
img_00004086,images/img_00004086.jpg,02_deepfirearm,deepfirearm,374e7f1c8b5d65b241933757d95482017c8a651f8e3b67a6411a75bfc33b9c2f,,pending,,,,5
img_00004087,images/img_00004087.jpg,02_deepfirearm,deepfirearm,a19f370740b35273066401c9b4e2e368e71455229381907f029e4b0850c0be9e,,pending,,,,5
img_00004088,images/img_00004088.jpg,02_deepfirearm,deepfirearm,168a1d8097427ff42df9d673935dd8950a17d492b2f7b013343119f5bbfeba94,,pending,,,,5
img_00004089,images/img_00004089.jpg,02_deepfirearm,deepfirearm,3ef0ac4e81a5c1884d2884fcb914951f00ef98f3ba219447d11e8be00136b8c9,,pending,,,,5
img_00004090,images/img_00004090.jpg,02_deepfirearm,deepfirearm,42482aacd088fad2bae96463ffe1261b5ae0039d10056425e3f3ca0f3f7713e0,,pending,,,,5
img_00004091,images/img_00004091.jpg,02_deepfirearm,deepfirearm,a086e654236d75d9e321939f5e4304b5a26e8c3084f229eed7b4a3ffeb71d329,,pending,,,,5
img_00004092,images/img_00004092.jpg,02_deepfirearm,deepfirearm,f2521655249e9b4ed94558a14e08de849b8198a3a1d7718c49590ce137db2cad,,pending,,,,5
img_00004093,images/img_00004093.jpg,02_deepfirearm,deepfirearm,a25eb5a70de3c7342f4c9f4a666dedac8ea9ac916b09bb9f21266a82c5040dc9,,pending,,,,5
img_00004094,images/img_00004094.jpg,02_deepfirearm,deepfirearm,d41c57510ac7154172e40cea61b74fa77561d040434af47d01176e42e8155013,,pending,,,,5
img_00004095,images/img_00004095.jpg,02_deepfirearm,deepfirearm,aea6e9eaed278c2653ac262107be42636a84ca880c87be0d4b852bdb9aeaaa5f,,pending,,,,5
img_00004096,images/img_00004096.jpg,02_deepfirearm,deepfirearm,c5a5190021999a1b1dbbb2c0d1d4cc25c33a5cc68e1bc62b7e19c6634a5fe9e5,,pending,,,,5
img_00004097,images/img_00004097.jpg,02_deepfirearm,deepfirearm,ca4bf5f6a4c40bc4c0dbeade1b6d0f38056f30d654a20deb396298155714641c,,pending,,,,5
img_00004098,images/img_00004098.jpg,02_deepfirearm,deepfirearm,e0a95e95cd3bf61babc7c4149f3f6eb89f1283a838d80a13068ee4dcb3431a88,,pending,,,,5
img_00004099,images/img_00004099.jpg,02_deepfirearm,deepfirearm,e9b0975ab316c31139eea72e8154481d12a8bec594e3cf7f95f4f478b9aadfd5,,pending,,,,5
img_00004100,images/img_00004100.jpg,02_deepfirearm,deepfirearm,26c92b37204cfd48e79d0f38da89179df42ab6f2214e646ab167782c58349431,,pending,,,,5
img_00004101,images/img_00004101.jpg,02_deepfirearm,deepfirearm,32cbcb32af8b633c5c1c6973c67fee6f89f35c13d293d206e6d3f19ba6662064,,pending,,,,5
img_00004102,images/img_00004102.jpg,02_deepfirearm,deepfirearm,7c9f97ad8fffd3cdcd775fb1e5a396277c1b48ada51c6ad66c6966dad53f497f,,pending,,,,5
img_00004103,images/img_00004103.jpg,02_deepfirearm,deepfirearm,45ba09062e9d9f83957c129a19ab64b0e1e6c7be3dcf3fa0050ba53574476785,,pending,,,,5
img_00004104,images/img_00004104.jpg,02_deepfirearm,deepfirearm,8769de30de2b2c353c67f7107ba7b877d0ca2558e49a5a1ec3496caf1bad9320,,pending,,,,5
img_00004105,images/img_00004105.jpg,02_deepfirearm,deepfirearm,95af38e906adccf2f02ec0a40b0f57e24ce2e485d4a118c2e32dfbc8e223f96c,,pending,,,,5
img_00004106,images/img_00004106.jpg,02_deepfirearm,deepfirearm,ff1238dba4b0b457ffc122621d8ba2d10dfbfc142358df1d81ab691e563c9563,,pending,,,,5
img_00004107,images/img_00004107.jpg,02_deepfirearm,deepfirearm,9a082ce118ffefd7fc41acba9eb2ddeed138c8f53507f2854e35ebbd37a6dd73,,pending,,,,5
img_00004108,images/img_00004108.jpg,02_deepfirearm,deepfirearm,65189c95fe62ed7c8daa46e12c446cca777ff7c32ea460486ecf911699fdf9b1,,pending,,,,5
img_00004109,images/img_00004109.jpg,02_deepfirearm,deepfirearm,b688d5a97a0902afe50e96dd86937a1168679b9a41662e4f59e747dc2644e283,,pending,,,,5
img_00004110,images/img_00004110.jpg,02_deepfirearm,deepfirearm,b45e7090f96491ff670af07f010cd5ea49d116b1f3d399d3582bd9ab3ad65a74,,pending,,,,5
img_00004111,images/img_00004111.jpg,02_deepfirearm,deepfirearm,743a19cefe8008b5359877734683d66c8250b4b6a812e1ed3c6012ff7da1cf1d,,pending,,,,5
img_00004112,images/img_00004112.jpg,02_deepfirearm,deepfirearm,4f2eb12ade55e6f49ae31d47ea6bf97fe66151f8f666d4d5759e183c2f4cda0f,,pending,,,,5
img_00004113,images/img_00004113.jpg,02_deepfirearm,deepfirearm,40b1c77bfe65e08e6678493398036d862375b89d1d0ce3351dfa172727f8b51a,,pending,,,,5
img_00004114,images/img_00004114.jpg,02_deepfirearm,deepfirearm,27be6ec8560a5b0947c82c9d3a0ed5de1664d5c5fbac5d2f4fd7b905a21117cc,,pending,,,,5
img_00004115,images/img_00004115.jpg,02_deepfirearm,deepfirearm,27fc8f76d2e62bb89af70227aaa01af7d19d667a3f425e4427ece2cb49914eb9,,pending,,,,5
img_00004116,images/img_00004116.jpg,02_deepfirearm,deepfirearm,951589a4f88145c87a23fc750ebb0d9f7540da76622c83e7bc6d56b596b81095,,pending,,,,5
img_00004117,images/img_00004117.jpg,02_deepfirearm,deepfirearm,b522309c670b995e474b314e1b58971e601843a77e0c34d76415c1d90428100a,,pending,,,,5
img_00004118,images/img_00004118.jpg,02_deepfirearm,deepfirearm,3da6bc8dec54decba300632f825cdfa7b0d32a0d1c52ababf10b8b8dbea555bf,,pending,,,,5
img_00004119,images/img_00004119.jpg,02_deepfirearm,deepfirearm,4f241b9ed66617d2de84c675ddd06894c364d904f47f410eb0a99f343cde37d2,,pending,,,,5
img_00004120,images/img_00004120.jpg,02_deepfirearm,deepfirearm,aacf3dfb4a235d2ad0800061fda01f564871f38439c01640fc9e09be372eb8b7,,pending,,,,5
img_00004121,images/img_00004121.jpg,02_deepfirearm,deepfirearm,a152be53138baa6172ad5160bbd67e3852c843874dc4ea252d18b993e9915e87,,pending,,,,5
img_00004122,images/img_00004122.jpg,02_deepfirearm,deepfirearm,f155ca2eb6ea6398e000e770ab1b360bdabd38ccb565e20841dc1b84b8129fb3,,pending,,,,5
img_00004123,images/img_00004123.jpg,02_deepfirearm,deepfirearm,b406436b4f23685b37b8f9ce5da5b192311fdc6e86e9648fe0528dbcfd00dfeb,,pending,,,,5
img_00004124,images/img_00004124.jpg,02_deepfirearm,deepfirearm,0a59613cadb8803c35c3d2d961930f6b859bc69e1919299934fb974014889f5e,,pending,,,,5
img_00004125,images/img_00004125.jpg,02_deepfirearm,deepfirearm,097e3eb0ccc060fd8a44c1502ee90d7a89283e0313785aca9a9a205e7f41acce,,pending,,,,5
img_00004126,images/img_00004126.jpg,02_deepfirearm,deepfirearm,dcb13fc8c58e4c72fb5010db1bf28cb1df8873bcd452bc2540c69f386d55e8a0,,pending,,,,5
img_00004127,images/img_00004127.jpg,02_deepfirearm,deepfirearm,cb04ba53055a486e5ed5d82192c356fab9c745ac96b77182a7d2836ff7421ac6,,pending,,,,5
img_00004128,images/img_00004128.jpg,02_deepfirearm,deepfirearm,8d986886b7dcaf6828583f7d5988ee57e5809fdcf5652e5712cf041af7659fb8,,pending,,,,5
img_00004129,images/img_00004129.jpg,02_deepfirearm,deepfirearm,a454d6179293f7d3a73a2794bd0850513ef545a9019a8a42cbbf1c3e4f61c0ee,,pending,,,,5
img_00004130,images/img_00004130.jpg,02_deepfirearm,deepfirearm,a697e3ced41a07e141833372c69c542d95749e207021362eeeae69c993a283d1,,pending,,,,5
img_00004131,images/img_00004131.jpg,02_deepfirearm,deepfirearm,b2ddcc4267758eb912d6cc7e12c1c7e10ec5e6e971cc997ec8861fd91efb0f32,,pending,,,,5
img_00004132,images/img_00004132.jpg,02_deepfirearm,deepfirearm,60c01d59205f2812171aa2e35ebfd5d4fdeb19d54479fbf2cea1a0ec1c1eee8c,,pending,,,,5
img_00004133,images/img_00004133.jpg,02_deepfirearm,deepfirearm,7dfa00e0d9efaffa0d6de9987036ce4f93a59738222c9ff605c7fc55217f1335,,pending,,,,5
img_00004134,images/img_00004134.jpg,02_deepfirearm,deepfirearm,68789810c8e489655cf6673e0908f789bdaa3c7014ffdadd1677e2c083c4c7dd,,pending,,,,5
img_00004135,images/img_00004135.jpg,02_deepfirearm,deepfirearm,093a30039d2692681cc670b79687497fd0a4a98e1f65f7d69eb342fe38168b2a,,pending,,,,5
img_00004136,images/img_00004136.jpg,02_deepfirearm,deepfirearm,d4cfb6b340f059e3eec3633971f71a55934ec6ad81e5838e0e331b4d71505546,,pending,,,,5
img_00004137,images/img_00004137.jpg,02_deepfirearm,deepfirearm,0b823c75def917c0f53d3419b50269add2d9586764348609a00222db8d33c731,,pending,,,,5
img_00004138,images/img_00004138.jpg,02_deepfirearm,deepfirearm,5e86b75529955f1b0ca66dbc997ee18db21ce1b37f25e37de5cbc38ccf1ee790,,pending,,,,5
img_00004139,images/img_00004139.jpg,02_deepfirearm,deepfirearm,e607500535cf3c876b52983d2575397ad13f59b79a4723bcea3402b937e35bf6,,pending,,,,5
img_00004140,images/img_00004140.jpg,02_deepfirearm,deepfirearm,749f6aee3771bda29ae0ed7f7fab5a6183b57955dbdba04d0a7baf8ee229dab5,,pending,,,,5
img_00004141,images/img_00004141.jpg,02_deepfirearm,deepfirearm,1e1cdff387809fb8fe47b55668e8ee256ea6516bcfb61766bd9a8bdc78ceb7e4,,pending,,,,5
img_00004142,images/img_00004142.jpg,02_deepfirearm,deepfirearm,65c8f1b3e47b140908713eec1ff19e537d52b77dcdc65dcd0ec0b9746af0b673,,pending,,,,5
img_00004143,images/img_00004143.jpg,02_deepfirearm,deepfirearm,9614292a902d78433fb81fd9bf653fc9c193d0640e2d89469858a76b0882f501,,pending,,,,5
img_00004144,images/img_00004144.jpg,02_deepfirearm,deepfirearm,6ea0d393cc7cf7c7b2b97353b70eb2e98285e7dbc27bcc941bc04d6bd639244d,,pending,,,,5
img_00004145,images/img_00004145.jpg,02_deepfirearm,deepfirearm,ec6be2eeda5af4a49033c187de8ddfe75dcc89ebe9534023c50bbf00acba263f,,pending,,,,5
img_00004146,images/img_00004146.jpg,02_deepfirearm,deepfirearm,456495c9c5ff1f9788b20b621bc8939c72e136514d101c5d20877be4c193b977,,pending,,,,5
img_00004147,images/img_00004147.jpg,02_deepfirearm,deepfirearm,1bc11cdb6620458a67398d8de08fea6cf672fbbc6f0a0b22cb627fcd52572c10,,pending,,,,5
img_00004148,images/img_00004148.jpg,02_deepfirearm,deepfirearm,dc98618fe5475d8dcb322299b73b5b690c75dbc0363c4abd21a1fba5c3495438,,pending,,,,5
img_00004149,images/img_00004149.jpg,02_deepfirearm,deepfirearm,45b326c8c0a917c54999e902cdf8972ed91628fce1e6a57abced9d676bcdbba3,,pending,,,,5
img_00004150,images/img_00004150.jpg,02_deepfirearm,deepfirearm,080f1cb11aa2ecdcf824720c64ee34e2cda964ab115a11682f6fde6d55f42fca,,pending,,,,5
img_00004151,images/img_00004151.jpg,02_deepfirearm,deepfirearm,4f919fe07ec4ebfae3bd10e73ce19fe060f1a9a557586d4b1b1b9c278a68fc33,,pending,,,,5
img_00004152,images/img_00004152.jpg,02_deepfirearm,deepfirearm,5bed967e466d02ab0f91ca4dc20af4c745fcfd0434ec8c5d538897e246f90fb4,,pending,,,,5
img_00004153,images/img_00004153.jpg,02_deepfirearm,deepfirearm,66b2b762857c77dff9cb869ee3e4fc3022a0544dee19f7053e7b8e5bde9a9bad,,pending,,,,5
img_00004154,images/img_00004154.jpg,02_deepfirearm,deepfirearm,0ca939b51919f21626f64511a51e6402325ca52153c99564a10137614fed1a7e,,pending,,,,5
img_00004155,images/img_00004155.jpg,02_deepfirearm,deepfirearm,d519067d55978243b0fca9e62f79460637f009dd20beee9cbab408f0e21484fd,,pending,,,,5
img_00004156,images/img_00004156.jpg,02_deepfirearm,deepfirearm,90e860bd2b17719e6e242946058a1e9946230d309934204354c4cf671b9bf7a0,,pending,,,,5
img_00004157,images/img_00004157.jpg,02_deepfirearm,deepfirearm,f5a58592c0dc8aa9c96b34348c0aad403c49760592997275476d9533e767c16b,,pending,,,,5
img_00004158,images/img_00004158.jpg,02_deepfirearm,deepfirearm,efd442f9bce41e9411a5da94a6c83e6a9fdc9925d38bf79fe3beecf26775afba,,pending,,,,5
img_00004159,images/img_00004159.jpg,02_deepfirearm,deepfirearm,add40636843d2928148bc5fd8d3ac9af85b8de82ecadd90f28eb36d7a336fcd8,,pending,,,,5
img_00004160,images/img_00004160.jpg,02_deepfirearm,deepfirearm,0dd6a7778dd43ecc3dc78e8ea53a8317991f30ec794ac9cdf4ef59b5bde48ece,,pending,,,,5
img_00004161,images/img_00004161.jpg,02_deepfirearm,deepfirearm,3364233cdc94cc306bbbfc013ae1575d5221581b8948a46edbb497b81ab95134,,pending,,,,5
img_00004162,images/img_00004162.jpg,02_deepfirearm,deepfirearm,d45d1d0ede78d31ed36a337fa72beb638ccebb930e355644f2392674a519c5a5,,pending,,,,5
img_00004163,images/img_00004163.jpg,02_deepfirearm,deepfirearm,092a5b24fcd3f3432e473be92e004767cb2e76ec063510bec0d3c61f9a4ca66c,,pending,,,,5
img_00004164,images/img_00004164.jpg,02_deepfirearm,deepfirearm,7969d389782e375b100580bca46779e11b55beb5b02f6afae2474e75cda4f23c,,pending,,,,5
img_00004165,images/img_00004165.jpg,02_deepfirearm,deepfirearm,1865de5911cc4556f7d1541322d5e17bae27257efdce311eceb7e40873558422,,pending,,,,5
img_00004166,images/img_00004166.jpg,02_deepfirearm,deepfirearm,43aaf95dca952349503e4e7bbb81c7b8c36600e9dea5b5c45cdaeee2c2255578,,pending,,,,5
img_00004167,images/img_00004167.jpg,02_deepfirearm,deepfirearm,fbf30802932c04f184f5c9114de1514f03163387e0d9e68626054813da1ef5c7,,pending,,,,5
img_00004168,images/img_00004168.jpg,02_deepfirearm,deepfirearm,7fa2165990d4d60239f8d754e8208d83bf4f48900156524e79739524236d126a,,pending,,,,5
img_00004169,images/img_00004169.jpg,02_deepfirearm,deepfirearm,5bb150c3c28bfe64237a979be59442bc5937d498c55b66c4f74be9510810db4d,,pending,,,,5
img_00004170,images/img_00004170.jpg,02_deepfirearm,deepfirearm,6ecb0d029b8160d1ed2c2523883d60e7772d58d06c6ed28b5d474fdc9eda34ec,,pending,,,,5
img_00004171,images/img_00004171.jpg,02_deepfirearm,deepfirearm,e7ddf89dac6b145b4c8faa565fe0e5ffe2ad513599c3b078f851f110ccd7d253,,pending,,,,5
img_00004172,images/img_00004172.jpg,02_deepfirearm,deepfirearm,f105fe822ba286513c433832b6d67ff332b4be54c5b8da302e51e5e153c4caae,,pending,,,,5
img_00004173,images/img_00004173.jpg,02_deepfirearm,deepfirearm,510872334c9fb0b825f3e43a836e20edd86127b4b08e3520e0435c672a8b04ec,,pending,,,,5
img_00004174,images/img_00004174.jpg,02_deepfirearm,deepfirearm,eb836cbe1455ffb067ecb7ca998ea5d07c01784e16903c7472764c4ca8e50fbf,,pending,,,,5
img_00004175,images/img_00004175.jpg,02_deepfirearm,deepfirearm,f4d965d2be2d09d565f68ff587668565e662d9ebb8f6f49af161a39f137d2410,,pending,,,,5
img_00004176,images/img_00004176.jpg,02_deepfirearm,deepfirearm,dcd9ac1920b58089326bec58fb6eb316a6e0c3bdb6930b0e2af9bfc5ea4c7368,,pending,,,,5
img_00004177,images/img_00004177.jpg,02_deepfirearm,deepfirearm,ac593e3e1c3266013839bb9caaf5d0e6bae3bbe61269e7958ff9ddb4c7753e51,,pending,,,,5
img_00004178,images/img_00004178.jpg,02_deepfirearm,deepfirearm,3ffe7a5634b217b8b2fee642685083f6f911916ca040c57aac8fdaea6708e132,,pending,,,,5
img_00004179,images/img_00004179.jpg,02_deepfirearm,deepfirearm,f9254fc2f117ce6fb083a1b209fededde7e51fa6b7094a60c3db52bc00142afd,,pending,,,,5
img_00004180,images/img_00004180.jpg,02_deepfirearm,deepfirearm,fc02fd8aae1476bb9b220fe134ca3148ea6357805f02aad5f973f23a3ef05236,,pending,,,,5
img_00004181,images/img_00004181.jpg,02_deepfirearm,deepfirearm,4b1c333e12a1b60b4544acbb547dc7053e12648a0b5559370614d8c86532d2bd,,pending,,,,5
img_00004182,images/img_00004182.jpg,02_deepfirearm,deepfirearm,f35c1d1e4ae5bc8b212743ce7621446079642004e926a6d71651436cc3d31b97,,pending,,,,5
img_00004183,images/img_00004183.jpg,02_deepfirearm,deepfirearm,83f17bc5ad1baaf2014a9380b8aa76d0390b161ae6510c8f585597ef24c0ae48,,pending,,,,5
img_00004184,images/img_00004184.jpg,02_deepfirearm,deepfirearm,58b1dd7d71499111632e4d8c1e785935b81a1ab6528c0e9e32ce97614504f09d,,pending,,,,5
img_00004185,images/img_00004185.jpg,02_deepfirearm,deepfirearm,6a09325d90784ab5e7ee8f80d4bb57868cd468ea06c088a6cd5f513f1d7ee2be,,pending,,,,5
img_00004186,images/img_00004186.jpg,02_deepfirearm,deepfirearm,25f9dae5ae5544432ebbe584bb7124cb30c7d7c718e4700efa3e7933185b1ced,,pending,,,,5
img_00004187,images/img_00004187.jpg,02_deepfirearm,deepfirearm,bac3efe4c6054423429797f2d843c05b5095eb4edab3ca166e6c26b14fdbe6cb,,pending,,,,5
img_00004188,images/img_00004188.jpg,02_deepfirearm,deepfirearm,b06a929f294d17ade110eff1436fcd6d666d7158e52724bd12ea214e8af1cff5,,pending,,,,5
img_00004189,images/img_00004189.jpg,02_deepfirearm,deepfirearm,919211ab49421f229de243d1654d7d4e7924ce92823c9063c5a60fa82bffc037,,pending,,,,5
img_00004190,images/img_00004190.jpg,02_deepfirearm,deepfirearm,ac988cb1bd6a23b9065ac905acc5cd484aabe521aa0031a8841198692d4f9f9e,,pending,,,,5
img_00004191,images/img_00004191.jpg,02_deepfirearm,deepfirearm,042f8e622ad417d5c2e5894a0b2aa5041828d77dfe526407305a1cfea4dc7982,,pending,,,,5
img_00004192,images/img_00004192.jpg,02_deepfirearm,deepfirearm,64e1bf3658a49cca68ecb428603482986e1234935d862d02b6acd5371a319f2a,,pending,,,,5
img_00004193,images/img_00004193.jpg,02_deepfirearm,deepfirearm,43f865d846c02af0501330480bb916a5a7f2a99715e865fadd79ae00d9fc76b9,,pending,,,,5
img_00004194,images/img_00004194.jpg,02_deepfirearm,deepfirearm,ec865b28d58f4e8b1ce9cf6b956d2c5aebc07dd2956f92dd0f0ed02bd4f8369c,,pending,,,,5
img_00004195,images/img_00004195.jpg,02_deepfirearm,deepfirearm,56d7be24c6a339dd42ac9694b03425aac571b3fccb8b8a2053b384b44d9e6604,,pending,,,,5
img_00004196,images/img_00004196.jpg,02_deepfirearm,deepfirearm,2b3ad4d68d83a7e01b662bceccc1b0c85157ced65b23e55f9fbeb71fa8595cb4,,pending,,,,5
img_00004197,images/img_00004197.jpg,02_deepfirearm,deepfirearm,f1137c9f264eb7038c42d17bd3ba18a4c4597e424c57dfb76a6a6d27e775dce5,,pending,,,,5
img_00004198,images/img_00004198.jpg,02_deepfirearm,deepfirearm,b869066adb5fc5363d48a92d5fa15f0e6c52c6df599072219bbe109142b86ad8,,pending,,,,5
img_00004199,images/img_00004199.jpg,02_deepfirearm,deepfirearm,e923e1daf0cbca0b2bb435f35d0bf5b13fcad0e803234cc381b28e638fc4f77d,,pending,,,,5
img_00004200,images/img_00004200.jpg,02_deepfirearm,deepfirearm,2baceac2b1e7524b6bde62cd4e402ec59d47324920aacc0553acf9c44672129f,,pending,,,,5
img_00004201,images/img_00004201.jpg,02_deepfirearm,deepfirearm,e4f1dd60b5e56a2759178bf6fd33fcfe1d5b8a7e8af79ef8274344455547e204,,pending,,,,5
img_00004202,images/img_00004202.jpg,02_deepfirearm,deepfirearm,060a75a436a1ac931846f1555031c9464bd00d8e6aac84bcfeda58ca5cb72ad7,,pending,,,,5
img_00004203,images/img_00004203.jpg,02_deepfirearm,deepfirearm,cf0751f5b3656f69ca720b4acf4913175a90f4428e1902144cef32c5b3b1cf29,,pending,,,,5
img_00004204,images/img_00004204.jpg,02_deepfirearm,deepfirearm,3d033d6cef7f3e0b678ef719fe026733f46d2ad6f6bb3c782c41bddf618d1c50,,pending,,,,5
img_00004205,images/img_00004205.jpg,02_deepfirearm,deepfirearm,e1f3f790b78de2085f8275a48a6a4fcc9a117a714b2b9b236adf26ce8b58ea95,,pending,,,,5
img_00004206,images/img_00004206.jpg,02_deepfirearm,deepfirearm,141ee7f6bb1ca01c26ce62aea306409bf90a4569eb150dc24a88f47791250ab0,,pending,,,,5
img_00004207,images/img_00004207.jpg,02_deepfirearm,deepfirearm,f811d12269e3c62946dbbe39d87640aa7ac8cc76c7342683bd04ad734025653b,,pending,,,,5
img_00004208,images/img_00004208.jpg,02_deepfirearm,deepfirearm,14f0008517c4e960e3e8cad04fbbed6d8fb318d68d48e2ee2b071fe5311094ce,,pending,,,,5
img_00004209,images/img_00004209.jpg,02_deepfirearm,deepfirearm,c7a1a767d167106a1feeebb4d2bbaa000b2af02aef58165777be659b00345278,,pending,,,,5
img_00004210,images/img_00004210.jpg,02_deepfirearm,deepfirearm,5adb7d68b0d5aba994ad99ad5bf59800b9694ca9f065dbd0063f91e3b18824a9,,pending,,,,5
img_00004211,images/img_00004211.jpg,02_deepfirearm,deepfirearm,3f474cd185e58f28d8dca1a949f5248d7e8c0506f4571cb6b65b0859fc805983,,pending,,,,5
img_00004212,images/img_00004212.jpg,02_deepfirearm,deepfirearm,5ff2b9b29c94718c774b5fe64addad4a86ca807ce42ad08572457c08402bd002,,pending,,,,5
img_00004213,images/img_00004213.jpg,02_deepfirearm,deepfirearm,3208cbbd4bdf1fc94ba7b8905caadbef8ea6c99b84404e7f4ae00193e1d1b937,,pending,,,,5
img_00004214,images/img_00004214.jpg,02_deepfirearm,deepfirearm,a9c97ae205c4b8cdfac2052e43db13e9d135045333f8401aa29e47da719f47ab,,pending,,,,5
img_00004215,images/img_00004215.jpg,02_deepfirearm,deepfirearm,b94bcbaa858aeaedb10e253e4aa9347af14b9ddb8b6d10ae0afbc6905207a90e,,pending,,,,5
img_00004216,images/img_00004216.jpg,02_deepfirearm,deepfirearm,193affdb97acd544c8f41ad099ff90436f36144f3ba43f4c6fc08881e0252ff9,,pending,,,,5
img_00004217,images/img_00004217.jpg,02_deepfirearm,deepfirearm,abc31443f00c68dcada0efa83f9f61415d02e7064a21f2becef92e11e394a7a1,,pending,,,,5
img_00004218,images/img_00004218.jpg,02_deepfirearm,deepfirearm,af5e05a1b2b9df3e759dcc993637c00906388cda8616c79d0bca5a940d8ac5dc,,pending,,,,5
img_00004219,images/img_00004219.jpg,02_deepfirearm,deepfirearm,63e167a855d71f51ff4eb0d441d2d6e0607f82270a3453a7aa70bec33b3c4fc0,,pending,,,,5
img_00004220,images/img_00004220.jpg,02_deepfirearm,deepfirearm,bfe098dbe506fe03d5a7ef4c8fd30aa70069890cf87ec3fbcd51984ebed243e4,,pending,,,,5
img_00004221,images/img_00004221.jpg,02_deepfirearm,deepfirearm,680f8049f8693068b6f0549c97effce5e989e2b5e17ce1a4489f6fc676b9cdc8,,pending,,,,5
img_00004222,images/img_00004222.jpg,02_deepfirearm,deepfirearm,b0e406914a4a3b52b9b520612729065c852831876190634bac6f267a6018367b,,pending,,,,5
img_00004223,images/img_00004223.jpg,02_deepfirearm,deepfirearm,91ec237982fd5c8f4afe3ca1aaa29a3525574d3f494ed8bf2b636a3949af4d2f,,pending,,,,5
img_00004224,images/img_00004224.jpg,02_deepfirearm,deepfirearm,dbe5feb208279d957b6db6ca325bb2139ef822ca641da99686275e26ffc7abff,,pending,,,,5
img_00004225,images/img_00004225.jpg,02_deepfirearm,deepfirearm,ad0e143b8195adc760f1f5c81e66cffcca5d5064d75c0e96ecb62e2fd7544c9a,,pending,,,,5
img_00004226,images/img_00004226.jpg,02_deepfirearm,deepfirearm,88a9b80675533abb8f931acf36a90a7390b2ea194de5c2306fea9eee6e48c463,,pending,,,,5
img_00004227,images/img_00004227.jpg,02_deepfirearm,deepfirearm,25ca994404d01c0ef27e20a40ff8b12ba9d1a4d881a1faa994ed0dc5a30308fe,,pending,,,,5
img_00004228,images/img_00004228.jpg,02_deepfirearm,deepfirearm,d7e7f3e69c67daebed44a112ad2c9426f9a398cf7db94cc2506fa57aedfafd5d,,pending,,,,5
img_00004229,images/img_00004229.jpg,02_deepfirearm,deepfirearm,453dce9b03a9e4da5c16b1058d093d863d32f8ac372469bb78b5d2ad07dfd72e,,pending,,,,5
img_00004230,images/img_00004230.jpg,02_deepfirearm,deepfirearm,b83ab573a68c541655333b64a41c2f1d5fb63c7dc559ccb27bc30d961f925f22,,pending,,,,5
img_00004231,images/img_00004231.jpg,02_deepfirearm,deepfirearm,22679d5b8486900b5455277d5ed44ebe973a79c1da9bd8770185b776797c983b,,pending,,,,5
img_00004232,images/img_00004232.jpg,02_deepfirearm,deepfirearm,fec40ab2904d30cf57e9f0912bb118e95fd54fb9b011546c1effeac880caa65e,,pending,,,,5
img_00004233,images/img_00004233.jpg,02_deepfirearm,deepfirearm,5a3e68e49ed07bffb3752473062651763c6549932c292146365ec967d96c8bc4,,pending,,,,5
img_00004234,images/img_00004234.jpg,02_deepfirearm,deepfirearm,c321528506d6d99ff74131477c2a96415663edbbc93eba3c5b08f267219ee756,,pending,,,,5
img_00004235,images/img_00004235.jpg,02_deepfirearm,deepfirearm,a2e19c1b508439698ba76c5c57adabc5b0ee28ac4c1a9bc35ebd788f8d9a4fea,,pending,,,,5
img_00004236,images/img_00004236.jpg,02_deepfirearm,deepfirearm,1f60bccd9f0a41e40f27e0bdddcd1a4eeaeebb5e6e01e0b68031f1067894aa93,,pending,,,,5
img_00004237,images/img_00004237.jpg,02_deepfirearm,deepfirearm,fd379a08d4aceb4f6f55091d3adde2071d77d083c5440a8b464279c7864956f3,,pending,,,,5
img_00004238,images/img_00004238.jpg,02_deepfirearm,deepfirearm,4eccb3d8655ee106d4a0e8ca8761f6a730fa5b4a7483d885bed2e18b8ab48dec,,pending,,,,5
img_00004239,images/img_00004239.jpg,02_deepfirearm,deepfirearm,284ec8045f2b990c59ea94dab57f92b3b8a5203860bcb69f539a97804f4ba7b1,,pending,,,,5
img_00004240,images/img_00004240.jpg,02_deepfirearm,deepfirearm,9b0b186a09dbd78a19e2488312bb7d2af9919245c9f9d6d70046be3c45e4cd7e,,pending,,,,5
img_00004241,images/img_00004241.jpg,02_deepfirearm,deepfirearm,bdb6d8276f410d224972d689fd7fc07c24ee7092e81bae49ce8f6f1807cdd6a1,,pending,,,,5
img_00004242,images/img_00004242.jpg,02_deepfirearm,deepfirearm,1b4e19304478819f73e75ce725f9b0d35ec25fa74a3c2291ed78d660dce19ec1,,pending,,,,5
img_00004243,images/img_00004243.jpg,02_deepfirearm,deepfirearm,4f506b06ca117a1fb671511d2d6bd5ea89dc15c04fcef219555a498e68a5a6ad,,pending,,,,5
img_00004244,images/img_00004244.jpg,02_deepfirearm,deepfirearm,0031b2e0dacdff8c2d0a591155b3fed0cb9cb1e20e5d59bcf66ad829732d4b08,,pending,,,,5
img_00004245,images/img_00004245.jpg,02_deepfirearm,deepfirearm,37ac32dee53dcb2b5038636f05550752848fbe8fb0c9da1f08dbd72b2709ab4e,,pending,,,,5
img_00004246,images/img_00004246.jpg,02_deepfirearm,deepfirearm,434d87d10b79c1b88f01292712634a3088667b668e53ecef14a513b80754a3c6,,pending,,,,5
img_00004247,images/img_00004247.jpg,02_deepfirearm,deepfirearm,e8c616d1b34db7b0916793441ff700c534e0361c834479605a4d3a1e7f0e53a5,,pending,,,,5
img_00004248,images/img_00004248.jpg,02_deepfirearm,deepfirearm,f6b3c1be9b8f8690bbe510e25d052cf45d69105886167e7687509f795f319952,,pending,,,,5
img_00004249,images/img_00004249.jpg,02_deepfirearm,deepfirearm,c2b68be993daffa096f189269445a800c7e58f19302c8fbb50bfc68e488a9033,,pending,,,,5
img_00004250,images/img_00004250.jpg,02_deepfirearm,deepfirearm,8321dff9f3afda80a4134b7a64913748df029933ba29cc937db239a20c58b4e6,,pending,,,,5
img_00004251,images/img_00004251.jpg,02_deepfirearm,deepfirearm,82e81a3287ae1a7e05a84b0a4980be7360b234b72806f42cb67d01e5495f68d5,,pending,,,,5
img_00004252,images/img_00004252.jpg,02_deepfirearm,deepfirearm,955565177e660107db27cc87bacf19f077bfc1a1575bcc069a3dd0e943b7c188,,pending,,,,5
img_00004253,images/img_00004253.jpg,02_deepfirearm,deepfirearm,87cd51cc46ea30b5ae92c3bf1b1a5dd7d4099fb21abdea303246136c534449e6,,pending,,,,5
img_00004254,images/img_00004254.jpg,02_deepfirearm,deepfirearm,9aa1aeec4dc1f22002f01e7cc74f64080870de595a76db0cc072afd153f9ad84,,pending,,,,5
img_00004255,images/img_00004255.jpg,02_deepfirearm,deepfirearm,3882a32713c635efca03fe7569ef368e9f9134840e279377f7dfadfb22d136b9,,pending,,,,5
img_00004256,images/img_00004256.jpg,02_deepfirearm,deepfirearm,202a34facf97a5c16eb88c7a645c1d2929364d9c79997795d353974adf11ad9f,,pending,,,,5
img_00004257,images/img_00004257.jpg,02_deepfirearm,deepfirearm,33dbdebf0c7569c815f4f6e021d6806a315914411758fa43cc7f1c2c0eef1c5d,,pending,,,,5
img_00004258,images/img_00004258.jpg,02_deepfirearm,deepfirearm,878d2790a2f4e4bd3f75d7a70e89bc48071ec1c49194c47f58705ab7982a2495,,pending,,,,5
img_00004259,images/img_00004259.jpg,02_deepfirearm,deepfirearm,288abb4ad5a2d0a6f41e11aed4d82d9488b41269cc2b6cd39289d76787889238,,pending,,,,5
img_00004260,images/img_00004260.jpg,02_deepfirearm,deepfirearm,68744673a0ba5294da028ff4e0d913cab1242c5491be976715bd3d8260078774,,pending,,,,5
img_00004261,images/img_00004261.jpg,02_deepfirearm,deepfirearm,5284f041ba2664e15396ed5563228b4eac31475bff45a748f6e14e9e4d0a8fce,,pending,,,,5
img_00004262,images/img_00004262.jpg,02_deepfirearm,deepfirearm,e934bae55820bcb585601814efbc3b36f9b96a37bc248e1aed3da9222c8da47e,,pending,,,,5
img_00004263,images/img_00004263.jpg,02_deepfirearm,deepfirearm,3392e4eff7d50d5f33ba1d34b9297c1d7be056d2d3a44c2edc51b257a044f72d,,pending,,,,5
img_00004264,images/img_00004264.jpg,02_deepfirearm,deepfirearm,fba81cdc465a85e6319cadae96100a80f70b0a0614b5a0737ea3e3c5ae04614d,,pending,,,,5
img_00004265,images/img_00004265.jpg,02_deepfirearm,deepfirearm,59359ed097ceae9002cda5d7952645290674076f870ac71e0d49017db23502ec,,pending,,,,5
img_00004266,images/img_00004266.jpg,02_deepfirearm,deepfirearm,958426517b8c937a42b36ec4068796dd25885bd9ff43969ee4ed1658a44c12bc,,pending,,,,5
img_00004267,images/img_00004267.jpg,02_deepfirearm,deepfirearm,b599f44f63f6ec486f57b1a6fcda24cf33e7f044c64c233a3494d5b14c6ed163,,pending,,,,5
img_00004268,images/img_00004268.jpg,02_deepfirearm,deepfirearm,1bee7e18f4a70375c039699fe69230342a55a03567004d778b621b1d02bf9d5d,,pending,,,,5
img_00004269,images/img_00004269.jpg,02_deepfirearm,deepfirearm,713d23a3d211c2bd8495fed025eb461981d7aab87aa78754ba87cf01d8971023,,pending,,,,5
img_00004270,images/img_00004270.jpg,02_deepfirearm,deepfirearm,8d3e2f71e6061d91ab57ac3560333af02dff5e8bfe6ea49cc038dec63498573e,,pending,,,,5
img_00004271,images/img_00004271.jpg,02_deepfirearm,deepfirearm,aef9485d6a7fd9b3624072cc642ca7885aacdd1e0b260c0d21930c475ada8754,,pending,,,,5
img_00004272,images/img_00004272.jpg,02_deepfirearm,deepfirearm,fc13540cc09c9ceb1308aac6584a481902af417277a7e56df0a579e3eedefa13,,pending,,,,5
img_00004273,images/img_00004273.jpg,02_deepfirearm,deepfirearm,de37adb84bc963f636859a15e8d89042af0d12ba498b91e44f1d7893635ed1f6,,pending,,,,5
img_00004274,images/img_00004274.jpg,02_deepfirearm,deepfirearm,539fe4a8bb11e56be74330412a594cca31ae77b7f4ac49f577cb52948d17992f,,pending,,,,5
img_00004275,images/img_00004275.jpg,02_deepfirearm,deepfirearm,26de054f442139cf12fee8ccc7f0ea7bdc8b2918bfbf95a336985aae0b8f8e32,,pending,,,,5
img_00004276,images/img_00004276.jpg,02_deepfirearm,deepfirearm,b0d01851addf15b9067d25197489b367c5551b9c5b3b1f088165397b2c645a68,,pending,,,,5
img_00004277,images/img_00004277.jpg,02_deepfirearm,deepfirearm,c92494aa0bc3ce7937807066111d9ccf00908540f819c3d08d13e86a693176b0,,pending,,,,5
img_00004278,images/img_00004278.jpg,02_deepfirearm,deepfirearm,97b22a05e2e65abab18bb9034f36554a7900cd9307e3e1f4653c622399b13a5e,,pending,,,,5
img_00004279,images/img_00004279.jpg,02_deepfirearm,deepfirearm,c1ca04e25ca44779f6c703cbeeebb7eb5fd36e2056ceada1b7cae635fdd2b78c,,pending,,,,5
img_00004280,images/img_00004280.jpg,02_deepfirearm,deepfirearm,0f046154adae580a51c1909285b33fda54a89fc285cb294d5711932451ee6ccc,,pending,,,,5
img_00004281,images/img_00004281.jpg,02_deepfirearm,deepfirearm,0f7a393f3fe91a0d636e4d71f0a10d7b56c15ff71023da13511ebdd9641e7b0f,,pending,,,,5
img_00004282,images/img_00004282.jpg,02_deepfirearm,deepfirearm,391176bf81f749e3ffde1ba2a4cfc678a90063bc0e0fe70d3f7c2b018a756383,,pending,,,,5
img_00004283,images/img_00004283.jpg,02_deepfirearm,deepfirearm,21006013b8c15d21da0c6c24812d5dc75d1bdd499c576769ca6e37553f7a24b7,,pending,,,,5
img_00004284,images/img_00004284.jpg,02_deepfirearm,deepfirearm,f96068ba6e2da1e245719315d8d3be7401ff0e662e45890ede088db80eb0ff6a,,pending,,,,5
img_00004285,images/img_00004285.jpg,02_deepfirearm,deepfirearm,05d33b671e0e3fa8068cc6047108ee9aabfd2d1ced22225bbdce4d3c7c9afedd,,pending,,,,5
img_00004286,images/img_00004286.jpg,02_deepfirearm,deepfirearm,d9331935ef2d04c4f47c98e9d8bd5a9061ab5b3c79d5f7492ef9da9a3a122dd8,,pending,,,,5
img_00004287,images/img_00004287.jpg,02_deepfirearm,deepfirearm,9862281710397ee33a2add068383c2542347fc844105acf8b11f4302fd418f3b,,pending,,,,5
img_00004288,images/img_00004288.jpg,02_deepfirearm,deepfirearm,368074060306ce412c8bfc8b5be1cb16b700c2330e1db73fe0d2ed2ca753cd25,,pending,,,,5
img_00004289,images/img_00004289.jpg,02_deepfirearm,deepfirearm,8831792324d4979677cc84a4aba276f7d6535e9a540ca1d76fe763d7609845db,,pending,,,,5
img_00004290,images/img_00004290.jpg,02_deepfirearm,deepfirearm,939ac7096c00b81a157dc9b0aec6771ff2a5ad0a2e0f75b4b6464af936bd3ee5,,pending,,,,5
img_00004291,images/img_00004291.jpg,02_deepfirearm,deepfirearm,2bc3ccf2d950c223ff57a6efdb338c1398a998df120b6ad887708eea830f129e,,pending,,,,5
img_00004292,images/img_00004292.jpg,02_deepfirearm,deepfirearm,e46024cfbd94e89e32623831e1067b1001681ba1a5565991a99267d35b3c3792,,pending,,,,5
img_00004293,images/img_00004293.jpg,02_deepfirearm,deepfirearm,42ee70101ca4c0c88dbe309c8e3a36d4caf15d8f5798149e4beb45e29c035c53,,pending,,,,5
img_00004294,images/img_00004294.jpg,02_deepfirearm,deepfirearm,1315e3561ee32cdf971c032fedc2e10bff33253667ba6d2c900ddb38fa51f9cb,,pending,,,,5
img_00004295,images/img_00004295.jpg,02_deepfirearm,deepfirearm,07ce4aeccd408ff148aadaf0a5952733b709a33a4f0df91bf6835d949b27a2f7,,pending,,,,5
img_00004296,images/img_00004296.jpg,02_deepfirearm,deepfirearm,fe2b5cebe87d1792d1516d4e2ba789bdd8be958de68abc476d3f37f5708edbe0,,pending,,,,5
img_00004297,images/img_00004297.jpg,02_deepfirearm,deepfirearm,4f17d0c2c397c64c22982e91b0a00853c1fd7da294215dcd7d781cc044c6addd,,pending,,,,5
img_00004298,images/img_00004298.jpg,02_deepfirearm,deepfirearm,a1e5947b93d2088bb4c606d4b5eb5ec91027a8af23d55f44e9dc4c243c1751d9,,pending,,,,5
img_00004299,images/img_00004299.jpg,02_deepfirearm,deepfirearm,da45b0d85bb04e716fb355985babc9024c34e2703ac7527aa8906d70a9450ae4,,pending,,,,5
img_00004300,images/img_00004300.jpg,02_deepfirearm,deepfirearm,85f99bfb87c303fcc8ad936afb5b301f901a670f67ed265e4bd9201732ce3577,,pending,,,,5
img_00004301,images/img_00004301.jpg,02_deepfirearm,deepfirearm,95b114a79e19795694001a6f2a9c895860f4855119b326a686dcf19ce27720b8,,pending,,,,5
img_00004302,images/img_00004302.jpg,02_deepfirearm,deepfirearm,ec7e6db21593593a048acbdb2214420b12a348f3f9efc1fbee59373b55dbabad,,pending,,,,5
img_00004303,images/img_00004303.jpg,02_deepfirearm,deepfirearm,c53ef1b75577d1842c40b38f90231a42a4291f91028b9d8ce0ff5be193fcf70a,,pending,,,,5
img_00004304,images/img_00004304.jpg,02_deepfirearm,deepfirearm,738f2ca82c92b345d1d16c0ce58bd19085d085c9f80ea770a08679c1d9a0801e,,pending,,,,5
img_00004305,images/img_00004305.jpg,02_deepfirearm,deepfirearm,24f890f51855c07110999f2af8e1a327440edc9c3807e936c0d612560f3cbfcd,,pending,,,,5
img_00004306,images/img_00004306.jpg,02_deepfirearm,deepfirearm,c6864ceaa2836a4e2638abfdf59213dd3dcf42ea14c66a17fd2e370260493e07,,pending,,,,5
img_00004307,images/img_00004307.jpg,02_deepfirearm,deepfirearm,fdb7724b81836c172b913ed69570df1223525a52808262b358725f4ef44240ab,,pending,,,,5
img_00004308,images/img_00004308.jpg,02_deepfirearm,deepfirearm,0fbf47e18f3276723202714263cc96a4f07398bf0d95cf8087958efc079ca9d8,,pending,,,,5
img_00004309,images/img_00004309.jpg,02_deepfirearm,deepfirearm,aa51499c4a433fad48228ccbc4ba82075c98b9e82d55f4e3527ef9ad5e0ed567,,pending,,,,5
img_00004310,images/img_00004310.jpg,02_deepfirearm,deepfirearm,979cf946cd0324ce565e22811ffc565658451caec32b3b78624e65f3637f45f8,,pending,,,,5
img_00004311,images/img_00004311.jpg,02_deepfirearm,deepfirearm,077ad185b093ec0e49e972fb9d9d7d41eb7fd76aa97e8d4140d1298d7af15d92,,pending,,,,5
img_00004312,images/img_00004312.jpg,02_deepfirearm,deepfirearm,621137a189733fd29ebeb951b8386af3cc0ceb4c505bf2e95e97bf0a50bbbc03,,pending,,,,5
img_00004313,images/img_00004313.jpg,02_deepfirearm,deepfirearm,86695440a63b45754c888a46ebe54cd6bdebc09491416a8a915b2ddeaaf73e26,,pending,,,,5
img_00004314,images/img_00004314.jpg,02_deepfirearm,deepfirearm,e0a99597810f7944d5a7903105b17a9ebb987931299b8ab5222e065fbd7b2df0,,pending,,,,5
img_00004315,images/img_00004315.jpg,02_deepfirearm,deepfirearm,0070955e2825c21fbd3a94e98f9707d900393995d3eef0c8b4866766bd72e16b,,pending,,,,5
img_00004316,images/img_00004316.jpg,02_deepfirearm,deepfirearm,96a344147b2d5274b470e9920c82cfc8bcb8df8643797ee78a8388287bdd09cd,,pending,,,,5
img_00004317,images/img_00004317.jpg,02_deepfirearm,deepfirearm,ed60b7613c705f924118df17264eb990e317ad31fb57d24371929d240e8524b0,,pending,,,,5
img_00004318,images/img_00004318.jpg,02_deepfirearm,deepfirearm,33e8757eb9c8362a6d304a619729aa614e93f9399cc45c12857def40d8104e29,,pending,,,,5
img_00004319,images/img_00004319.jpg,02_deepfirearm,deepfirearm,4b21705f9b6fdf2724f6e1c2a47d5dbd7f0e27bf0d90dfe2b4c9a0b56a605e86,,pending,,,,5
img_00004320,images/img_00004320.jpg,02_deepfirearm,deepfirearm,ea20dff499a96b55e9fa6c6ea51f83330c4816b7c62f951840c1fdb099e1ea3a,,pending,,,,5
img_00004321,images/img_00004321.jpg,02_deepfirearm,deepfirearm,9b10487979cb3cd0296f6b8cc48136a5c74b40cec33884911124068a472d22cb,,pending,,,,5
img_00004322,images/img_00004322.jpg,02_deepfirearm,deepfirearm,066888250c422f46675b1d60f99e6d166506598dcaedb298facd234edf4bc76d,,pending,,,,5
img_00004323,images/img_00004323.jpg,02_deepfirearm,deepfirearm,e10758f4ccacbfbd212db17058e0319c6933afa9c50ecf881a4beb895cf76979,,pending,,,,5
img_00004324,images/img_00004324.jpg,02_deepfirearm,deepfirearm,d7a597f1a5057de7149ea4d115c1331191ddbea17d657f067fca5c573696a650,,pending,,,,5
img_00004325,images/img_00004325.jpg,02_deepfirearm,deepfirearm,30b19314e60c9ace3c6403dfcc37bdbc219ce3cdae6444be7649521f19a992e7,,pending,,,,5
img_00004326,images/img_00004326.jpg,02_deepfirearm,deepfirearm,d6e5b6525f757b93ec9e1039f3e5c0a7345f94408df6ed0c1ccafafe19c2bb5f,,pending,,,,5
img_00004327,images/img_00004327.jpg,02_deepfirearm,deepfirearm,9ba88749dcad2c588fc70c8ee24890cfc22c057ce9d4782c73ec74099c0b12c3,,pending,,,,5
img_00004328,images/img_00004328.jpg,02_deepfirearm,deepfirearm,0a88ff2ee360718c3531d6206bf129d6fb3ab781068fe8799f08e31834c21fe4,,pending,,,,5
img_00004329,images/img_00004329.jpg,02_deepfirearm,deepfirearm,ea8db7af29702b071725acd344be5374d6ffabed9a4fd4d18083fdb9a15fa90a,,pending,,,,5
img_00004330,images/img_00004330.jpg,02_deepfirearm,deepfirearm,3aa5d3aa04eca04a3af5135abde14f480aec4ca2d377868968113dbb1ff410f2,,pending,,,,5
img_00004331,images/img_00004331.jpg,02_deepfirearm,deepfirearm,a7f5374dd1c0155fabe45e633f83d409edb2a907de1efb4a7ebda2b24fc1aa8e,,pending,,,,5
img_00004332,images/img_00004332.jpg,02_deepfirearm,deepfirearm,e7e659058519cd1526a6621ff00baf3ba49ce8cf5f5042f759fcfc224d5879c5,,pending,,,,5
img_00004333,images/img_00004333.jpg,02_deepfirearm,deepfirearm,d0867a80a7a08cc8ce7ce7e9f93bab2d1461929305133f94db88f30816c5659a,,pending,,,,5
img_00004334,images/img_00004334.jpg,02_deepfirearm,deepfirearm,c7b3020b95a18e58ebea84a71170f57fed6590732daff56fea3722bc357afaa8,,pending,,,,5
img_00004335,images/img_00004335.jpg,02_deepfirearm,deepfirearm,5adcec58e0dd1d6587341b1f3ef1a3553731b12f1e40995abd6d00b639048c22,,pending,,,,5
img_00004336,images/img_00004336.jpg,02_deepfirearm,deepfirearm,2dd922fbacf234f370337bc6645df5876f6d223899c596dda909ed8ff11bf4dc,,pending,,,,5
img_00004337,images/img_00004337.jpg,02_deepfirearm,deepfirearm,0e15543920fbf32f701093e8434c26eba89745ae592ed3fe1d1025b888bbd2a6,,pending,,,,5
img_00004338,images/img_00004338.jpg,02_deepfirearm,deepfirearm,98f57d6d28a18a957b759e107665d00e1ccd678a535bcc3ceb774ec7e3f98ba1,,pending,,,,5
img_00004339,images/img_00004339.jpg,02_deepfirearm,deepfirearm,40030ecda586285b9c57614141a12cafe8701ed0800280d57476eee7b9b1e18c,,pending,,,,5
img_00004340,images/img_00004340.jpg,02_deepfirearm,deepfirearm,87cb0df66c0d962343e97e8055729e57918546f50540fa34eba7a36b8de8ca4f,,pending,,,,5
img_00004341,images/img_00004341.jpg,02_deepfirearm,deepfirearm,363a1b63d6fd1f3ff8543d89d99042584b651ebd88b025cbbe7bfe25296e9574,,pending,,,,5
img_00004342,images/img_00004342.jpg,02_deepfirearm,deepfirearm,2d8d6a7505e903ef305947112ac169dc991fe65c8107530775b13250d30871b4,,pending,,,,5
img_00004343,images/img_00004343.jpg,02_deepfirearm,deepfirearm,a13354c762863b50294625bbf1fd6f7b56aded5cbf7430379cd06ddc39e7f184,,pending,,,,5
img_00004344,images/img_00004344.jpg,02_deepfirearm,deepfirearm,bce14bcba97ebd46518c98b19e8d4f79e1d7da9ef44815ddaccd2247b547f30a,,pending,,,,5
img_00004345,images/img_00004345.jpg,02_deepfirearm,deepfirearm,d3a49ff27419958db6616ecd7b7f3428e78dd5aa607ff82d0e27f886d358a2fc,,pending,,,,5
img_00004346,images/img_00004346.jpg,02_deepfirearm,deepfirearm,30c2ea4820dcb6c9628cf55f295e5b97c6c2a2e18496e86e76c2da6f5a39f70d,,pending,,,,5
img_00004347,images/img_00004347.jpg,02_deepfirearm,deepfirearm,94a9cebc19850aad5d383611e8864bef1197bb10c6f00a8b2cc9b327027ccce6,,pending,,,,5
img_00004348,images/img_00004348.jpg,02_deepfirearm,deepfirearm,3fb9c5aeafbc8078181be30721ba937fe769ceb686d9db54e23259c1d7fc1bda,,pending,,,,5
img_00004349,images/img_00004349.jpg,02_deepfirearm,deepfirearm,e19957d31d385910639515dee48d91d425c3ec4c26b33bddee3b88d16976a24e,,pending,,,,5
img_00004350,images/img_00004350.jpg,02_deepfirearm,deepfirearm,f0aa000cc793309d3c9a2d9c530bb4c99133f6bd440fe05593c20e552706dbd9,,pending,,,,5
img_00004351,images/img_00004351.jpg,02_deepfirearm,deepfirearm,e1c96d0bcd7e5bf9f23b66c866a9cc985248e93464f853215626e5b86a8c4cea,,pending,,,,5
img_00004352,images/img_00004352.jpg,02_deepfirearm,deepfirearm,9bd49f73cd579d86f5a003249442f3e670b845f18936c950b07bb2dcac041654,,pending,,,,5
img_00004353,images/img_00004353.jpg,02_deepfirearm,deepfirearm,b4bf6797c695ce91848c9fa644419d86efc6626717638d59d2edb2e1c398b4f2,,pending,,,,5
img_00004354,images/img_00004354.jpg,02_deepfirearm,deepfirearm,750710e04663d42953b670653d9e1436a218ed1734f63af56beb8def01dca391,,pending,,,,5
img_00004355,images/img_00004355.jpg,02_deepfirearm,deepfirearm,c8c89785320418aa4820b713dccf04f79405aebb937f96a448d3e7851d908da1,,pending,,,,5
img_00004356,images/img_00004356.jpg,02_deepfirearm,deepfirearm,a7b6ee86a63f1b8f5f27ff64cc26643041ca50574b8f1b2d40dbca224200d112,,pending,,,,5
img_00004357,images/img_00004357.jpg,02_deepfirearm,deepfirearm,3bbb39c63d9a80613b17470253864afd55739df8db615f3471ed67ddf24ecc6f,,pending,,,,5
img_00004358,images/img_00004358.jpg,02_deepfirearm,deepfirearm,876f05636b3f439cf88ad92d6e3794bd26db7ed1fa940138778af90754a1f8f7,,pending,,,,5
img_00004359,images/img_00004359.jpg,02_deepfirearm,deepfirearm,ee18f2676f53ded857b0c3c23cdfba9fed3ca3aa6f20c4231bf6197691745a7f,,pending,,,,5
img_00004360,images/img_00004360.jpg,02_deepfirearm,deepfirearm,68ad017e3498b389bd2c939b462523bb2cf7fbcb64a0b736ea7ef8b6264a0d47,,pending,,,,5
img_00004361,images/img_00004361.jpg,02_deepfirearm,deepfirearm,afca84797f55bd3158b279116957ee9b03d80063a690627bc43e3d8ab614987f,,pending,,,,5
img_00004362,images/img_00004362.jpg,02_deepfirearm,deepfirearm,e6d3d1a962549ac9ae1fb813e8dba81abfeccebd31dda030d1c01aa54c7af617,,pending,,,,5
img_00004363,images/img_00004363.jpg,02_deepfirearm,deepfirearm,28e131f0425fd52a145825c86d59a109c9ef7ddf7c9f10d4ad64cee0bd3c05a3,,pending,,,,5
img_00004364,images/img_00004364.jpg,02_deepfirearm,deepfirearm,6f1bf6965135bd3e6aca9ab45dfee0aff2d2b89d1f1a2bc161debc55823d11bc,,pending,,,,5
img_00004365,images/img_00004365.jpg,02_deepfirearm,deepfirearm,d1e78d6884386d6005421b29714aa5e2ef8edd77159fed53500ee3b354fa894b,,pending,,,,5
img_00004366,images/img_00004366.jpg,02_deepfirearm,deepfirearm,f1cab3202b28017654851fabac5875ac74bfe1c82301e353acc9a0bbc636c36a,,pending,,,,5
img_00004367,images/img_00004367.jpg,02_deepfirearm,deepfirearm,62b0a660da45df859a9edd183066479c05fccbefee487920e12f01dcf7d00be9,,pending,,,,5
img_00004368,images/img_00004368.jpg,02_deepfirearm,deepfirearm,66e841fc7691537572e1b87d6cb69007babbfec85a437ff9805f050575dfb7b5,,pending,,,,5
img_00004369,images/img_00004369.jpg,02_deepfirearm,deepfirearm,f1908ebd1ab4aff8952bafc006077338dd5d74a2a1d31cb11cc9956e6dea2287,,pending,,,,5
img_00004370,images/img_00004370.jpg,02_deepfirearm,deepfirearm,a0d6c542d802c18cce8c25628a332c3ded07ae5c321bd47b028f01a15f3b24f9,,pending,,,,5
img_00004371,images/img_00004371.jpg,02_deepfirearm,deepfirearm,e63e63cb1ff0e62b6bb1e8857ffedeeefff23cd919289448c19bb416a705c2ab,,pending,,,,5
img_00004372,images/img_00004372.jpg,02_deepfirearm,deepfirearm,b8c3724dde90720775ec332ba02d6196972f55e7a4c39a02a6ee0de9d6c79499,,pending,,,,5
img_00004373,images/img_00004373.jpg,02_deepfirearm,deepfirearm,261a7fd4e096e3d17e4e10f792fe49f328ef95e8cdd0222ee594dc01df4dc426,,pending,,,,5
img_00004374,images/img_00004374.jpg,02_deepfirearm,deepfirearm,8031047be341f0a1ca123f873d9116eee01414f0ab722ec34c658937e60c47ba,,pending,,,,5
img_00004375,images/img_00004375.jpg,02_deepfirearm,deepfirearm,cc1fbd1a975ed46999c499fe6617c8433b705285235d3d483b871973bceb0f92,,pending,,,,5
img_00004376,images/img_00004376.jpg,02_deepfirearm,deepfirearm,9f0d874e06c75c440ec19e9fb0f883eb4c705f565b571c530d224b8996df1273,,pending,,,,5
img_00004377,images/img_00004377.jpg,02_deepfirearm,deepfirearm,17c8d37a290373aba1bfab9e05bf30f465bafabc64aaa9e8d7138cc71dbb690b,,pending,,,,5
img_00004378,images/img_00004378.jpg,02_deepfirearm,deepfirearm,d844b6ffcfb4ba33e14c8e0ae560d105adf7d178b6e81d6d156cdc987432f221,,pending,,,,5
img_00004379,images/img_00004379.jpg,02_deepfirearm,deepfirearm,0f77f93e004cd38be969c702baf2c1833add486e28cffe6e38e754d80f0aaec3,,pending,,,,5
img_00004380,images/img_00004380.jpg,02_deepfirearm,deepfirearm,0c14f81bb0f60a7f2a459962fc64c1fd6d26d4f1b4d3e214f621fe11cc01aed6,,pending,,,,5
img_00004381,images/img_00004381.jpg,02_deepfirearm,deepfirearm,842e841c10d40e42263d8f0f3450def9cf571806cc2c2c9d678adade03ed7b04,,pending,,,,5
img_00004382,images/img_00004382.jpg,02_deepfirearm,deepfirearm,974ec79dc1f35d7ecb139fca15b3b58f1ef43c800efed252f2b10dfa7407203e,,pending,,,,5
img_00004383,images/img_00004383.jpg,02_deepfirearm,deepfirearm,6f6a7880a49decc6cf953b1747ede80dac34257ac03c1ce7904356accf6e8c67,,pending,,,,5
img_00004384,images/img_00004384.jpg,02_deepfirearm,deepfirearm,9b60163b89ff0e5a7bfae1c81c0a62fda8419d3bb69911eae2b89c6a4360410b,,pending,,,,5
img_00004385,images/img_00004385.jpg,02_deepfirearm,deepfirearm,fe9bda9f578dc7804eaff1a24457cfcb8cbaa756900b0dc8e656cd57447e564d,,pending,,,,5
img_00004386,images/img_00004386.jpg,02_deepfirearm,deepfirearm,c13672ab2d708d75face8db087c57ba3832b67e219c1ab8c648dd43a4f02d548,,pending,,,,5
img_00004387,images/img_00004387.jpg,02_deepfirearm,deepfirearm,f73519ae43a6f020f2be88800b2686aa79adeae160a27e3bbb4cd78f0a8a84d0,,pending,,,,5
img_00004388,images/img_00004388.jpg,02_deepfirearm,deepfirearm,40b2afe8bec288d537cbba56ad1e5391cf702a26b55ab3623fb31d76a7ee9c19,,pending,,,,5
img_00004389,images/img_00004389.jpg,02_deepfirearm,deepfirearm,9f97e7354251544e9272ba6d1ebd9008680e615f1b40d6df5512baa41427a9e7,,pending,,,,5
img_00004390,images/img_00004390.jpg,02_deepfirearm,deepfirearm,632b70a1068d8b185da9d05464f2d8ca3a47a605bb8b2848b12125335945995d,,pending,,,,5
img_00004391,images/img_00004391.jpg,02_deepfirearm,deepfirearm,01d7742c9913a5b4723d27d57b7ee452a0bf4e3d3a00e92d51f9141de0a392dc,,pending,,,,5
img_00004392,images/img_00004392.jpg,02_deepfirearm,deepfirearm,7cfb4ca40f4c365d9a5c9975e9c5b31aa52884a0fec6195ac3cd5c8c3f0716e8,,pending,,,,5
img_00004393,images/img_00004393.jpg,02_deepfirearm,deepfirearm,9a923258945b7c9fce7e0ed4f45f23fc09e6ebcebeceebc6986b3826b8b3198f,,pending,,,,5
img_00004394,images/img_00004394.jpg,02_deepfirearm,deepfirearm,aee7cc62c3df4b4bf9ed5329fcf0d0b1a18b99e3723a1ecf954395f6dfaae0f6,,pending,,,,5
img_00004395,images/img_00004395.jpg,02_deepfirearm,deepfirearm,49739da42791e5ae4f020473e86a2d3c789cd22f1f869218b72c7a1e07d4d4ab,,pending,,,,5
img_00004396,images/img_00004396.jpg,02_deepfirearm,deepfirearm,7cb22e1b4c8f232cf5dcc3c7a4a43eb0f54a6f4d8bb3b5ad8afe3e955f5c2992,,pending,,,,5
img_00004397,images/img_00004397.jpg,02_deepfirearm,deepfirearm,15d60856af88b34d179fe151aaacf0a1bdc5a02fe2b5e987e59b5d30127b397f,,pending,,,,5
img_00004398,images/img_00004398.jpg,02_deepfirearm,deepfirearm,b3befe5eb82b7f7d20d3403d072e1b6928b969a8521d038ff48b5c17eb8437fd,,pending,,,,5
img_00004399,images/img_00004399.jpg,02_deepfirearm,deepfirearm,11b46a338048421c67242cb1e38f5678160abb52efe50912942949eb38cfa7c9,,pending,,,,5
img_00004400,images/img_00004400.jpg,02_deepfirearm,deepfirearm,68b0c4a7f47abbbd5871bd525da36998f1d37d5f300bb2473e136729b40e8716,,pending,,,,5
img_00004401,images/img_00004401.jpg,02_deepfirearm,deepfirearm,2ae6da311361459a2bda16cde7856c74083e6e538d1e2cbd0d356e0b880df958,,pending,,,,5
img_00004402,images/img_00004402.jpg,02_deepfirearm,deepfirearm,dedfb51dfb6aef086bf2e4bc3657b240517a17e3456ddf2fb443dbe9fd3d2c4e,,pending,,,,5
img_00004403,images/img_00004403.jpg,02_deepfirearm,deepfirearm,a781d377974286fbf1e8bb50860e90a32657b93b2f933b317c6cdf8d4423e0f9,,pending,,,,5
img_00004404,images/img_00004404.jpg,02_deepfirearm,deepfirearm,6de78a4c63d3b4d1660d363e59ea3ac3acf79c4bc4ebfc708281173ee8310152,,pending,,,,5
img_00004405,images/img_00004405.jpg,02_deepfirearm,deepfirearm,b19c7e3cb15510f4b677d02a6b44ce20daca9a18fbd77ba7810964b97993de9e,,pending,,,,5
img_00004406,images/img_00004406.jpg,02_deepfirearm,deepfirearm,f71642b3eef4c1dc106edb88740d8c66b9cb33b11ce8c0b1a00c988e39842aa2,,pending,,,,5
img_00004407,images/img_00004407.jpg,02_deepfirearm,deepfirearm,480b95c3d9691c9095ec04715d86fca3bd6e34ea1dd73c1ce727c784564cf964,,pending,,,,5
img_00004408,images/img_00004408.jpg,02_deepfirearm,deepfirearm,02c65b5674f0b89c7f08ffda437fa154dd67ed5c11b9a3ddda0464cfb95b9a43,,pending,,,,5
img_00004409,images/img_00004409.jpg,02_deepfirearm,deepfirearm,38ae4723205ead460d37194d1fc0b304146c8b66131d7e246672128c6a58df8b,,pending,,,,5
img_00004410,images/img_00004410.jpg,02_deepfirearm,deepfirearm,a1c8e8ec226dd448ff72775f0dbd1fdc8d9d8d748323ca3a87b9e76272170667,,pending,,,,5
img_00004411,images/img_00004411.jpg,02_deepfirearm,deepfirearm,9b4bb37761b83b282602ca3e4a975dac8b4d55cb2704916979ba5533bfc9b0b4,,pending,,,,5
img_00004412,images/img_00004412.jpg,02_deepfirearm,deepfirearm,f7e364a0f2e2d26104b0499465cb2c66aa8f2ef3ae0d9aac5e8f6de604f81c2b,,pending,,,,5
img_00004413,images/img_00004413.jpg,02_deepfirearm,deepfirearm,f41653a8c31482c80f34521e4a6cc942407669fcc02725f75e7285b205f3a5a1,,pending,,,,5
img_00004414,images/img_00004414.jpg,02_deepfirearm,deepfirearm,1b7cb446025152b81a41f5e4964c5938fd835a43732b0085b3a0355ef22430c1,,pending,,,,5
img_00004415,images/img_00004415.jpg,02_deepfirearm,deepfirearm,8c8a06d44ae6d7024eee29d977c3e0d34a47b73145173621edf1a669edaa2bb7,,pending,,,,5
img_00004416,images/img_00004416.jpg,02_deepfirearm,deepfirearm,ff7d19c20a3c628290722db80c7babd6ab22022539c7c29891ee6a9d78ae64ce,,pending,,,,5
img_00004417,images/img_00004417.jpg,02_deepfirearm,deepfirearm,9fae1824c0cde38824ecb822ce1870ff0c2db26ee52c5dd016552ac86cb06e14,,pending,,,,5
img_00004418,images/img_00004418.jpg,02_deepfirearm,deepfirearm,614f1d6b52af9d3c29bef6fb2408de5d6914488d4bed682819e78765beef4f8e,,pending,,,,5
img_00004419,images/img_00004419.jpg,02_deepfirearm,deepfirearm,1bcbe0617c43649f4ffe41dd012c7afc78d97376c5f857ce851f1b034f3b9993,,pending,,,,5
img_00004420,images/img_00004420.jpg,02_deepfirearm,deepfirearm,74b96465e0468209d11b8e00599f18cdfdca20b52abf45a428955532043385c9,,pending,,,,5
img_00004421,images/img_00004421.jpg,02_deepfirearm,deepfirearm,a78cd2948eade6de9fb6a7cb55641256d45cb62780e73ff48f49a134b4388908,,pending,,,,5
img_00004422,images/img_00004422.jpg,02_deepfirearm,deepfirearm,c1f84747b6de10b7912a4639a424fdee7497017a8cb9309104ec43100ed9abca,,pending,,,,5
img_00004423,images/img_00004423.jpg,02_deepfirearm,deepfirearm,356d20ff04f0209ef44f932ff38c42043a104e68e725f51172bc1bb7d2b1db27,,pending,,,,5
img_00004424,images/img_00004424.jpg,02_deepfirearm,deepfirearm,5b0241dc875b9c948b2b01f930682f9b86e1c87a9af602aa908009c5c6a1abb1,,pending,,,,5
img_00004425,images/img_00004425.jpg,02_deepfirearm,deepfirearm,0650053da46e31fa77c5e79851be748a77f7459b06e64f843f586ccf26502c53,,pending,,,,5
img_00004426,images/img_00004426.jpg,02_deepfirearm,deepfirearm,d23102cc1671c908acbff8f1be3fbfd7f88fc7f27a7a2e634996b8acdecc3e12,,pending,,,,5
img_00004427,images/img_00004427.jpg,02_deepfirearm,deepfirearm,413b9ade18c4af18a2bcd5c292b42512f94d356531ee7533c375ffcb256f7143,,pending,,,,5
img_00004428,images/img_00004428.jpg,02_deepfirearm,deepfirearm,97a91e8b8deabc6d7c94067958407b831be0962fe983b9c5772c9fca37254641,,pending,,,,5
img_00004429,images/img_00004429.jpg,02_deepfirearm,deepfirearm,5d86c0e2d64eed89ce6674c325a79fc7ddebfb317d89649630f9406a824f617f,,pending,,,,5
img_00004430,images/img_00004430.jpg,02_deepfirearm,deepfirearm,d59d019279a6d2f9f8e9dbb800471ca14eab60b44114c69aec89a620a3001112,,pending,,,,5
img_00004431,images/img_00004431.jpg,02_deepfirearm,deepfirearm,e885d77b74c921e78b2dfb33cbba33902561595fd42e3e86c7aef163513245f8,,pending,,,,5
img_00004432,images/img_00004432.jpg,02_deepfirearm,deepfirearm,23f60c48bb8c5cc115b49ab81a667cf73bc22fa0465808c6dbc43ec865ecbabd,,pending,,,,5
img_00004433,images/img_00004433.jpg,02_deepfirearm,deepfirearm,feca7653814513853fb662ff4b7e45bb90ec7f4c4ce6e2aca1c50ef427030979,,pending,,,,5
img_00004434,images/img_00004434.jpg,02_deepfirearm,deepfirearm,00ac1753b810253a6cafbc539e20ff1d222f8dfe67b1056388e181c28bab9cab,,pending,,,,5
img_00004435,images/img_00004435.jpg,02_deepfirearm,deepfirearm,76324ff50452e96a72f143042c15026aac4326f6390297fa94fe91f7d418f61c,,pending,,,,5
img_00004436,images/img_00004436.jpg,02_deepfirearm,deepfirearm,5906201eed3da24398d229e2e8167d973c3ffc17cca954d51a9f5f33d22a11a9,,pending,,,,5
img_00004437,images/img_00004437.jpg,02_deepfirearm,deepfirearm,7344da2f68bf81d89693d6ad2d831b1bbf1ecb91b1fd8794e22aedbb2ca628b2,,pending,,,,5
img_00004438,images/img_00004438.jpg,02_deepfirearm,deepfirearm,4d9a82b8cd6eca2422f4e375cd1c415a4bf54ff2eea060dc805d2fb72eed8bba,,pending,,,,5
img_00004439,images/img_00004439.jpg,02_deepfirearm,deepfirearm,77a0c208af8c78a9d0e503b2988659296d54089a8af8b4bbc049273b1d07e979,,pending,,,,5
img_00004440,images/img_00004440.jpg,02_deepfirearm,deepfirearm,083c355105ad572598b90989c96804a32624928c471164160c97f257381c6257,,pending,,,,5
img_00004441,images/img_00004441.jpg,02_deepfirearm,deepfirearm,94c8d80a8b74754594b175554f54cef9230c92a4ae01fc641998860f96738a47,,pending,,,,5
img_00004442,images/img_00004442.jpg,02_deepfirearm,deepfirearm,722aefcc242f27e33fcce8df7a13c496c09863dae80bd16584a8137b09a7b739,,pending,,,,5
img_00004443,images/img_00004443.jpg,02_deepfirearm,deepfirearm,10b48184d897984fc5b927c945831f1cea5b4712f53d8d09e5bcc687e8fb9848,,pending,,,,5
img_00004444,images/img_00004444.jpg,02_deepfirearm,deepfirearm,5bb74503143a2e2d7d3c85f81c4aef10a2c152511491b50d9a19aeabf054b269,,pending,,,,5
img_00004445,images/img_00004445.jpg,02_deepfirearm,deepfirearm,7bec3e8c9b2731c532f8ade8560f3ca5d95ded625c18271a89bb6d542443c5b9,,pending,,,,5
img_00004446,images/img_00004446.jpg,02_deepfirearm,deepfirearm,c3b13ed671586db92e614bdea982243c400facdd80e313d2bd4222844ab4ff5b,,pending,,,,5
img_00004447,images/img_00004447.jpg,02_deepfirearm,deepfirearm,60012a5890860b0252d83554d8a1e89fea548039edb6f9cffdb72b52d57c49e8,,pending,,,,5
img_00004448,images/img_00004448.jpg,02_deepfirearm,deepfirearm,173efd93c491f1f909f06c35d1a175c6393fe99db6eac9f69d06ade946c3b538,,pending,,,,5
img_00004449,images/img_00004449.jpg,02_deepfirearm,deepfirearm,1ad9c45a23451323b559a365cee42e59b986da167f70c419092b6fb42f969eb4,,pending,,,,5
img_00004450,images/img_00004450.jpg,02_deepfirearm,deepfirearm,33bf7dd58e3c39a42096fa735c4b6b9940b067a0861bc0249b4b35d59d843bff,,pending,,,,5
img_00004451,images/img_00004451.jpg,02_deepfirearm,deepfirearm,ca5f14f1927dfd9270f09a48cbef3a729994dec89856c64fe97a7af8d3622387,,pending,,,,5
img_00004452,images/img_00004452.jpg,02_deepfirearm,deepfirearm,8a62f3f2e81c6e6750aca0b0b4d9a06fe6d66d6c86cfcb297664e37c9f145880,,pending,,,,5
img_00004453,images/img_00004453.jpg,02_deepfirearm,deepfirearm,b40c7a7fe69ca137001eb5652c8358050f2993bd1adf7867f5903132540617cc,,pending,,,,5
img_00004454,images/img_00004454.jpg,02_deepfirearm,deepfirearm,4778b6c47751984ccbee885fd2ac42a7090895456db5e32484341f56c18d7b01,,pending,,,,5
img_00004455,images/img_00004455.jpg,02_deepfirearm,deepfirearm,866a7cbbe78c514fa3acfb40aa43ef5f010543b8f27ee89ae0a5d802bb2c209d,,pending,,,,5
img_00004456,images/img_00004456.jpg,02_deepfirearm,deepfirearm,3902e071a66a5d874b9fea5f84e46cca68e377b7a50c40988128106d2aa651bd,,pending,,,,5
img_00004457,images/img_00004457.jpg,02_deepfirearm,deepfirearm,76541f31fabfa5ab7e444e496b9f304733f5664661667988cdcacf37252278fa,,pending,,,,5
img_00004458,images/img_00004458.jpg,02_deepfirearm,deepfirearm,65fa390a523b763d121b30aa980e2adcb9fecbbb782a425b3607d00257524c9a,,pending,,,,5
img_00004459,images/img_00004459.jpg,02_deepfirearm,deepfirearm,5675641b2db6dbbce8cd399df4ca79bfd3543b64cd31856bcf514d45eb6966ac,,pending,,,,5
img_00004460,images/img_00004460.jpg,02_deepfirearm,deepfirearm,3897048b4ecc4dbb087090115bed9630b2a96246773066100965e5e4d4840892,,pending,,,,5
img_00004461,images/img_00004461.jpg,02_deepfirearm,deepfirearm,4c82c03b1448844ba211902a91c915edace997905ca654d5953aa428cc88b8bc,,pending,,,,5
img_00004462,images/img_00004462.jpg,02_deepfirearm,deepfirearm,04e1652ce40ca4347209b5dbd7dede733ad707315cb4e963b7f34540afe6cdb2,,pending,,,,5
img_00004463,images/img_00004463.jpg,02_deepfirearm,deepfirearm,4b3d455ff45969ee2e54c9469f5cccf21ff0985a648e483d57a940518b961e8d,,pending,,,,5
img_00004464,images/img_00004464.jpg,02_deepfirearm,deepfirearm,3d897ab381938380e3f73279680e4d48d81c5e933673b228a1bc1deb9c3844d6,,pending,,,,5
img_00004465,images/img_00004465.jpg,02_deepfirearm,deepfirearm,ee92361297c27dec89f679bd62964db55082df57fec6294be28e509ceceb9e53,,pending,,,,5
img_00004466,images/img_00004466.jpg,02_deepfirearm,deepfirearm,59d4ccf4c36e2b8e15d2aa872ca38567f158388c53da377e7b7cd70aade442e1,,pending,,,,5
img_00004467,images/img_00004467.jpg,02_deepfirearm,deepfirearm,d165ba37444606800c3ede373035a016b00717b203e2c12ceb615ec2e49148fc,,pending,,,,5
img_00004468,images/img_00004468.jpg,02_deepfirearm,deepfirearm,34956d8b0945404b997c89954f0e5a7d6923483439e89a343b834899af8d2617,,pending,,,,5
img_00004469,images/img_00004469.jpg,02_deepfirearm,deepfirearm,09e4fa119a534c21be9e2ee5897b77c0ab987382fa229990bc50a189484fe495,,pending,,,,5
img_00004470,images/img_00004470.jpg,02_deepfirearm,deepfirearm,b3bed2273a22b46cb9028a14036ea18a4c286a7a5325b65b1f105851e5ac75f5,,pending,,,,5
img_00004471,images/img_00004471.jpg,02_deepfirearm,deepfirearm,6fc6cb71841e2e22fd82a6263e733e6024ed51041a7825e594e893a1f2900569,,pending,,,,5
img_00004472,images/img_00004472.jpg,02_deepfirearm,deepfirearm,291f562357ea61a952d4396ee00b23b940c2ee01f9bbeaa05e47f88cddf7936f,,pending,,,,5
img_00004473,images/img_00004473.jpg,02_deepfirearm,deepfirearm,b68cc36ea9d52287c6cc4114b430437d89333aaa61b2d4b5685b2e78713d4d02,,pending,,,,5
img_00004474,images/img_00004474.jpg,02_deepfirearm,deepfirearm,70210e3b5d076426648f1db862c1e76a49d6890df0c1228db3b884d599529ea6,,pending,,,,5
img_00004475,images/img_00004475.jpg,02_deepfirearm,deepfirearm,7a674ca16cb65944c8c512d55addaa94753ab9974fe545f3177979f50bf9645e,,pending,,,,5
img_00004476,images/img_00004476.jpg,02_deepfirearm,deepfirearm,de3512399094b9c4baf43173bca893e44e0d10452d1ea63f7413ea7b6d3051fa,,pending,,,,5
img_00004477,images/img_00004477.jpg,02_deepfirearm,deepfirearm,dd2bd43dad1faf264c635d481e5be63eab1a948450fc2b3775b9a29ee01812ce,,pending,,,,5
img_00004478,images/img_00004478.jpg,02_deepfirearm,deepfirearm,7e26cc8636b2d5cf8541de2a395b62f85291c82f1a91f46186a0eda1bf6556bb,,pending,,,,5
img_00004479,images/img_00004479.jpg,02_deepfirearm,deepfirearm,a84fe31d663235499c79f1f4fb2c42c430aafa850b2c558652548e28a4adc0cc,,pending,,,,5
img_00004480,images/img_00004480.jpg,02_deepfirearm,deepfirearm,7a8c0d0324732686963a44e514e39937593c07548cd8033d0863e2c21d089b04,,pending,,,,5
img_00004481,images/img_00004481.jpg,02_deepfirearm,deepfirearm,b728cef0e3ff1377b7b828ac28b4d3d006e9e4e69be197249804925c06e9fa53,,pending,,,,5
img_00004482,images/img_00004482.jpg,02_deepfirearm,deepfirearm,13ab060e713c901a9ba253d62bf05fc50bcc951fed55826fa4efff3fec9b68c1,,pending,,,,5
img_00004483,images/img_00004483.jpg,02_deepfirearm,deepfirearm,dbf559f75f2b5897eb71b8bd55505b5230d15e9acf339d0d37421da7ef3dca65,,pending,,,,5
img_00004484,images/img_00004484.jpg,02_deepfirearm,deepfirearm,183c9b4d94a9cb7ccecfb1aa163e5bf456257de76d5a3b8aaccf19f553483093,,pending,,,,5
img_00004485,images/img_00004485.jpg,02_deepfirearm,deepfirearm,ade4960bce653fffea37316b34d74b1a4001c6856691a02273fdf90bd7bbf140,,pending,,,,5
img_00004486,images/img_00004486.jpg,02_deepfirearm,deepfirearm,285d4ae59ad54f8f88933d4d749dcfb55ee22ed44fe2fc0f8c70902c8fd4df61,,pending,,,,5
img_00004487,images/img_00004487.jpg,02_deepfirearm,deepfirearm,8d216a77034baf579bc30ba1c7d22daf0378873b6acec1e0db9f7a43fa9dba69,,pending,,,,5
img_00004488,images/img_00004488.jpg,02_deepfirearm,deepfirearm,363be4e0aa228abfaeb5c68bf04bc4fbf25d131596781eaa098c6404011a3ae1,,pending,,,,5
img_00004489,images/img_00004489.jpg,02_deepfirearm,deepfirearm,937dca2492ae82f3141462c36a741f4000eefc1bab06af2252a9e588572a57f4,,pending,,,,5
img_00004490,images/img_00004490.jpg,02_deepfirearm,deepfirearm,d6b948fec4d4e4a2aed7472c15ad495c229a6cf0173b88c8d1689891a773dca0,,pending,,,,5
img_00004491,images/img_00004491.jpg,02_deepfirearm,deepfirearm,3af0e05bc4439b7b80f3982621b817eafe7acad16b0c1d4d18f3b13887d7de59,,pending,,,,5
img_00004492,images/img_00004492.jpg,02_deepfirearm,deepfirearm,df15c504614863ee9fd7be382e2c70bde5ccba2f09d872e97b335ba75543518a,,pending,,,,5
img_00004493,images/img_00004493.jpg,02_deepfirearm,deepfirearm,2c343ec2d658919bf14b60992ac4a7c5262718592d773646177ad7e12bfcd1c1,,pending,,,,5
img_00004494,images/img_00004494.jpg,02_deepfirearm,deepfirearm,83b10ea727e6130ec3569ca3be8ea22220ce763824616deadeb7b60a35b35881,,pending,,,,5
img_00004495,images/img_00004495.jpg,02_deepfirearm,deepfirearm,19de6f02679220cc3d6e8c4206482de022cb9f49c8aafb665fa27e41913f0342,,pending,,,,5
img_00004496,images/img_00004496.jpg,02_deepfirearm,deepfirearm,3f98fe279dedff722067aaa986ea193c7a73138572bf5186401a2f26435849b2,,pending,,,,5
img_00004497,images/img_00004497.jpg,02_deepfirearm,deepfirearm,9435888a03fce7e307fd4c38189cf6e8c8b4c4b432d6737f8a386b0fb5ad2cd6,,pending,,,,5
img_00004498,images/img_00004498.jpg,02_deepfirearm,deepfirearm,d0102bb68a2d0ddeff8a97554ded7d41fe1621d34d41ae31f6f42aa6a9847d17,,pending,,,,5
img_00004499,images/img_00004499.jpg,02_deepfirearm,deepfirearm,ffc4d00488e044ba93c08caf5b7f8715799a9afeddde8f91bbae5985a5ae9952,,pending,,,,5
img_00004500,images/img_00004500.jpg,02_deepfirearm,deepfirearm,a3ad493ae720496c3213c8225060e4831acabe734fb8e5496d83648c4e0a4dbf,,pending,,,,5
img_00004501,images/img_00004501.jpg,02_deepfirearm,deepfirearm,2bf8aa1603fc48df5b8a30019793b9440d8e88dfcae5ba25bdc92851ade89b65,,pending,,,,5
img_00004502,images/img_00004502.jpg,02_deepfirearm,deepfirearm,55864445d9d5441a5f84ab8d001888849e8ab7740f779d58dd3cabbe3fea9e82,,pending,,,,5
img_00004503,images/img_00004503.jpg,02_deepfirearm,deepfirearm,958bdecba60405f88654b44cfbb91ca780c980872e49ac2a34dc80fcdde487b1,,pending,,,,5
img_00004504,images/img_00004504.jpg,02_deepfirearm,deepfirearm,3dbc1e812563acf82f3a88ee9ea0085d0d34f6aa4d956e4ea841599f6b2ddb07,,pending,,,,5
img_00004505,images/img_00004505.jpg,02_deepfirearm,deepfirearm,79c3edf30402100810fc74575b7e5e1a6761276fa34df5cb775e6b4567be9d28,,pending,,,,5
img_00004506,images/img_00004506.jpg,02_deepfirearm,deepfirearm,6eb2cdea339a8468bdca59ba83c43fb388302ae078456d540e923b8b61de20ce,,pending,,,,5
img_00004507,images/img_00004507.jpg,02_deepfirearm,deepfirearm,17795eec98acc3a9bd33a7facf3a745d0f4bc16d835d64a1267ade739befb440,,pending,,,,5
img_00004508,images/img_00004508.jpg,02_deepfirearm,deepfirearm,3e61929f6d7ea5079420c0c2cf4b26977a3ec715c01aa188539ea3bb30e697aa,,pending,,,,5
img_00004509,images/img_00004509.jpg,02_deepfirearm,deepfirearm,551c4ba621d9675c61c8b57924d3c3079fbedd9b89efb32a1ab6521da87049ce,,pending,,,,5
img_00004510,images/img_00004510.jpg,02_deepfirearm,deepfirearm,6e14010f47f45d890195e4b94dbaf6a7fd72f7afd26f7aa92978602c4b29d45e,,pending,,,,5
img_00004511,images/img_00004511.jpg,02_deepfirearm,deepfirearm,cc37221e3ff93b5beff0d42f7fb6ba45516b3b77b304a017cc172deb42561746,,pending,,,,5
img_00004512,images/img_00004512.jpg,02_deepfirearm,deepfirearm,af94b141f16c9e36e0571f7b9691658aa151df5f737af368347b31f251dfc002,,pending,,,,5
img_00004513,images/img_00004513.jpg,02_deepfirearm,deepfirearm,4482caef0405362e886ee102917c3e7ea4401ce2ef5d0f0caee35404652d0b7a,,pending,,,,5
img_00004514,images/img_00004514.jpg,02_deepfirearm,deepfirearm,002280462069b989cdb5e9f3e1d08d7f61a9716504d2078cfd5ffbca8fb341e6,,pending,,,,5
img_00004515,images/img_00004515.jpg,02_deepfirearm,deepfirearm,9fe1aa0ed6820daadf481bcd61facf0434cfd2da1f1aac3dd6de82022375b7de,,pending,,,,5
img_00004516,images/img_00004516.jpg,02_deepfirearm,deepfirearm,848ffe2d191400796ad0efacf551598d72864a699812deee8c96de059a70058f,,pending,,,,5
img_00004517,images/img_00004517.jpg,02_deepfirearm,deepfirearm,09e1cc622eb937f0a5070b6e5ea75f4c7caff9d6e19d81328ce30cb2f064eecc,,pending,,,,5
img_00004518,images/img_00004518.jpg,02_deepfirearm,deepfirearm,e35eee0f98aa714fd22d49ec9ad6229f434e03461f871c4fdff3ba4707ffbd9b,,pending,,,,5
img_00004519,images/img_00004519.jpg,02_deepfirearm,deepfirearm,6460c23e544c1e09883c5c35ca72da0c891eb1cb91754bc0bcf46bce7ef15e12,,pending,,,,5
img_00004520,images/img_00004520.jpg,02_deepfirearm,deepfirearm,0ddd061d51aa51e99ee19a38f29732e3b834f81cb4599cea186a05cc35a8aab1,,pending,,,,5
img_00004521,images/img_00004521.jpg,02_deepfirearm,deepfirearm,fb3db26b7ba93f1368f11190e7a2dae4237cb6f9bf8794069958a79ed25c1933,,pending,,,,5
img_00004522,images/img_00004522.jpg,02_deepfirearm,deepfirearm,4c546e431246db9db15772cd19261aea4e55b8ca32d6297ea1c767284e1fc01b,,pending,,,,5
img_00004523,images/img_00004523.jpg,02_deepfirearm,deepfirearm,f3d71dd4131b538b44d2d0dc2c66c47dd77b2102d320ff0725de843742f8a3f0,,pending,,,,5
img_00004524,images/img_00004524.jpg,02_deepfirearm,deepfirearm,092af73469503fafec278fadaeefc13e96ac4e31c8c603b9739db52756b5ab5c,,pending,,,,5
img_00004525,images/img_00004525.jpg,02_deepfirearm,deepfirearm,dcf5cd0518779302301efdb313e58f6da9fd6ef6ca9a1c4e62a384be3324b38f,,pending,,,,5
img_00004526,images/img_00004526.jpg,02_deepfirearm,deepfirearm,d83da165bfaddadc9a4c139b30f677df0c06df68fee13ff92e1dee9f7ce31b15,,pending,,,,5
img_00004527,images/img_00004527.jpg,02_deepfirearm,deepfirearm,42224e8e6954b34cb5c48770c1e744d7b1ab844885fcc2a326478510755d60f2,,pending,,,,5
img_00004528,images/img_00004528.jpg,02_deepfirearm,deepfirearm,b6c6b60407ab986e410824b8882e1928ae98162f36bbc8f461f0baec86948690,,pending,,,,5
img_00004529,images/img_00004529.jpg,02_deepfirearm,deepfirearm,f8d0155752c58964000e7a889314727eaac6af6abbb79b56e1daa88a396c0bf4,,pending,,,,5
img_00004530,images/img_00004530.jpg,02_deepfirearm,deepfirearm,adcb9559bf385571430f7eb1d8e7b73c8541eb3ae2cfe2076dddf4f07519c6d1,weapon,reviewed,,Lello,2026-04-22T09:22:22+00:00,5
img_00004531,images/img_00004531.jpg,02_deepfirearm,deepfirearm,48bbb60c00e00027c391c9865f203eb019ce76e6ac15ba3a7fc073aaa17a714e,weapon,reviewed,,Lello,2026-04-22T09:22:24+00:00,5
img_00004532,images/img_00004532.jpg,02_deepfirearm,deepfirearm,5f6966e087de06382b2ba7c69649c95f1d4308114f78e23829cc2c2bb5e3ffbd,weapon,reviewed,,Lello,2026-04-22T09:22:25+00:00,5
img_00004533,images/img_00004533.jpg,02_deepfirearm,deepfirearm,44087012c11a29462fceaee3d347d16ce75b038d0c1bb6fb971ab7214a550066,weapon,reviewed,,Lello,2026-04-22T09:22:27+00:00,5
img_00004534,images/img_00004534.jpg,02_deepfirearm,deepfirearm,c12482821dd2aaad91bf17f33800f793fd599595c599343a0bfb7a8e150a6805,weapon,reviewed,,Lello,2026-04-22T09:22:28+00:00,5
img_00004535,images/img_00004535.jpg,02_deepfirearm,deepfirearm,f56aa772e937648d08a7b7f3175ee55735b7431619d4c8d46386f8853c797407,,pending,,,,5
img_00004536,images/img_00004536.jpg,02_deepfirearm,deepfirearm,9837abd9ea5374405b2d73c3cf5b099ac7055ee4d65db1ac0c53ca49bf0eb7c6,,pending,,,,5
img_00004537,images/img_00004537.jpg,02_deepfirearm,deepfirearm,e64508ee69fbf966843759592efb826f34eeaac489940c66130db0dd297c4599,,pending,,,,5
img_00004538,images/img_00004538.jpg,02_deepfirearm,deepfirearm,7b517df494ce0d6597908bcd52291012f01794bf797056a76fa24e9b8243a22f,,pending,,,,5
img_00004539,images/img_00004539.jpg,02_deepfirearm,deepfirearm,ec4881ae0554a61ed9045b584a414cb9193ace6f59cb0b29e82124b278526019,,pending,,,,5
img_00004540,images/img_00004540.jpg,02_deepfirearm,deepfirearm,0529c52de77046564b1360edfecab673f4a039a2e808fcf003134981806c6e42,,pending,,,,5
img_00004541,images/img_00004541.jpg,02_deepfirearm,deepfirearm,a80d10c7d61e38268290c5d70048662edb1bf5458dffa82e2259eba39a6bab66,,pending,,,,5
img_00004542,images/img_00004542.jpg,02_deepfirearm,deepfirearm,e76ae62b71e9c5443de77c9dfe81d8aa93974fcaf950bdc40b8716a2eadaabc2,,pending,,,,5
img_00004543,images/img_00004543.jpg,02_deepfirearm,deepfirearm,3d1795850769e703f39cf6969b6666c966776c45478d0d7f930e470e6bd84e91,,pending,,,,5
img_00004544,images/img_00004544.jpg,02_deepfirearm,deepfirearm,cc1e13b3a28e1b99b3bf34694cb46f36cfcb70d533e3cba36fc275371c6ce59f,,pending,,,,5
img_00004545,images/img_00004545.jpg,02_deepfirearm,deepfirearm,4af2d0603870b840a063883660cde603567756f82b42fab0eb44576cb6cd4021,,pending,,,,5
img_00004546,images/img_00004546.jpg,02_deepfirearm,deepfirearm,f58e7302513beda95839932fc5374fded22b31ccc36db6691b09ce638688b418,,pending,,,,5
img_00004547,images/img_00004547.jpg,02_deepfirearm,deepfirearm,6e78183bf562e546ea81a0c2811ab03f5f194554bcfabe52e90f4a7a306b2dd1,,pending,,,,5
img_00004548,images/img_00004548.jpg,02_deepfirearm,deepfirearm,50d0270e154328ac28c2f2b0ef54e6eba65b4aa47b1e3ed82394400b67052a64,,pending,,,,5
img_00004549,images/img_00004549.jpg,02_deepfirearm,deepfirearm,ec802a72ea8d41779e94e92ad26a77698524bba81668d6f03c43febef422bef3,,pending,,,,5
img_00004550,images/img_00004550.jpg,02_deepfirearm,deepfirearm,12d414552b18ecf6a8738940ffb809ab8748a1b741ab96c5a316c5397f2d7771,,pending,,,,5
img_00004551,images/img_00004551.jpg,02_deepfirearm,deepfirearm,cf1ea8006dd3c5535e4a55899b6269085206899f4339b1ceee85a2bc8d050fee,,pending,,,,5
img_00004552,images/img_00004552.jpg,02_deepfirearm,deepfirearm,c96686cb9b44880ec162159c1fbbf558cb02e9277a43cd0b15d0179df7b70ed1,,pending,,,,5
img_00004553,images/img_00004553.jpg,02_deepfirearm,deepfirearm,a3a5e102e43da3d5583d422e09ffddd45e41819c2eddffea609c4e69eccab146,,pending,,,,5
img_00004554,images/img_00004554.jpg,02_deepfirearm,deepfirearm,b3dde768f78e25513efc14a2377ff069ced5434a5ab91f561582642b7ec4ad87,,pending,,,,5
img_00004555,images/img_00004555.jpg,02_deepfirearm,deepfirearm,d6e01316636aba263edb48ba0af050bc19fc847723f0212989a637ee367500be,,pending,,,,5
img_00004556,images/img_00004556.jpg,02_deepfirearm,deepfirearm,79930c2c41fc58decfec780a05c94464f7e2e2a5f04b4b4457f172a3ad22757e,,pending,,,,5
img_00004557,images/img_00004557.jpg,02_deepfirearm,deepfirearm,4f7181ed104d207fb4cbcf43242b4685b49787c27296048cabbd421c35d50b89,,pending,,,,5
img_00004558,images/img_00004558.jpg,02_deepfirearm,deepfirearm,2f006f3bd22e230804af56eff5238ed78468ab2bf401d2f7ad2a6c4da1a79232,,pending,,,,5
img_00004559,images/img_00004559.jpg,02_deepfirearm,deepfirearm,3dbcb07a5a65e72d57f0838094fc1579c708e98fd58a4d9f45378594f79c183a,,pending,,,,5
img_00004560,images/img_00004560.jpg,02_deepfirearm,deepfirearm,7765c90e5649f5313e543a643fc761f27edba31e22ad5c2dd4565a24a17b0bb1,,pending,,,,5
img_00004561,images/img_00004561.jpg,02_deepfirearm,deepfirearm,1b05a33ccbd1fe88934465811d01fb6ddcd771f0023ce53218b42d447dddcfb1,,pending,,,,5
img_00004562,images/img_00004562.jpg,02_deepfirearm,deepfirearm,f93b3fb95368c2ea03f805bdb118f6f65990dbf124841cb79b51023f85b963fa,,pending,,,,5
img_00004563,images/img_00004563.jpg,02_deepfirearm,deepfirearm,c21f5ccd5d4538fca61f41746c114b2a4e6fd5c3874c99892ea5d3d38cfbe8c0,,pending,,,,5
img_00004564,images/img_00004564.jpg,02_deepfirearm,deepfirearm,2c47c5465e0180da10bec2826bd095ee350889f8758c15586e5d6d0cc224015d,,pending,,,,5
img_00004565,images/img_00004565.jpg,02_deepfirearm,deepfirearm,e2f6ea1e303f83d19c9b3e64c2bb3eacaf080c10d9f09bc6657ce7b0bbd659d0,,pending,,,,5
img_00004566,images/img_00004566.jpg,02_deepfirearm,deepfirearm,2c1b991be4f592a37ebf6a0969ac98cdd97f79e648a892dcfca8ef7b5bd18a18,,pending,,,,5
img_00004567,images/img_00004567.jpg,02_deepfirearm,deepfirearm,3b71c7e1a498a7b6f46def3e6227c1fb62dffe91972be123b838cb559f85fdb7,,pending,,,,5
img_00004568,images/img_00004568.jpg,02_deepfirearm,deepfirearm,50f2e54903d11394e635c4dfaa690cf2e9ad8e9638c6ac6718cb5b9335da1718,,pending,,,,5
img_00004569,images/img_00004569.jpg,02_deepfirearm,deepfirearm,ae48ec80a2551c4cfdc4b7c790aec3c26ca4756fac801992dc728542129ebb63,,pending,,,,5
img_00004570,images/img_00004570.jpg,02_deepfirearm,deepfirearm,b46a2b8a2cceac39bda9a17347f241d64bd10496511e84d5910650f02eeb8b48,,pending,,,,5
img_00004571,images/img_00004571.jpg,02_deepfirearm,deepfirearm,0e71c244dc2e560c8b26b54d23c2849861cfac3f19d1390d40b7c59090623f41,,pending,,,,5
img_00004572,images/img_00004572.jpg,02_deepfirearm,deepfirearm,e7cfe09f68f963bf56fe0940b23cb2547994a733552d4c2d1e72ce96b264830c,,pending,,,,5
img_00004573,images/img_00004573.jpg,02_deepfirearm,deepfirearm,39449e1906cf212ca242a18b8e37caec82d22454d9ddcde0cc4bca7510ac805e,,pending,,,,5
img_00004574,images/img_00004574.jpg,02_deepfirearm,deepfirearm,5ff4338ef849044390ff13d0ec3914aa1b9cbde9bf4d4a1a6b16954435bb5196,,pending,,,,5
img_00004575,images/img_00004575.jpg,02_deepfirearm,deepfirearm,8ba1b3324f726f4238de4b785c8b70a3ec93054fdf4d0ff14bc165c4daa433ef,,pending,,,,5
img_00004576,images/img_00004576.jpg,02_deepfirearm,deepfirearm,4da18a59e4dfabe7375d7aa1140663caca8c6b7919e44841a541f427b3a14ab7,,pending,,,,5
img_00004577,images/img_00004577.jpg,02_deepfirearm,deepfirearm,789dee74f44b1180f49c8bdd743dbafb5848c2c957f5bbe61ed359ce7563d703,,pending,,,,5
img_00004578,images/img_00004578.jpg,02_deepfirearm,deepfirearm,d121117b3f24024a906a8b12b1e1bcfdcfc5b1f6591b42d11f352585c801f1c9,,pending,,,,5
img_00004579,images/img_00004579.jpg,02_deepfirearm,deepfirearm,063b1dae8493ccf330b9cc9feb99fc81bc1926529b1bcb932726a821406202fc,,pending,,,,5
img_00004580,images/img_00004580.jpg,02_deepfirearm,deepfirearm,d83dce45dbb703c1eea30bf38974754bbc36f6a5f4cb3eb48f55ff669bf9427b,,pending,,,,5
img_00004581,images/img_00004581.jpg,02_deepfirearm,deepfirearm,7ef4549d8d73cd08aecd9bad5c65c74097e817db6d0ef96bc79b5c0661aa55dc,,pending,,,,5
img_00004582,images/img_00004582.jpg,02_deepfirearm,deepfirearm,ef23ebc67ab48f87914ea9818b8b8491907ac203debc7e2d7d33780023dc5d54,,pending,,,,5
img_00004583,images/img_00004583.jpg,02_deepfirearm,deepfirearm,72121321e17feb31ee468d240890c002d95a8b35963477e3283cb52d6d80fef9,,pending,,,,5
img_00004584,images/img_00004584.jpg,02_deepfirearm,deepfirearm,502103b851b89cd50d32575c92a48c6f1f47335f2ecad516c8b5f854e6ab6fbb,,pending,,,,5
img_00004585,images/img_00004585.jpg,02_deepfirearm,deepfirearm,c5164d3c9e8678f177e894f38aa6f02d6813cc169e12f5d0c99580318e962a7b,,pending,,,,5
img_00004586,images/img_00004586.jpg,02_deepfirearm,deepfirearm,6a6acc7bea35389c39e04149f1f5bdde7ae4eafe8fc224880d40d588c76bd2af,,pending,,,,5
img_00004587,images/img_00004587.jpg,02_deepfirearm,deepfirearm,4666022314db81ae9d95b09dafd0b50a4e594f7310399c7d02b70adae59ff04a,,pending,,,,5
img_00004588,images/img_00004588.jpg,02_deepfirearm,deepfirearm,9688087002dc2b2660aed9934dd37ac94d00951dda6cb51023bacc10b5d56462,,pending,,,,5
img_00004589,images/img_00004589.jpg,02_deepfirearm,deepfirearm,dad7dfce906aefeb9bb4648b56a819fcf228f6c3556786ece49cf927c753c924,,pending,,,,5
img_00004590,images/img_00004590.jpg,02_deepfirearm,deepfirearm,8e0d48c0e5c226e854b35873c4b5b8b62fb32064da082a71da88bc112c880f91,,pending,,,,5
img_00004591,images/img_00004591.jpg,02_deepfirearm,deepfirearm,c403a6dca68411176023ccff4861c34c3fd03c7908bbae00020068e96ca56d25,,pending,,,,5
img_00004592,images/img_00004592.jpg,02_deepfirearm,deepfirearm,b09d50228c434693e9f45ad0f322fc5177cd3ff103b754e5f67c06e34f85dc7c,,pending,,,,5
img_00004593,images/img_00004593.jpg,02_deepfirearm,deepfirearm,af51cf5c6ae1b4522c09867723442be57faf0a887dd28ce1dd0c15cf0344328d,,pending,,,,5
img_00004594,images/img_00004594.jpg,02_deepfirearm,deepfirearm,4c9e1d8409fd9bbaf448fe5f5fd8cbdeef08d33ddd7b835d94e7c5bb81b4805d,,pending,,,,5
img_00004595,images/img_00004595.jpg,02_deepfirearm,deepfirearm,64f4b5581ec1946869ca32a81288a0dfce39508456f9fc2465cbc1190f6fbde5,,pending,,,,5
img_00004596,images/img_00004596.jpg,02_deepfirearm,deepfirearm,93fcad1e97aa800dfc8709d754bac974215a0919158ec13358ba49078e682be0,,pending,,,,5
img_00004597,images/img_00004597.jpg,02_deepfirearm,deepfirearm,3294c7e3fdabcd057bed72d2e291c4bc71573374f0523e0e4b07ff91477a5e86,,pending,,,,5
img_00004598,images/img_00004598.jpg,02_deepfirearm,deepfirearm,b14065b32e3b4fcb9ed066f05cc55eecd42686b71369c6f11e15fd2ec34c74eb,,pending,,,,5
img_00004599,images/img_00004599.jpg,02_deepfirearm,deepfirearm,44f0bd995229c1d72132fdd4083d631873eb229c016f1535fb477274b54fc1b2,,pending,,,,5
img_00004600,images/img_00004600.jpg,02_deepfirearm,deepfirearm,47fb5d5c776bcaaed1c8c579a6f217ea148eca8d9a82073126de0ab76bb6fdbf,,pending,,,,5
img_00004601,images/img_00004601.jpg,02_deepfirearm,deepfirearm,776dcf379ea65820079596402915d8bdd48b2483bdfe60d48fc943e02db775b5,,pending,,,,5
img_00004602,images/img_00004602.jpg,02_deepfirearm,deepfirearm,19b06ecaf6b94d378ee84c77d1461313879a3ea5a97d5f489e9d28e6168fb843,,pending,,,,5
img_00004603,images/img_00004603.jpg,02_deepfirearm,deepfirearm,c4ecd1f816870ca23f021685764b62188d4a750e245df90766d42de11319a104,,pending,,,,5
img_00004604,images/img_00004604.jpg,02_deepfirearm,deepfirearm,01ddd111035b462892c41af7a682573308cebc470db51bcc49df86adeff4e0a0,,pending,,,,5
img_00004605,images/img_00004605.jpg,02_deepfirearm,deepfirearm,2f5965c18a983e5cdca220f9412f3989c515b414e222e75366586f854c21eb11,,pending,,,,5
img_00004606,images/img_00004606.jpg,02_deepfirearm,deepfirearm,1fef871cb115664c212c4d6153b27fb2a296d85f1a4a00fa072c1a57212b4273,,pending,,,,5
img_00004607,images/img_00004607.jpg,02_deepfirearm,deepfirearm,2f49d51277710cf79f98f85432ced85b8c8bc189c8d37ecec58767d355662329,,pending,,,,5
img_00004608,images/img_00004608.jpg,02_deepfirearm,deepfirearm,5bf99a0b72562f1c7f008fe713fac0a2f5bd3cba756e239739d2115b57f327b8,,pending,,,,5
img_00004609,images/img_00004609.jpg,02_deepfirearm,deepfirearm,b3b9f24e4341ecac32ffae6942eba10482c134c9a3b8a77d3f6846267ba69012,,pending,,,,5
img_00004610,images/img_00004610.jpg,02_deepfirearm,deepfirearm,943d4aa4f9b938ab14f6b28d30aecb551155694df6fab586354e413ad2a956e3,,pending,,,,5
img_00004611,images/img_00004611.jpg,02_deepfirearm,deepfirearm,2d7956d5223776e392f06f07d7813c72d92c4f038c065409019f78175d3cefd9,,pending,,,,5
img_00004612,images/img_00004612.jpg,02_deepfirearm,deepfirearm,c73ad31c391246534afdaa5e38fc3accc273cad3fffc6f1b3fe5c80ecf83ed85,,pending,,,,5
img_00004613,images/img_00004613.jpg,02_deepfirearm,deepfirearm,c12c6b502f2a2e4f0a1fa150570ec333740e283b37ea71a891cc407818cee92a,,pending,,,,5
img_00004614,images/img_00004614.jpg,02_deepfirearm,deepfirearm,5463e6cc2aaad27438ef4fec3088a4215cd98351040c0ec30067ae1d08ddb47f,,pending,,,,5
img_00004615,images/img_00004615.jpg,02_deepfirearm,deepfirearm,5844acdd6f00baf3c0a22e087bb337df78ea33d84973f0063e4285e66fb612fd,,pending,,,,5
img_00004616,images/img_00004616.jpg,02_deepfirearm,deepfirearm,754340c2321fd910d1c4c88a7450fa5fb65e5f1c465431a32cd9953cf1bb7982,,pending,,,,5
img_00004617,images/img_00004617.jpg,02_deepfirearm,deepfirearm,2fb570451dad626a41bc40243633e149b27ba07a2316b8c659a56b9ea16e2a6e,,pending,,,,5
img_00004618,images/img_00004618.jpg,02_deepfirearm,deepfirearm,9509ff2addf162425f77ead4d4247f47bd2e888b6c9afaf6d3a5f9e1d0e85d69,,pending,,,,5
img_00004619,images/img_00004619.jpg,02_deepfirearm,deepfirearm,28b67a400a6619c425f858e26a065156c76cc9efa01754c6a19fa31c934afeef,,pending,,,,5
img_00004620,images/img_00004620.jpg,02_deepfirearm,deepfirearm,679611e99be5a06f4c2f20caf72694a99dc3144e09ec5f5a9030c77f3aaea2ab,,pending,,,,5
img_00004621,images/img_00004621.jpg,02_deepfirearm,deepfirearm,bf5c97a9493ddb6972c446c94d26fd54c1cfdc7e590c9656c3a0fba69d522b5f,,pending,,,,5
img_00004622,images/img_00004622.jpg,02_deepfirearm,deepfirearm,c4b2d465f574d6fa6d66f3078ea66be5d145ec4ad7d20a9b0e4dd5b20b024384,,pending,,,,5
img_00004623,images/img_00004623.jpg,02_deepfirearm,deepfirearm,e716e6ba4cb3433ace59027e0b5bd37cfc4bc5c633285d7c95d0c1ae7e7b37e9,,pending,,,,5
img_00004624,images/img_00004624.jpg,02_deepfirearm,deepfirearm,acc873ea23ca5435dc2c7c212a1bd256a065c40eb0de6ce56c92262fe18bf048,,pending,,,,5
img_00004625,images/img_00004625.jpg,02_deepfirearm,deepfirearm,af94214ab37e3b12cf38cffd0a49ae72912435c5372b3c6a4b8681698b49410d,,pending,,,,5
img_00004626,images/img_00004626.jpg,02_deepfirearm,deepfirearm,53166f0d47dca377d96176eb43ad23fc9d341536be26e7217bb6149c926dad9e,,pending,,,,5
img_00004627,images/img_00004627.jpg,02_deepfirearm,deepfirearm,7f8cefd39ac0b2047e93c097bb13926273ab5bf18f9fadb5fe83badb6229b53a,,pending,,,,5
img_00004628,images/img_00004628.jpg,02_deepfirearm,deepfirearm,477dcd51f81ade3a11c085ab8f77d8817806e1acca50c4508ebc42bd3e958126,,pending,,,,5
img_00004629,images/img_00004629.jpg,02_deepfirearm,deepfirearm,c64ff9cd34ebbadf4b7f9a880ea520cedb4180a62ea747d985bb0f66af6f871c,,pending,,,,5
img_00004630,images/img_00004630.jpg,02_deepfirearm,deepfirearm,0f2a9097232a9516c1fc981e39f33adbdec734657a9674dfa88b66f826cf6cf5,,pending,,,,5
img_00004631,images/img_00004631.jpg,02_deepfirearm,deepfirearm,982b1064f7b6f18bd8276e081b54fedcf4aa592c5856b413a069d22e171a49a2,,pending,,,,5
img_00004632,images/img_00004632.jpg,02_deepfirearm,deepfirearm,ccf5e4ef1b1ff8977bde81087c6422574f585ac4b36c7d78d98fbdf6a8f13a4e,,pending,,,,5
img_00004633,images/img_00004633.jpg,02_deepfirearm,deepfirearm,a7b1311a4e6d967143d38e66133c05db43335d5c7ad2f263449c48ba7133dc13,,pending,,,,5
img_00004634,images/img_00004634.jpg,02_deepfirearm,deepfirearm,9f8384a8a446f12279a1f3fbff882cfbab47cf13c118eab484c45d7612e7a43b,,pending,,,,5
img_00004635,images/img_00004635.jpg,02_deepfirearm,deepfirearm,cbbd2e42646ef4651eb95fc95b587b774021f648411e061e9486e35142ced35d,,pending,,,,5
img_00004636,images/img_00004636.jpg,02_deepfirearm,deepfirearm,380bc70b03570070177ff4fb2e9110aba4e333ff4603e59365c8bfc934363d6e,,pending,,,,5
img_00004637,images/img_00004637.jpg,02_deepfirearm,deepfirearm,59b5db4050286c5419c6cc76b1927f9c763e7d3381779e7de19d56506ead9f8f,,pending,,,,5
img_00004638,images/img_00004638.jpg,02_deepfirearm,deepfirearm,d1b2bf402099cd1928ddbff91557a98bb3d6bb511ead54f3911a0e0253f5da7a,,pending,,,,5
img_00004639,images/img_00004639.jpg,02_deepfirearm,deepfirearm,0e82e3fe90612600d1d58f3f2896e456abfa6442888dc1ab516a16c59b7bc104,,pending,,,,5
img_00004640,images/img_00004640.jpg,02_deepfirearm,deepfirearm,dc6ef3af14ad5e6782a6b03687fd5e11f725d03f6e8f374d855178778c8562ff,,pending,,,,5
img_00004641,images/img_00004641.jpg,02_deepfirearm,deepfirearm,4cfe9990752a1eb4820427e910abc1dc550e90ece1af69b163590bd094188eea,,pending,,,,5
img_00004642,images/img_00004642.jpg,02_deepfirearm,deepfirearm,8aa8ccfaa24bcd35b67df93cb2bcc97232291fc62b2b76957ad6fd50d1ea2ed0,,pending,,,,5
img_00004643,images/img_00004643.jpg,02_deepfirearm,deepfirearm,f990f3e5ab18f930325dd60e39311bb497aac01d6b815cc735ba32a684ce94eb,,pending,,,,5
img_00004644,images/img_00004644.jpg,02_deepfirearm,deepfirearm,e9099158e9b62a5822dde6130c952f8b8b23170f3177ad83027b9dacda61e7f7,,pending,,,,5
img_00004645,images/img_00004645.jpg,02_deepfirearm,deepfirearm,4c5c18e13ec7f8bdfea1143521eea3436c76422f67f5afeb2c2b4aa8cb1fd051,,pending,,,,5
img_00004646,images/img_00004646.jpg,02_deepfirearm,deepfirearm,140c1382eb619f71ee9f23434b6c19ba61c2d570dfccef975914951f0a38dc79,,pending,,,,5
img_00004647,images/img_00004647.jpg,02_deepfirearm,deepfirearm,f6ed1ba11ce928ce152d131b8fb191b40a7ee3f8d29cb5b3dceb5bc8a382a8bc,,pending,,,,5
img_00004648,images/img_00004648.jpg,02_deepfirearm,deepfirearm,a4fa71560ad8b99ca936870ea27ccbc7aa67bc9f74b05821ebca12d88ebdc34f,,pending,,,,5
img_00004649,images/img_00004649.jpg,02_deepfirearm,deepfirearm,967af0e235ac8058695a13944c0df63f3a9f05d72a92680aab6540d7962c8029,,pending,,,,5
img_00004650,images/img_00004650.jpg,02_deepfirearm,deepfirearm,f44c0db28889ed01b9a68d693937cdee5509d62c1e9430ebc7706c381bc30f7d,,pending,,,,5
img_00004651,images/img_00004651.jpg,02_deepfirearm,deepfirearm,ee7d9f1cbad7ef90f593839cf4bb66f97ad9dcbfe02770ecf182dd2f5cf52078,,pending,,,,5
img_00004652,images/img_00004652.jpg,02_deepfirearm,deepfirearm,8750b9bc423cd1f90a337b0d9625a373d90d88b627796723e1af4422ff7107a4,,pending,,,,5
img_00004653,images/img_00004653.jpg,02_deepfirearm,deepfirearm,f73c45e6338c57c797a781d3cdd35f4835fab6ca2e33cd236d9b192e5562a022,,pending,,,,5
img_00004654,images/img_00004654.jpg,02_deepfirearm,deepfirearm,f7436de40790823448c0fc54937249be790ef18a6e4112dd20cf6319cc454250,,pending,,,,5
img_00004655,images/img_00004655.jpg,02_deepfirearm,deepfirearm,99782f846cf6b39f3b733c793927a173b17149b9b2796c4f8d88ab49ee6d6ca8,,pending,,,,5
img_00004656,images/img_00004656.jpg,02_deepfirearm,deepfirearm,df9a7d7592d1eac1f1cb78d3a2c12091ac05d05efe4bc1309049d7854f63fe11,,pending,,,,5
img_00004657,images/img_00004657.jpg,02_deepfirearm,deepfirearm,847c4ae5e3d3579887faec2080206b4a7634f51a4805cfa50903884730b0edb4,,pending,,,,5
img_00004658,images/img_00004658.jpg,02_deepfirearm,deepfirearm,0e788e593a3742613f174db80b4f2841765cc36481b5716d705644169502290b,,pending,,,,5
img_00004659,images/img_00004659.jpg,02_deepfirearm,deepfirearm,3d7c2e16f89a0beb260b1b045f4bb4d499ebbf0ee9584d70a21c1328f0e98b5b,,pending,,,,5
img_00004660,images/img_00004660.jpg,02_deepfirearm,deepfirearm,966187be452d6d2fc0754d7e072a9af07776b2d0b974700a4f83a8839535bac6,,pending,,,,5
img_00004661,images/img_00004661.jpg,02_deepfirearm,deepfirearm,a230a176c622470e05ad6effe9d24c87b57ea4dd8f14b2ca0deb0bf598b05553,,pending,,,,5
img_00004662,images/img_00004662.jpg,02_deepfirearm,deepfirearm,1bdb51dd1a9bbd671933520c422e62fc3f6a202ac411883ec36378caa19cfe1f,,pending,,,,5
img_00004663,images/img_00004663.jpg,02_deepfirearm,deepfirearm,c2053dee2a497c592eee4c78071f26b82f91db1ed9e71865a64ed419551096dc,,pending,,,,5
img_00004664,images/img_00004664.jpg,02_deepfirearm,deepfirearm,e18864682ef5a38db6f7b8390250a6454127d01c69775c940f5eda2cda6add63,,pending,,,,5
img_00004665,images/img_00004665.jpg,02_deepfirearm,deepfirearm,a1f0dfae45730581e5bb8233b3a710ab4ffc21eb896398cf96a43781b486460b,,pending,,,,5
img_00004666,images/img_00004666.jpg,02_deepfirearm,deepfirearm,f9fa057d9e926547182a04ab73e9cddaebb93ae87049833e9ace1263cab79ed7,,pending,,,,5
img_00004667,images/img_00004667.jpg,02_deepfirearm,deepfirearm,364f8f85dba0d91e1ead0e458a289a194b407f38cb32fe1e1486465f3ce7ae7a,,pending,,,,5
img_00004668,images/img_00004668.jpg,02_deepfirearm,deepfirearm,c275f4a97d1dcd0d8bd1b3f1ea5ff89d465d5b9d7388b8bf1d7511d4f34ae5b3,,pending,,,,5
img_00004669,images/img_00004669.jpg,02_deepfirearm,deepfirearm,dc9350ee858b108666b173386256bfac714c6f1e33a483b7685e0b19470090fb,,pending,,,,5
img_00004670,images/img_00004670.jpg,02_deepfirearm,deepfirearm,c513fa5a8523311d52de6f37e3720d4df899a80d8f88ea2601fc0dd63de8c858,,pending,,,,5
img_00004671,images/img_00004671.jpg,02_deepfirearm,deepfirearm,e331c3aefe026b023736f4e40bc4320817f79247e731cc9f325fda2104f135e9,,pending,,,,5
img_00004672,images/img_00004672.jpg,02_deepfirearm,deepfirearm,0cf5204e774e43f700221869980e883836a12a4a78de33a2b45da60135499539,,pending,,,,5
img_00004673,images/img_00004673.jpg,02_deepfirearm,deepfirearm,2c39d248e8e9eb4f3b3348689b6f3dd2a1d15940c2218ea4b7a341b7b217756e,,pending,,,,5
img_00004674,images/img_00004674.jpg,02_deepfirearm,deepfirearm,4b85f5528149f144e7fe12be6c586b32c095e45d03e5210d073ce1c9f3adc205,,pending,,,,5
img_00004675,images/img_00004675.jpg,02_deepfirearm,deepfirearm,382e47f54c3449ed2be1b17a3b9397bbf4cd665d889eaffee397c1d6f61712f2,,pending,,,,5
img_00004676,images/img_00004676.jpg,02_deepfirearm,deepfirearm,a6c9acc68e06db7ac4c4c87980573d9141110527309a6087065a7d2c8671e321,,pending,,,,5
img_00004677,images/img_00004677.jpg,02_deepfirearm,deepfirearm,c507c419db70434a2058fd0501a2d6d1e0438dd218429da2280fb86945283be7,,pending,,,,5
img_00004678,images/img_00004678.jpg,02_deepfirearm,deepfirearm,02c8b9d6d67c742440bec20f7726f1da8cd7bb158ba90044fe69b02b5c60d815,,pending,,,,5
img_00004679,images/img_00004679.jpg,02_deepfirearm,deepfirearm,8d43c4df8a3d63db187508c21b270461191284b83e607aab296ff958c3c8bc5a,,pending,,,,5
img_00004680,images/img_00004680.jpg,02_deepfirearm,deepfirearm,f416d320e1229d52148ce06c37dbca39ea6cfe2850ade2a21d769901d7cb7ac4,,pending,,,,5
img_00004681,images/img_00004681.jpg,02_deepfirearm,deepfirearm,325a4f934023b2dd9d29483bf56033575c10d633226c279baeb92c00857d3106,,pending,,,,5
img_00004682,images/img_00004682.jpg,02_deepfirearm,deepfirearm,c2733dc5ebd78071b805ef862362acb2551e1b4b1027b431658553e3f2f784aa,,pending,,,,5
img_00004683,images/img_00004683.jpg,02_deepfirearm,deepfirearm,509ace9e17d39e3b82ae912d410aeaf888fb130192c827b1bfb794c8730e8d5a,,pending,,,,5
img_00004684,images/img_00004684.jpg,02_deepfirearm,deepfirearm,a81d5bb77fc68ac7e3bacd44c737102adb33158bf9cbb71adc23f30b6830509c,,pending,,,,5
img_00004685,images/img_00004685.jpg,02_deepfirearm,deepfirearm,acb5d12270d46ba7e05e0aebe97f8350aa9e4b72e6d1e553a8520cb978008e8b,,pending,,,,5
img_00004686,images/img_00004686.jpg,02_deepfirearm,deepfirearm,64bce61788ad8c35c38cba30b53f7899d04808d8d3c2c8ee15a4dea99d136a67,,pending,,,,5
img_00004687,images/img_00004687.jpg,02_deepfirearm,deepfirearm,ab9d8353c903a9d0f8762b2863e64fd35394a68adf93935f88ab76d654220802,,pending,,,,5
img_00004688,images/img_00004688.jpg,02_deepfirearm,deepfirearm,14455c792c5dc5f6cb87a916fba6613ad164bbaa5b9024678b663cda940eec55,,pending,,,,5
img_00004689,images/img_00004689.jpg,02_deepfirearm,deepfirearm,73cfc0626df08e8a798c7e7b511eef89fcdf100e6b0a191a7a38ddf5471a759f,,pending,,,,5
img_00004690,images/img_00004690.jpg,02_deepfirearm,deepfirearm,3e696db16a300c403690d86d24da62de7dbbe5fce75f5aa00fe1cf9517bc0642,,pending,,,,5
img_00004691,images/img_00004691.jpg,02_deepfirearm,deepfirearm,83dfef71edc7752f711645c787abacd9238acd1b7b3797886820a7886ad170a8,,pending,,,,5
img_00004692,images/img_00004692.jpg,02_deepfirearm,deepfirearm,ed83f9f6d353a3284fb3af04a04873bf294a2b3d62e9f4f4d4125c70a4f12c83,,pending,,,,5
img_00004693,images/img_00004693.jpg,02_deepfirearm,deepfirearm,03dfad3dd03cf2cb299eb244869499a178fc74033b4a48e2f01e6001e4185115,,pending,,,,5
img_00004694,images/img_00004694.jpg,02_deepfirearm,deepfirearm,9de9ca73b247cf93caa41ec9618019fce9533e079c79e41c9463d7168c466764,,pending,,,,5
img_00004695,images/img_00004695.jpg,02_deepfirearm,deepfirearm,fbc0fff00000a05ba8734b05e692919fddb69f857688444b0cddcc83411798f2,,pending,,,,5
img_00004696,images/img_00004696.jpg,02_deepfirearm,deepfirearm,a6b1a8a090fb84d4fd2ffa9e6100d06d237f33f0ee7a5fb226b3491bad15a8ab,,pending,,,,5
img_00004697,images/img_00004697.jpg,02_deepfirearm,deepfirearm,bb257215351964aa55dd754ecedeaeacce5f54a60286a043bf0201f2f9385ade,,pending,,,,5
img_00004698,images/img_00004698.jpg,02_deepfirearm,deepfirearm,0fb4f47e77fc1b51fbd726251000a38399994469ce036270fb7f7d9bcbb8504c,,pending,,,,5
img_00004699,images/img_00004699.jpg,02_deepfirearm,deepfirearm,4b9fdb9b3ddcc454a2af14879d77659ddd9f8904d138749cf85f9274da930724,,pending,,,,5
img_00004700,images/img_00004700.jpg,02_deepfirearm,deepfirearm,7cd191ceaa59d14a770ac166271b21dd951465acd2de77160a2c0451771c2cdf,,pending,,,,5
img_00004701,images/img_00004701.jpg,02_deepfirearm,deepfirearm,9b1c2d75e55ad74b1d4ace1913846efc1e5f9d5a5c3b0dc56474720f22418a21,,pending,,,,5
img_00004702,images/img_00004702.jpg,02_deepfirearm,deepfirearm,6c4d1bb78e6c3a755f214cef3ade25af0c9d7dae5856df1a24b00e3ee6011435,,pending,,,,5
img_00004703,images/img_00004703.jpg,02_deepfirearm,deepfirearm,c043c601ba671adca148f0d3e83115771b9b3713df8f335296d000e42e29dee1,,pending,,,,5
img_00004704,images/img_00004704.jpg,02_deepfirearm,deepfirearm,59c00d5bb2da063d6ee0b3670917973527153a8900ce2431f3a2519763b08d47,,pending,,,,5
img_00004705,images/img_00004705.jpg,02_deepfirearm,deepfirearm,8b05a847c7162923f89ed4a3441e0041fe8efaf5d09de74905a018d461607f81,,pending,,,,5
img_00004706,images/img_00004706.jpg,02_deepfirearm,deepfirearm,42ade52b4ab43aa712d76cd62bcfbf482d142870241e5cb9d17a84875bb27caf,,pending,,,,5
img_00004707,images/img_00004707.jpg,02_deepfirearm,deepfirearm,66e585108559b11b5473b1fb2060f464b375246f995a966ca737d228fedc4961,,pending,,,,5
img_00004708,images/img_00004708.jpg,02_deepfirearm,deepfirearm,e48e91539ac5bda1784f6b5d15e5d0845cb440fe2fa03595d96139b58e5d97f4,,pending,,,,5
img_00004709,images/img_00004709.jpg,02_deepfirearm,deepfirearm,80b703c3f5775336360e09c95225f84d0b50600e1e879efa8e2cfa6c19ff29bb,,pending,,,,5
img_00004710,images/img_00004710.jpg,02_deepfirearm,deepfirearm,2c6bb41331a17fff3cfa7b7197e1a54656a4c5767655bf78a8ea59471a3817d2,,pending,,,,5
img_00004711,images/img_00004711.jpg,02_deepfirearm,deepfirearm,cd19c91a2ed465f57005fabab8f7dcfac9c7021b2cf532c5542f026d67a1c7e3,,pending,,,,5
img_00004712,images/img_00004712.jpg,02_deepfirearm,deepfirearm,04325f3c8678c25b03bfc7e7486c9fa7147f681deeff396a2647bc5d6917ac5b,,pending,,,,5
img_00004713,images/img_00004713.jpg,02_deepfirearm,deepfirearm,cb8f67d730b520b34bdf0a883b414e41104fa9655171a18674e9189c82e9ee51,,pending,,,,5
img_00004714,images/img_00004714.jpg,02_deepfirearm,deepfirearm,6fe6fc357878bf0701dc849fd71738deb92abd47c39efe778157f1eab3f0d7fd,,pending,,,,5
img_00004715,images/img_00004715.jpg,02_deepfirearm,deepfirearm,1985a7957e1d68d150ee327f0d3f6ebfc98ac49adb8acefe21f6ba876bb73915,,pending,,,,5
img_00004716,images/img_00004716.jpg,02_deepfirearm,deepfirearm,bc0dd19c3cf1b09ac015ccc1be67a4dd73457268fc8dd870ad551b17b0e11df5,,pending,,,,5
img_00004717,images/img_00004717.jpg,02_deepfirearm,deepfirearm,6185950996c55c69c3a49a09f0c3bf42517ca3c4c61ac094947c115cb1364ed1,,pending,,,,5
img_00004718,images/img_00004718.jpg,02_deepfirearm,deepfirearm,0ef44b992cddeff559d123c72ac068c41de5f3822f8fca0d62acb27bef969945,,pending,,,,5
img_00004719,images/img_00004719.jpg,02_deepfirearm,deepfirearm,d8fb547e2099cee7c4b64efaad41ae1d9f13a2313c8843a7be0c536cd9a2de1e,,pending,,,,5
img_00004720,images/img_00004720.jpg,02_deepfirearm,deepfirearm,52269a36a311d3ef08403eb91f4c3ce414fd111d3d1d9b66b248a3cef5fb933a,,pending,,,,5
img_00004721,images/img_00004721.jpg,02_deepfirearm,deepfirearm,1115e704b2d05e9dfd7b668dafcb8110e91600996d3fb53ce2ea9e379c0de005,,pending,,,,5
img_00004722,images/img_00004722.jpg,02_deepfirearm,deepfirearm,076a7069f930df47ca71b0a4b2c3fdd56eb4a39324733f302258e77b0ed51f16,,pending,,,,5
img_00004723,images/img_00004723.jpg,02_deepfirearm,deepfirearm,e019eea1da836700b420ec873fdfe8574b7dc99c1dd6a704892cb234c329375e,,pending,,,,5
img_00004724,images/img_00004724.jpg,02_deepfirearm,deepfirearm,d72d4774b4bd3bbbf04564067c076aff252aca3dac84a7dfecd445c1c71be567,,pending,,,,5
img_00004725,images/img_00004725.jpg,02_deepfirearm,deepfirearm,25ae9f1dee3eb7cd437f00340c4febf2972fb50d54a74fbba5c833a01d4e9b88,,pending,,,,5
img_00004726,images/img_00004726.jpg,02_deepfirearm,deepfirearm,f00a7c82835f3c142a8c29715253778118b2450207562ecf9a9c608dcc4db7bb,,pending,,,,5
img_00004727,images/img_00004727.jpg,02_deepfirearm,deepfirearm,3019258c5e5de745e885eeaabc22959f21e659a299eb44d7b6495c786a3607b2,,pending,,,,5
img_00004728,images/img_00004728.jpg,02_deepfirearm,deepfirearm,e303d73a2c702fb9695bafb317f191fe19e5583640a37a1ab70787686cbd5c73,,pending,,,,5
img_00004729,images/img_00004729.jpg,02_deepfirearm,deepfirearm,86ef67d1db5b44837c7dc3a42c461987f0423e0e87075ef263a9c3acd75a1636,,pending,,,,5
img_00004730,images/img_00004730.jpg,02_deepfirearm,deepfirearm,e8a140fef0cbe18bf4d12b4bb36b1b8a6cc0b0e16dca9b2d381111414ce5acf0,,pending,,,,5
img_00004731,images/img_00004731.jpg,02_deepfirearm,deepfirearm,c3f85c1b0802abf5dae665d6fa4263c8b7d0a3d9bf3071273c614a74cc3d7740,,pending,,,,5
img_00004732,images/img_00004732.jpg,02_deepfirearm,deepfirearm,87dd67e542e0a7b8945ac7f11209e45b1340278dc3540a5e70acc214f10b4f58,,pending,,,,5
img_00004733,images/img_00004733.jpg,02_deepfirearm,deepfirearm,5b70bc112dca18abdbff1c360f3f6c40601fadba395ad530914cea61c72e8946,,pending,,,,5
img_00004734,images/img_00004734.jpg,02_deepfirearm,deepfirearm,614da9550251348e3ebe025277613cc1a893fc90979e06863ba6ce27453e149d,,pending,,,,5
img_00004735,images/img_00004735.jpg,02_deepfirearm,deepfirearm,a0bc63d1e3ed8ef20458626c60a8a82d59175d8d1407c834031213a4d9e12c7b,,pending,,,,5
img_00004736,images/img_00004736.jpg,02_deepfirearm,deepfirearm,fb60d260e19a324faf24693f72f824cf1ef76a210549fe7edc889f363cbe66cb,,pending,,,,5
img_00004737,images/img_00004737.jpg,02_deepfirearm,deepfirearm,7b1a9970b077c366c98e31d6b8ca1cad196c5e824cc5b46be071bcd25e5e2670,,pending,,,,5
img_00004738,images/img_00004738.jpg,02_deepfirearm,deepfirearm,b9980cea9213298e3f35906a6fd64cc1f3f42f6c2d0b398aab330d94ef0d2f97,,pending,,,,5
img_00004739,images/img_00004739.jpg,02_deepfirearm,deepfirearm,3f5a21c315b8940c1d56220320a617ccb361582464cc2aa5333cf8c9bc2039f0,,pending,,,,5
img_00004740,images/img_00004740.jpg,02_deepfirearm,deepfirearm,d69ea563ea08d043fedb8e509aaf9b83251ede547a50b8b2f863203fcc61a296,,pending,,,,5
img_00004741,images/img_00004741.jpg,02_deepfirearm,deepfirearm,ebc96595754fa3654cab445a996b1ad12f6b18d54b0bb24bca67b90604561509,,pending,,,,5
img_00004742,images/img_00004742.jpg,02_deepfirearm,deepfirearm,5039c5b539b79904f22b1ec8a8129c65308dc76a0ec5890addd5e904e4fc3455,,pending,,,,5
img_00004743,images/img_00004743.jpg,02_deepfirearm,deepfirearm,4173b0f4abb255c9a06ecb3be2e3a52574b1736c7ed0d6733159e1fba3a87ee9,,pending,,,,5
img_00004744,images/img_00004744.jpg,02_deepfirearm,deepfirearm,c6860280f13785b6e90d95d698aa8298f1582980f7550f572fcf0e0a0f731074,,pending,,,,5
img_00004745,images/img_00004745.jpg,02_deepfirearm,deepfirearm,24f9b2e1822098353cebe5c323af5df751f9fd1ec84bf00675d029e98602b3e1,,pending,,,,5
img_00004746,images/img_00004746.jpg,02_deepfirearm,deepfirearm,11a42caee4e1b265b49b0fe7c46fb1bf34d277aa828ccc7625d8af0a737a8cce,,pending,,,,5
img_00004747,images/img_00004747.jpg,02_deepfirearm,deepfirearm,e0b7576b44e372c662df15badc6fd6df9d22d8c2458b9f841ecc5dca329b2636,,pending,,,,5
img_00004748,images/img_00004748.jpg,02_deepfirearm,deepfirearm,604d2b8dd4e8150ee812d3e22da89c1cf942e20a32dd7cea2334df623c69bf19,,pending,,,,5
img_00004749,images/img_00004749.jpg,02_deepfirearm,deepfirearm,77164ee3a762282eccd95a65762df0e11149d7317b6d9b1889fbb7cba25fd3f5,,pending,,,,5
img_00004750,images/img_00004750.jpg,02_deepfirearm,deepfirearm,48d6707a3d3c4c6795bb1bea59bd489e5fa6605a8c8f89ec9be7d8d9bb3c183f,,pending,,,,5
img_00004751,images/img_00004751.jpg,02_deepfirearm,deepfirearm,428b5d5967dbd41dc6938938030be110e628133442db355080868ad09a9cf3c9,,pending,,,,5
img_00004752,images/img_00004752.jpg,02_deepfirearm,deepfirearm,63f02290a4d318ce306c3f48f333d251aae43e68110396862f100aa867f1617a,,pending,,,,5
img_00004753,images/img_00004753.jpg,02_deepfirearm,deepfirearm,333e7c12ed83f68b63282e081c024c71a9bab0940e494daf9d5efc805b4d3900,,pending,,,,5
img_00004754,images/img_00004754.jpg,02_deepfirearm,deepfirearm,e0203dcd0e096dcbe89a89c76345b4d36481a1334b46881500580ececb22f783,,pending,,,,5
img_00004755,images/img_00004755.jpg,02_deepfirearm,deepfirearm,e3db9d4ad89a71aa0d28c38b0b95dca7be7c6e8f3ae7c906161c2f97a087b1ea,,pending,,,,5
img_00004756,images/img_00004756.jpg,02_deepfirearm,deepfirearm,e7eafc59a86b8cedd982ed55a57f1f036a5715c8ad93839c1d2e6562d8b8e345,,pending,,,,5
img_00004757,images/img_00004757.jpg,02_deepfirearm,deepfirearm,5be6950f94649d780b5459b80510717a045a8829ffc528b4025c05f982317cfa,,pending,,,,5
img_00004758,images/img_00004758.jpg,02_deepfirearm,deepfirearm,ac7bfbe900efbf287fb2b4d486da2b1a4711742ae7ea117ae2bb2d7efa18c246,,pending,,,,5
img_00004759,images/img_00004759.jpg,02_deepfirearm,deepfirearm,e59629ffae845407d72aabf876ec96e4e9dcaa5fdfc1808d7225c036241a8fdd,,pending,,,,5
img_00004760,images/img_00004760.jpg,02_deepfirearm,deepfirearm,525f06c4e37ccca1895efb30c9f677f0c08da1c4963a040f40fcc2c1c8ebd117,,pending,,,,5
img_00004761,images/img_00004761.jpg,02_deepfirearm,deepfirearm,8b407948706faffdc133f566f3aa54a5728f4f2bfc57cb5a820d215b3836bfe1,,pending,,,,5
img_00004762,images/img_00004762.jpg,02_deepfirearm,deepfirearm,3f21c72f1e55677cbea0c51aab635399e8969e09d1368a9f1138597c76e0a531,,pending,,,,5
img_00004763,images/img_00004763.jpg,02_deepfirearm,deepfirearm,c333d07859f54f5714babea6845604cf03bc1aba390bb260703cb22ce4e882bd,,pending,,,,5
img_00004764,images/img_00004764.jpg,02_deepfirearm,deepfirearm,2fbdded7961ca10f8ee2290d22f6d3b3fd9d535b520c27c1f5196c0c31abe623,,pending,,,,5
img_00004765,images/img_00004765.jpg,02_deepfirearm,deepfirearm,2449f795da3009f9b1284a99aa6b431ff46e478a0e31b81893d39d2167e3ea34,,pending,,,,5
img_00004766,images/img_00004766.jpg,02_deepfirearm,deepfirearm,7bcc311a252f589517956b1e4f8bf839d536da37f2fdf281f3a4174c279943e3,,pending,,,,5
img_00004767,images/img_00004767.jpg,02_deepfirearm,deepfirearm,746f3024d7ba4769ae71e79b9055ae854cb5610cb2476e68466637f9824354d6,,pending,,,,5
img_00004768,images/img_00004768.jpg,02_deepfirearm,deepfirearm,5d70b75aa06f627577adf0627fe5c093cb3d40d01378e2cb193a6d66c2df29c8,,pending,,,,5
img_00004769,images/img_00004769.jpg,02_deepfirearm,deepfirearm,2ef0b41dbaf83937b5e76d772af0fcbb99711a1c21ada26e2325c5a1ec72c37f,,pending,,,,5
img_00004770,images/img_00004770.jpg,02_deepfirearm,deepfirearm,158591d2b229ccb721c66a3d212443be6ffe9d411e7672ed118de61a06f264af,,pending,,,,5
img_00004771,images/img_00004771.jpg,02_deepfirearm,deepfirearm,74c700f81d6ed25280d51e8cfdd4a49d4e2db32599113169450d1218a1a2fbc0,,pending,,,,5
img_00004772,images/img_00004772.jpg,02_deepfirearm,deepfirearm,7d08516ed4267d139bcf2d73a45a17e1a6d9fdd742854ca0ced5c238554b3445,,pending,,,,5
img_00004773,images/img_00004773.jpg,02_deepfirearm,deepfirearm,b0f21e4aedd7e03a980cad9c88df22dc97e137ae6f7989ed5dd75bebd09512b7,,pending,,,,5
img_00004774,images/img_00004774.jpg,02_deepfirearm,deepfirearm,e4dcfa455f36e3994d08249a83f5d69597fe92b2144df4d125b761248292902c,,pending,,,,5
img_00004775,images/img_00004775.jpg,02_deepfirearm,deepfirearm,a84ae90f5444ebeacd539806f122c11d210a3bc4a5a3f48aa621d9af5bddb7de,,pending,,,,5
img_00004776,images/img_00004776.jpg,02_deepfirearm,deepfirearm,4e8856a359a484ba4ea6af57bef73c0ad48fa87dd406a9aec9a5492ffa798487,,pending,,,,5
img_00004777,images/img_00004777.jpg,02_deepfirearm,deepfirearm,b9b0202ef73df3230722a784f7d31ebff48c51f30f89340bb7cb99ac0d1ca382,,pending,,,,5
img_00004778,images/img_00004778.jpg,02_deepfirearm,deepfirearm,fe3a8182de056df17691e6ae06118ef5e349b26372f9ab472a3cdfc2428622af,,pending,,,,5
img_00004779,images/img_00004779.jpg,02_deepfirearm,deepfirearm,7b8742137c9c0de548fb56033efefab36ae1f0c8122f2dea28873b93d3f4ba9e,,pending,,,,5
img_00004780,images/img_00004780.jpg,02_deepfirearm,deepfirearm,d4a40133ac3121dbc4b389b6ea777d2c092f2b6a1074b086c6cac27769f8af33,,pending,,,,5
img_00004781,images/img_00004781.jpg,02_deepfirearm,deepfirearm,520273925206727a717c15d1ea5ce7692da605cdc046e9930810e656c5915c4d,,pending,,,,5
img_00004782,images/img_00004782.jpg,02_deepfirearm,deepfirearm,7166005ab0c10e15aa2c855f9e9653051a9bd69812df799751568e450d409c56,,pending,,,,5
img_00004783,images/img_00004783.jpg,02_deepfirearm,deepfirearm,1ca45c55428cfed6ae06a683a3c246d8436672cf03d64f7e15f0d04914975ba9,,pending,,,,5
img_00004784,images/img_00004784.jpg,02_deepfirearm,deepfirearm,8796608edd3d760b7f1870cd75b1726d9c9db22856f2fca6789ab71b77e6b588,,pending,,,,5
img_00004785,images/img_00004785.jpg,02_deepfirearm,deepfirearm,19047205b4582279834f4e78bf5b877f1ee7f66bcfea7b6b2be43f321f00881f,,pending,,,,5
img_00004786,images/img_00004786.jpg,02_deepfirearm,deepfirearm,d9c35cc37a30fdc2a603af7968bdde2dff01b06aa1ac601b714cab19b62dc431,,pending,,,,5
img_00004787,images/img_00004787.jpg,02_deepfirearm,deepfirearm,2f3d94983931f5435f915ff09ee444e6cde1793d03097e33c5ee56ac45652e8e,,pending,,,,5
img_00004788,images/img_00004788.jpg,02_deepfirearm,deepfirearm,1beff374d8ed3230549e0fbd0309ac11d436a5fd421adcd88cb5d095150cb2e1,,pending,,,,5
img_00004789,images/img_00004789.jpg,02_deepfirearm,deepfirearm,e11bf07e8d2a4168efe0fdd30168376696577e8f8423f738fa1af9bbf46e29a1,,pending,,,,5
img_00004790,images/img_00004790.jpg,02_deepfirearm,deepfirearm,76bed4095cd493980c2e583d6551cb569bbf75497ea7e48f6439bf1132ab6804,,pending,,,,5
img_00004791,images/img_00004791.jpg,02_deepfirearm,deepfirearm,2d7409fe72dabaf1acc85575bb140b4c906732320367437bf638c039fdc54fe9,,pending,,,,5
img_00004792,images/img_00004792.jpg,02_deepfirearm,deepfirearm,d44be14bab8f021f395d9153c13de3e5cd3cce80fcf400a54eae1a9921d2073c,,pending,,,,5
img_00004793,images/img_00004793.jpg,02_deepfirearm,deepfirearm,0e762a78cb4415a2660b3a65c6ec8302fcc141d8007aa26f27c0ea9c63ca1cee,,pending,,,,5
img_00004794,images/img_00004794.jpg,02_deepfirearm,deepfirearm,6b93be9424e68cee801cf4b790e49d4c91568e9be02ceeff399b77837a61b770,,pending,,,,5
img_00004795,images/img_00004795.jpg,02_deepfirearm,deepfirearm,7ad8375982456ca82e1d3d5653d365ea334310af8712f7d130d92ade3751e9b3,,pending,,,,5
img_00004796,images/img_00004796.jpg,02_deepfirearm,deepfirearm,20d76ae5abd97a7eefdbfb8a1bd4d75662454fff5cf6d4599a8d27dffe095e71,,pending,,,,5
img_00004797,images/img_00004797.jpg,02_deepfirearm,deepfirearm,6293a6217726d39d9df385e9fe1939bd25dad453e1d2ff4d2103bc6fb32fe072,,pending,,,,5
img_00004798,images/img_00004798.jpg,02_deepfirearm,deepfirearm,296e4671b435810ee490315c0c96c3b27d5218f97b4de27fd051a95c99672115,,pending,,,,5
img_00004799,images/img_00004799.jpg,02_deepfirearm,deepfirearm,5fb57bb2c387eb45fee6b56fb87e4b0dc7228c4384429182b98f532bdf07f9a7,,pending,,,,5
img_00004800,images/img_00004800.jpg,02_deepfirearm,deepfirearm,a2fbdc3aec1acb53438cb912f8a9aaef6853b87647493279cbab84e5a20d2206,,pending,,,,5
img_00004801,images/img_00004801.jpg,02_deepfirearm,deepfirearm,25224ebfed9f5bfb51f6d18a3c418eb2292206175e7eeb9979b692e38852af7f,,pending,,,,5
img_00004802,images/img_00004802.jpg,02_deepfirearm,deepfirearm,97a6997246d362009e343dcf449bd91cdf6b6f7f2bd1bc890c2e9ad69af66500,,pending,,,,5
img_00004803,images/img_00004803.jpg,02_deepfirearm,deepfirearm,980e4d41b6825d72812712004bc491046ae6b8a87eb062868bcd33652f8a4b4d,,pending,,,,5
img_00004804,images/img_00004804.jpg,02_deepfirearm,deepfirearm,06760ea2342df2601e149b90b063bfa6abc1d6c47bed6108c3b04af972648dc0,,pending,,,,5
img_00004805,images/img_00004805.jpg,02_deepfirearm,deepfirearm,1a25eb5ee09347411ad3cb055b2d832c3ead4da52768bc715a6aa3a6ae5d5b93,,pending,,,,5
img_00004806,images/img_00004806.jpg,02_deepfirearm,deepfirearm,20335d0b403680d9f78915a6cfd2321c16d30f79a9ce21793ad3c2ee0cae1529,,pending,,,,5
img_00004807,images/img_00004807.jpg,02_deepfirearm,deepfirearm,a12eb52528ba911f3284a9e75e0eb5a52df566615eb0e6b253f2436da4b5df88,,pending,,,,5
img_00004808,images/img_00004808.jpg,02_deepfirearm,deepfirearm,f6deeab3752237cf2158dfb0f8a8f35f250888e0c5073997cbbfdd30026d5efe,,pending,,,,5
img_00004809,images/img_00004809.jpg,02_deepfirearm,deepfirearm,cebd7c5b17751959cb0008aed58127d32e21f9ecac738b7e9ca943a03dc6afa2,,pending,,,,5
img_00004810,images/img_00004810.jpg,02_deepfirearm,deepfirearm,7e93b84d02e58b73a2e4180c1ca144d9899f421712b6f5ee9912084c601d2f29,,pending,,,,5
img_00004811,images/img_00004811.jpg,02_deepfirearm,deepfirearm,270258c136bd6ed8a59e77b9c4d05c8d4981e7d2883550e72fd97789d7e08e3d,,pending,,,,5
img_00004812,images/img_00004812.jpg,02_deepfirearm,deepfirearm,fd6794ff046cf1665777d013f0080b08a7dec82066e98d07d92af1d969a614da,,pending,,,,5
img_00004813,images/img_00004813.jpg,02_deepfirearm,deepfirearm,22cb0b9c197a8a17dd49b9ae4dd205b7aa79aeb1c6f9c1d6f1d509ac0156c839,,pending,,,,5
img_00004814,images/img_00004814.jpg,02_deepfirearm,deepfirearm,9f2c931733dd28051897ff85a822c3268fcf0a700e51deb238ded3df9f1b5e99,,pending,,,,5
img_00004815,images/img_00004815.jpg,02_deepfirearm,deepfirearm,dc801a3962a99a46daeab186b80ae54edd79cb6d230f4bd57df1179d3a52cbb7,,pending,,,,5
img_00004816,images/img_00004816.jpg,02_deepfirearm,deepfirearm,371663956752ff5752626c865af70a3c4fb72e7aefb115670287451e8b581e59,,pending,,,,5
img_00004817,images/img_00004817.jpg,02_deepfirearm,deepfirearm,b525fb4d4cfd60d8cb64468546702c558b186c5a9dbb2a2cb142ab2cba1f1b96,,pending,,,,5
img_00004818,images/img_00004818.jpg,02_deepfirearm,deepfirearm,a52dd3caa09ff3620d6c86ccd2c868e62a352e0154553de4186afceb1d02aab6,,pending,,,,5
img_00004819,images/img_00004819.jpg,02_deepfirearm,deepfirearm,d416f823db4462abb0add6d7ca6b3ca19ab219b0803ea9135d0ed0d936fb53d0,,pending,,,,5
img_00004820,images/img_00004820.jpg,02_deepfirearm,deepfirearm,417ed3397642c8410620a8fceab428678f28f7f9c4c4310b44c25c34e4ba5897,,pending,,,,5
img_00004821,images/img_00004821.jpg,02_deepfirearm,deepfirearm,51341abd828f3865030a9f014eb1b25f07b2358bd1b196e3c1cee00dbcd46476,,pending,,,,5
img_00004822,images/img_00004822.jpg,02_deepfirearm,deepfirearm,cd83a51d869587bced94b3bba0cd498e7ab8cd87170fcd189320d75dcd58e4ad,,pending,,,,5
img_00004823,images/img_00004823.jpg,02_deepfirearm,deepfirearm,e2ed6fc56be1f3f299601700c074d12a7a21370445a719c3bead1fd8eaaaa7ee,,pending,,,,5
img_00004824,images/img_00004824.jpg,02_deepfirearm,deepfirearm,f5b412b15f082d387fa4519ea199e7947f5c4614c0671b4eda50e698cd0afd4b,,pending,,,,5
img_00004825,images/img_00004825.jpg,02_deepfirearm,deepfirearm,141eb1b55dde2b41fded8dc6553e703a0e1e56d7077885f58aa28075c4db1bde,,pending,,,,5
img_00004826,images/img_00004826.jpg,02_deepfirearm,deepfirearm,23b16ab5e6b61d5bf26fd04078bcc06dafa527965e566c9daf6385722aa4f828,,pending,,,,5
img_00004827,images/img_00004827.jpg,02_deepfirearm,deepfirearm,70b0f8c093a737513ada7b874e4fafea347c2d50c40a195f6a8cb828a84d96ca,,pending,,,,5
img_00004828,images/img_00004828.jpg,02_deepfirearm,deepfirearm,c4ffe4492adfbd11e3aed7b4d161a0263e75896f90bf46e0198c8ff0068e7203,,pending,,,,5
img_00004829,images/img_00004829.jpg,02_deepfirearm,deepfirearm,fa5f6b72a4302a4897c43b4c39fd4eeaf7a71904948a59d40bf02a4d1e0dd7af,,pending,,,,5
img_00004830,images/img_00004830.jpg,02_deepfirearm,deepfirearm,edb089647fe3489d75be8e510a6db916d7e5a6c94d4eadca75d4c723984c42e3,,pending,,,,5
img_00004831,images/img_00004831.jpg,02_deepfirearm,deepfirearm,7f402ea3ab30805efe11800ab8f341fc8e95b854fda804f12ed0717cf7dded6a,,pending,,,,5
img_00004832,images/img_00004832.jpg,02_deepfirearm,deepfirearm,4e273e12fdd2130f592497e71b79858f27306c755c936897e14a7f982ba7daaa,,pending,,,,5
img_00004833,images/img_00004833.jpg,02_deepfirearm,deepfirearm,257ea018b1e5d63fcd7a715df212c74fba1cafd350606ae3883862a2196643f8,,pending,,,,5
img_00004834,images/img_00004834.jpg,02_deepfirearm,deepfirearm,94ab70b752b71fcfd14b2e64542fac828968f3533843874d7f38268a77b01963,,pending,,,,5
img_00004835,images/img_00004835.jpg,02_deepfirearm,deepfirearm,bb5195d09bebe5ef386b83cf18ef41a5c624c22d3588de5b7fea2d0dd35ac64b,,pending,,,,5
img_00004836,images/img_00004836.jpg,02_deepfirearm,deepfirearm,66107b01ee232b84b0154a3395d0c1b636d1cf688665190f2fac27240937a1a2,,pending,,,,5
img_00004837,images/img_00004837.jpg,02_deepfirearm,deepfirearm,ca30857f05033ab7d59014f92921b3210adced8acad0f085fa14fc5fee0bd72d,,pending,,,,5
img_00004838,images/img_00004838.jpg,02_deepfirearm,deepfirearm,a2f94d2636cda9e837f1bc80d7543b48f4c12a380c382b0644b92fb725f17f50,,pending,,,,5
img_00004839,images/img_00004839.jpg,02_deepfirearm,deepfirearm,d4adce33c19cb6af50c3e655b0598a5913058329243915b4689f61df0ee75c41,,pending,,,,5
img_00004840,images/img_00004840.jpg,02_deepfirearm,deepfirearm,b91ec4212977c7a3e0b871ab95382a54c8b8e9edba3b282fcec749af2ae15938,,pending,,,,5
img_00004841,images/img_00004841.jpg,02_deepfirearm,deepfirearm,25c4bd54be7e68073c84dc7dc58b6d3689d15f918c525f64260ebd88a7a4940d,,pending,,,,5
img_00004842,images/img_00004842.jpg,02_deepfirearm,deepfirearm,e818d199435382098abf030fe60fe5c21c5f98171fa8d9c081dfbd0b42cd155b,,pending,,,,5
img_00004843,images/img_00004843.jpg,02_deepfirearm,deepfirearm,4c8fa30e5c898ef3ad9056b24b8ec2c847d28807d20e60606f6ff199ab346093,,pending,,,,5
img_00004844,images/img_00004844.jpg,02_deepfirearm,deepfirearm,e70cf5e5f25d2df13e71fb678a29dbef12083ff69012a25f018c9343c5833332,,pending,,,,5
img_00004845,images/img_00004845.jpg,02_deepfirearm,deepfirearm,240711458491263351f0291993ea47272eef14d24213853e9280b846039cdacb,,pending,,,,5
img_00004846,images/img_00004846.jpg,02_deepfirearm,deepfirearm,3f4e171fde0e275345b970d138a45bd41c6b2b93c0010410b7b45c3778e694eb,,pending,,,,5
img_00004847,images/img_00004847.jpg,02_deepfirearm,deepfirearm,9f828a9c795b77de4144a59e830b8f6086b3039550a304005ed3609c69679ead,,pending,,,,5
img_00004848,images/img_00004848.jpg,02_deepfirearm,deepfirearm,4fda9d2dd6ca9cdf32b041f1b9f78a7c32fbec4652488f49b9b0949dd19b287e,,pending,,,,5
img_00004849,images/img_00004849.jpg,02_deepfirearm,deepfirearm,5700dfcccca0ffc1d3caaa5e286db14f30d3afd9b6f52e93d27ebe0f34b5edb8,,pending,,,,5
img_00004850,images/img_00004850.jpg,02_deepfirearm,deepfirearm,2a1cd12fd1b89ab156b0f64381c8df2fcfa92310341a840cda742f0397c2aa56,,pending,,,,5
img_00004851,images/img_00004851.jpg,02_deepfirearm,deepfirearm,d723fcb0ac8cff233c47e49f5065baf150eb2f1c8be1cbdb1f7ce3278a8646b2,,pending,,,,5
img_00004852,images/img_00004852.jpg,02_deepfirearm,deepfirearm,5d340007bfbf36025091ffd1142f00aea329779fe84594f1fc886c9dcefa2896,,pending,,,,5
img_00004853,images/img_00004853.jpg,02_deepfirearm,deepfirearm,20ab92d4eb9a2b0e1d32be7cc3fb24b68ae560ad3fbdb88e4dc37ca9b16e41e3,,pending,,,,5
img_00004854,images/img_00004854.jpg,02_deepfirearm,deepfirearm,eef3798abff65c6bd567342a8333ffc272e81737d66d6af57d1eb3fe47d409cc,,pending,,,,5
img_00004855,images/img_00004855.jpg,02_deepfirearm,deepfirearm,ec4a3324a557c1058f8386a5feb51ac86e45dbea442252e15833b029ad90d0a9,,pending,,,,5
img_00004856,images/img_00004856.jpg,02_deepfirearm,deepfirearm,f7d83415cd90421f9a173840d6c8d55244d3839d0245325b5f2e788584a67349,,pending,,,,5
img_00004857,images/img_00004857.jpg,02_deepfirearm,deepfirearm,be73e254cb54465ab15ec1e5a4d4a185012f5166d66565b6a5e0763ec83fbed7,,pending,,,,5
img_00004858,images/img_00004858.jpg,02_deepfirearm,deepfirearm,eb8c2c2e57f9e1dd8af1dda503e9618c2484c1dde7cdc55368b6208382825dee,,pending,,,,5
img_00004859,images/img_00004859.jpg,02_deepfirearm,deepfirearm,18059c242c51ecce1d12424d110115b8561e7a216c44feeca1f82a233497c40e,,pending,,,,5
img_00004860,images/img_00004860.jpg,02_deepfirearm,deepfirearm,8748b5e8844a8b7708a5f859f6a0e7556b6f7c9da1fa56593ae43137cee160d1,,pending,,,,5
img_00004861,images/img_00004861.jpg,02_deepfirearm,deepfirearm,72ccc1856419201f42264919cc5c78839114efd533fb59ee28801820b610d97b,,pending,,,,5
img_00004862,images/img_00004862.jpg,02_deepfirearm,deepfirearm,cc4756bb3a2da2a473d9c77aecf19a2a1adbf97c51a2dbafeec7d807ee810159,,pending,,,,5
img_00004863,images/img_00004863.jpg,02_deepfirearm,deepfirearm,4b15a15687cef373c9db165874c4b65f715f5df12969326f40db711b95ffdc4a,,pending,,,,5
img_00004864,images/img_00004864.jpg,02_deepfirearm,deepfirearm,f2c374b4085e859f23260fda45377b60de274838b75c5fda29e003706edfc92f,,pending,,,,5
img_00004865,images/img_00004865.jpg,02_deepfirearm,deepfirearm,2bbac95ea5e8fb0f706fc950f8eea65c874dccc800cc22618f7a99ee60405fa0,,pending,,,,5
img_00004866,images/img_00004866.jpg,02_deepfirearm,deepfirearm,96aa1b857755eaf6528243aba45b6304eaa47e343a2f7f06a0b81a7e310362ae,,pending,,,,5
img_00004867,images/img_00004867.jpg,02_deepfirearm,deepfirearm,fb8e654d9630a5910a26f77e5f663b2410d36cc6ff3e34b81657f4fd96754ce3,,pending,,,,5
img_00004868,images/img_00004868.jpg,02_deepfirearm,deepfirearm,09eb254a85f87161af51069921457bef3ab89d8fc0baced0747d67b97f2e64f3,,pending,,,,5
img_00004869,images/img_00004869.jpg,02_deepfirearm,deepfirearm,4d2395daa300f495f6c8f3c3a52fac48317f1b6e4fb6b6c21ea7e27b78875b8f,,pending,,,,5
img_00004870,images/img_00004870.jpg,02_deepfirearm,deepfirearm,92fea24edcf63c68eebfea0d07ba26e9d5ba8377b5f018e94ff4e047f14add9e,,pending,,,,5
img_00004871,images/img_00004871.jpg,02_deepfirearm,deepfirearm,0b92121d6bba1192bc933ad77d9caee39a8bb6ec14c2f105511345ef4ad83e86,,pending,,,,5
img_00004872,images/img_00004872.jpg,02_deepfirearm,deepfirearm,18a3b0863c0c8dd019baec7220a1c78cf6e545ffeffc875411218a1bf77c2ae2,,pending,,,,5
img_00004873,images/img_00004873.jpg,02_deepfirearm,deepfirearm,0c9590e9706f6378c8494eee0f5df24e92a24ce1cb4447b341da5f0edccbfb68,,pending,,,,5
img_00004874,images/img_00004874.jpg,02_deepfirearm,deepfirearm,62ef48ec6552d8ec6af32d14ec1be3644051da2d4b4b6587313dfbd39f462c11,,pending,,,,5
img_00004875,images/img_00004875.jpg,02_deepfirearm,deepfirearm,1bef0aad4e0173f4aafa0f825bc764788a85911e1db3e78ffabef879384f3ac6,,pending,,,,5
img_00004876,images/img_00004876.jpg,02_deepfirearm,deepfirearm,d2cc17bea6f4128972fb796c2881551c93ddadbbdb733b57c3048b8f8f8e156c,,pending,,,,5
img_00004877,images/img_00004877.jpg,02_deepfirearm,deepfirearm,21302fc9bebf39de49e95c2516ac3463ee76252ea0a96e257ac49d76d2a2c00f,,pending,,,,5
img_00004878,images/img_00004878.jpg,02_deepfirearm,deepfirearm,2c467f6f331f2bba2030e164886b9181d767fd8103c3bf215d6e54a2fe200531,,pending,,,,5
img_00004879,images/img_00004879.jpg,02_deepfirearm,deepfirearm,e539b548f238d4b155daf88dd2047f6b7be34fb46b2251ae4b52adeae399314f,,pending,,,,5
img_00004880,images/img_00004880.jpg,02_deepfirearm,deepfirearm,1916d39654ef593233294e06d49a3d2fd930a4db652e1c8508ce449e47ad75a4,,pending,,,,5
img_00004881,images/img_00004881.jpg,02_deepfirearm,deepfirearm,15d8a240ed13f73087d908965e05d03bf939ee2acdfcfa43910e941cec955329,,pending,,,,5
img_00004882,images/img_00004882.jpg,02_deepfirearm,deepfirearm,2c79cef318e78ee786e681da132ba3b8027dc6daa1c4223eb9d898fb9057a8ed,,pending,,,,5
img_00004883,images/img_00004883.jpg,02_deepfirearm,deepfirearm,f0fc4aedc31581af30f65e5f3d1c75accde1c903a8bc28b0a9dfadfcc630a7dc,,pending,,,,5
img_00004884,images/img_00004884.jpg,02_deepfirearm,deepfirearm,600e60aed41b684ca62bf5064a4b2210c867d620fb7ebaf3292303a9a0dd867a,,pending,,,,5
img_00004885,images/img_00004885.jpg,02_deepfirearm,deepfirearm,368352bdd184295ff6ad6c78d6fa125677a47eed0e904e2964c1b8f04e304ba1,,pending,,,,5
img_00004886,images/img_00004886.jpg,02_deepfirearm,deepfirearm,bfbc94cfb151462532466664dfccaa62d50667ca079c12bccca68f2ca33e0013,,pending,,,,5
img_00004887,images/img_00004887.jpg,02_deepfirearm,deepfirearm,f0ff0c4c99bb17c44f7beec8d0a2e623d56fe151ebb03196389b87897319bb1e,,pending,,,,5
img_00004888,images/img_00004888.jpg,02_deepfirearm,deepfirearm,46f2bbc3d8f1105b0dfba00b225042bbec92aff06c8a5f4e1ad3945b0dbb6029,,pending,,,,5
img_00004889,images/img_00004889.jpg,02_deepfirearm,deepfirearm,a831449d953d01f4fbe8c04ac483e330ece0a563d27af5660a6779d435bde14b,,pending,,,,5
img_00004890,images/img_00004890.jpg,02_deepfirearm,deepfirearm,87f00a7c1c067114047873f7e4390c9c8c487c312fa4cebb909dd43182dba1dd,,pending,,,,5
img_00004891,images/img_00004891.jpg,02_deepfirearm,deepfirearm,2c033c91898541d14a4551d98398df9cae34d73884e10e1d92892c72a694f9da,,pending,,,,5
img_00004892,images/img_00004892.jpg,02_deepfirearm,deepfirearm,3df760a15c76b7c1338f320f1bffada1bfe359bc91f7718fc222e3fbdeca0ac3,,pending,,,,5
img_00004893,images/img_00004893.jpg,02_deepfirearm,deepfirearm,ea11e2c69044b7d5b02bac2891a7d5ad395459fc20b5efc91bacb067fe603a9d,,pending,,,,5
img_00004894,images/img_00004894.jpg,02_deepfirearm,deepfirearm,451704130c7944fac923a958af246d578eded13e28e4fedd001896fc804eb079,,pending,,,,5
img_00004895,images/img_00004895.jpg,02_deepfirearm,deepfirearm,0977fbc1974088a2d8fcb5db95bd4322666e9cc440d93bfc2453e93368ad8e9f,,pending,,,,5
img_00004896,images/img_00004896.jpg,02_deepfirearm,deepfirearm,6bc407c289408426bc6f2000b1f041d9edd93d315f7ec02b44d6ea9e7b172f28,,pending,,,,5
img_00004897,images/img_00004897.jpg,02_deepfirearm,deepfirearm,66898708e210dd6d6a82ea29e12cdcc64e5ce84e88dc83956da96fa68b4c4189,,pending,,,,5
img_00004898,images/img_00004898.jpg,02_deepfirearm,deepfirearm,5c8f530f66e64d1d66990085de3cd13d758e2d126193925d4668d0c685d3ab7d,,pending,,,,5
img_00004899,images/img_00004899.jpg,02_deepfirearm,deepfirearm,1275233e7541aca251ee5b588440b4cd10fe49515f12334c8cee604c1ff0dc7a,,pending,,,,5
img_00004900,images/img_00004900.jpg,02_deepfirearm,deepfirearm,8ec46bf5c6d1a4f12b3125610211a41b0ff4623c725bfa3f4a1d6c53426e1cc5,,pending,,,,5
img_00004901,images/img_00004901.jpg,02_deepfirearm,deepfirearm,8bbe20253822da0caf685e69b6d30d10ec0f8187a1374abbd31d91644f273cbe,,pending,,,,5
img_00004902,images/img_00004902.jpg,02_deepfirearm,deepfirearm,b4d019feaab826364c6f6427aa88647df5de511c71ef30022a875f109e0cc815,,pending,,,,5
img_00004903,images/img_00004903.jpg,02_deepfirearm,deepfirearm,1e4d4b4fbab2295465fca6aa7b48905e340f5c6e77f72e34c35bc0e8fb57252d,,pending,,,,5
img_00004904,images/img_00004904.jpg,02_deepfirearm,deepfirearm,ae51701af53b10157cc0a645ace702dd50daebe4d13a96b6ba47cd19e358b904,,pending,,,,5
img_00004905,images/img_00004905.jpg,02_deepfirearm,deepfirearm,e6281963c5a2a3a4879d94916cceb3984dfac41f9d6ed81f5b9f886114e4cfa8,,pending,,,,5
img_00004906,images/img_00004906.jpg,02_deepfirearm,deepfirearm,0aaa715fd25300f7af55114e39e3ebdb0e3dfbce7a20eb7730f4ea697e3ea0e2,,pending,,,,5
img_00004907,images/img_00004907.jpg,02_deepfirearm,deepfirearm,f9468a18b4ca0405d689b133c9941fb67242ffc5725bd6d5f7af28922d0b3cd8,,pending,,,,5
img_00004908,images/img_00004908.jpg,02_deepfirearm,deepfirearm,ffe5368fa86d0d945c60da2df3d52dffdb660145331d85889e774882c5aaeb4c,,pending,,,,5
img_00004909,images/img_00004909.jpg,02_deepfirearm,deepfirearm,9520c7d5e29104762aedddf3db950b0829e9bd72592218020d7b24ff9f799d5a,,pending,,,,5
img_00004910,images/img_00004910.jpg,02_deepfirearm,deepfirearm,edd16549a49aa0daab3dceaf65c4b9b20a7e2425b05a23f0cb8a9057c4d7fea6,,pending,,,,5
img_00004911,images/img_00004911.jpg,02_deepfirearm,deepfirearm,62a33061789f350e5e30eeaa5fbd49469cce42bd5f0133086e1a54dbd105beee,,pending,,,,5
img_00004912,images/img_00004912.jpg,02_deepfirearm,deepfirearm,dc74f87dd48345459c3ac9f9a072b765fe8802cd449a5886f0a6dc7679e644d5,,pending,,,,5
img_00004913,images/img_00004913.jpg,02_deepfirearm,deepfirearm,1b58f4d106f7c5efab4e86a636a08a37765f1f69addc11bdb6442605c2deffab,,pending,,,,5
img_00004914,images/img_00004914.jpg,02_deepfirearm,deepfirearm,54dc45dc105163ff8a1c03f825d2197e582d2aec0018338fe37bf2f809dfc71b,,pending,,,,5
img_00004915,images/img_00004915.jpg,02_deepfirearm,deepfirearm,5185faf6dae0b90d6cf47421be749a3a48e7031a49310ed474ad6d75d33144f0,,pending,,,,5
img_00004916,images/img_00004916.jpg,02_deepfirearm,deepfirearm,6145cd0f5baad63f7aa74d9f3319c4e0d5d2398713c7206fd5a225c7869e65a0,,pending,,,,5
img_00004917,images/img_00004917.jpg,02_deepfirearm,deepfirearm,1ba084fd8426a8ce88c635f9481a4127599b20ba081cd2befaac93c5d8095b4f,,pending,,,,5
img_00004918,images/img_00004918.jpg,02_deepfirearm,deepfirearm,2edfcdf74fff45a0deab41f6f7737de051b4691afb316177eae9d3744cf215dd,,pending,,,,5
img_00004919,images/img_00004919.jpg,02_deepfirearm,deepfirearm,c4985b68e75b5606682c717322d9cafe274581b582754e94b7740c7e4659313c,,pending,,,,5
img_00004920,images/img_00004920.jpg,02_deepfirearm,deepfirearm,3242be88bc8feb9b8f89cc89351b017fe8e5c8f3d0ea77695a4bf54ecc4913ec,,pending,,,,5
img_00004921,images/img_00004921.jpg,02_deepfirearm,deepfirearm,989cab4a2776c8fc6edf864d4de827803974be1568dd57e0d2860369b5eeb92c,,pending,,,,5
img_00004922,images/img_00004922.jpg,02_deepfirearm,deepfirearm,c3ece1ab40945aa6fffb886738f72f8d14deb054bc7bc697027d9c9310faa186,,pending,,,,5
img_00004923,images/img_00004923.jpg,02_deepfirearm,deepfirearm,1533171a5e831f065ef24c4237950842063e424b41334f54605c0509e9785387,,pending,,,,5
img_00004924,images/img_00004924.jpg,02_deepfirearm,deepfirearm,d5b33371c9ffe231d8f508e67426ed6a29f2d63204f09ebd8e200baf1747f7d5,,pending,,,,5
img_00004925,images/img_00004925.jpg,02_deepfirearm,deepfirearm,50005cccd447410def46ec61ba69904d5a00920829d8ef03c0800ce3ab3e1908,,pending,,,,5
img_00004926,images/img_00004926.jpg,02_deepfirearm,deepfirearm,73d62afc67115bde27cb2f47741b5e8b86a1ed69232ee731d5cad7aa46c99c37,,pending,,,,5
img_00004927,images/img_00004927.jpg,02_deepfirearm,deepfirearm,c7a822cffca8dfc67c33cf892df7bd20455b6b263ae6c0c3b8a4c147c0ec2900,,pending,,,,5
img_00004928,images/img_00004928.jpg,02_deepfirearm,deepfirearm,b80e4313ef1c7a8aee16342bfbccc483021b41c2295feeedb10daa92c8d06e96,,pending,,,,5
img_00004929,images/img_00004929.jpg,02_deepfirearm,deepfirearm,798d3a2736ad234344a0c51cf2ec3b1c1f19f3ae21f59ee27f68ad5861fd96c7,,pending,,,,5
img_00004930,images/img_00004930.jpg,02_deepfirearm,deepfirearm,a462b2a4c751aea61e331770b2d466916015087c1ce1e7f070925cb04c0c5183,,pending,,,,5
img_00004931,images/img_00004931.jpg,02_deepfirearm,deepfirearm,59f5cd1789d65ee11aa4abfc0c8055cb1f7ef3e901cb7a5fcf96ad54bc7e76e0,,pending,,,,5
img_00004932,images/img_00004932.jpg,02_deepfirearm,deepfirearm,5ecae10cdbe2d41a5a00ba0427278aa055ed73617d2e84a25f8060a9846457ad,,pending,,,,5
img_00004933,images/img_00004933.jpg,02_deepfirearm,deepfirearm,8f0fe05fa47059041e7a75707bb40867c4ea2371812cdeea69f11dc11e07bfde,,pending,,,,5
img_00004934,images/img_00004934.jpg,02_deepfirearm,deepfirearm,3839924777c58d75e1fd04dbdb15de5c61b262a242577493fb72d6ebd0dfc1c5,,pending,,,,5
img_00004935,images/img_00004935.jpg,02_deepfirearm,deepfirearm,d24f82e14bf858abef64e6ebe7d70bed7995775a0414b945541d2a93fc74cb00,,pending,,,,5
img_00004936,images/img_00004936.jpg,02_deepfirearm,deepfirearm,708500e151c27ff34f8327543a7d6dc7641a9cb1b5483ed3590f9284aed1d68b,,pending,,,,5
img_00004937,images/img_00004937.jpg,02_deepfirearm,deepfirearm,96571ce96368e18a690312ae61c4d9abe751c778c35d805923d482d835ae54f9,,pending,,,,5
img_00004938,images/img_00004938.jpg,02_deepfirearm,deepfirearm,80d890a0f8b2273f67a161c56ab4bf437da28d4bf0578f8b3d5afff0e157f201,,pending,,,,5
img_00004939,images/img_00004939.jpg,02_deepfirearm,deepfirearm,4f0cc862b39e7036737d7458edb7aa80b8199dbed3ab0095ede8e63501afc1e3,,pending,,,,5
img_00004940,images/img_00004940.jpg,02_deepfirearm,deepfirearm,17720cf46b809300e118311b34661dc07e94cbe2ce6d76ba049006bedea5f8b8,,pending,,,,5
img_00004941,images/img_00004941.jpg,02_deepfirearm,deepfirearm,0612ef7e5245dcea9c9cc6b8e84d445f003ac5dcfff2e0209b57d939b21de2fd,,pending,,,,5
img_00004942,images/img_00004942.jpg,02_deepfirearm,deepfirearm,1ca6b26689321f449c699bbecebe19ba938538fb30af7a0b8be9dff7f9e954b9,,pending,,,,5
img_00004943,images/img_00004943.jpg,02_deepfirearm,deepfirearm,b0a589a5ed1acedf217b51493fc8e1f4de52ee08b72bd2294cf7715d0110cac3,,pending,,,,5
img_00004944,images/img_00004944.jpg,02_deepfirearm,deepfirearm,7711fe53713e4469ba218ec6ec17aa3853cee9a561aa61c59b7ec54193ff0b14,,pending,,,,5
img_00004945,images/img_00004945.jpg,02_deepfirearm,deepfirearm,9b8b6eec2994d091272d19e2c050c97a7e042f13bc5f2e1a59fb8b7a262a033b,,pending,,,,5
img_00004946,images/img_00004946.jpg,02_deepfirearm,deepfirearm,a287b9cf7eb471b5adef8936c3ac0d33e98cd5ef9c096b46f5d7254db7a4a5ce,,pending,,,,5
img_00004947,images/img_00004947.jpg,02_deepfirearm,deepfirearm,8ff74c9c0440268b91f06c1d1b7b0d430884172c51cab3dba014eec2ca7a78f6,,pending,,,,5
img_00004948,images/img_00004948.jpg,02_deepfirearm,deepfirearm,52b7e7bd5a84b9c5089cf07b2ba084d3897562fa01887aedfe85ae1f529cf76b,,pending,,,,5
img_00004949,images/img_00004949.jpg,02_deepfirearm,deepfirearm,b8b1edc04abe5568e227e2e542cc98dd6cf89d3c46ff97a77d700b25628b4bae,,pending,,,,5
img_00004950,images/img_00004950.jpg,02_deepfirearm,deepfirearm,4c2479cc5c824641bf54bcf56251b65baeb279c34b4a6d4cfc9895b643df9615,,pending,,,,5
img_00004951,images/img_00004951.jpg,02_deepfirearm,deepfirearm,3377832c8d89da067f23b7d28bbd82b857cd4c3c7b115ea01867b738e828bac1,,pending,,,,5
img_00004952,images/img_00004952.jpg,02_deepfirearm,deepfirearm,b196a8b46a714088984a0126c2a47824bbd4b071112632ffb5da4ec1d940a3b2,,pending,,,,5
img_00004953,images/img_00004953.jpg,02_deepfirearm,deepfirearm,b8002092df2eb01fcbf62d1c834efa95ecd5235e63dcf6f6851ee529f335b3ee,,pending,,,,5
img_00004954,images/img_00004954.jpg,02_deepfirearm,deepfirearm,f9b2d758cba5152a09d5b65fdc11071229198406fc55d1c64dce67ca8f1b8960,,pending,,,,5
img_00004955,images/img_00004955.jpg,02_deepfirearm,deepfirearm,35a8d46cad918acf4c9f21ee18c170dafdc5f20a697384e743e26357d55a3f89,,pending,,,,5
img_00004956,images/img_00004956.jpg,02_deepfirearm,deepfirearm,cb04de3d74f2cbfeb93ee7ce07db93e1afadf430295b084487162cdc5de295f0,,pending,,,,5
img_00004957,images/img_00004957.jpg,02_deepfirearm,deepfirearm,3ebffb365b9bf75faa2102428183c996e7c07b76604f7d7649929701aaef6051,,pending,,,,5
img_00004958,images/img_00004958.jpg,02_deepfirearm,deepfirearm,fa37f7c72483d71d141d9604b3a46a38c97ab5c0fdc00e1bb2b47adacf5faba4,,pending,,,,5
img_00004959,images/img_00004959.jpg,02_deepfirearm,deepfirearm,d6cdde7ed6b8dabf77f761a97e7e697eee3a366501c9d6975c4ee6c23b91069a,,pending,,,,5
img_00004960,images/img_00004960.jpg,02_deepfirearm,deepfirearm,12aeb2b660c1660f94820014eac20585ab5a2dcb5a946b61aa9f42eedf23ccdd,,pending,,,,5
img_00004961,images/img_00004961.jpg,02_deepfirearm,deepfirearm,60c18c2b60ef7f272d257cffb5a904630e11dd29a520600cab5ce566a66a180d,,pending,,,,5
img_00004962,images/img_00004962.jpg,02_deepfirearm,deepfirearm,d1c5e5caae6ea63127730cda5cdfea67729442ef67d07b5ffbb4b1a8fd9f1ed5,,pending,,,,5
img_00004963,images/img_00004963.jpg,02_deepfirearm,deepfirearm,2aba383d6aabc9f645aaee3c0fb30f5fe1e0a47da530eda80fa184ff6783a7f7,,pending,,,,5
img_00004964,images/img_00004964.jpg,02_deepfirearm,deepfirearm,2db29ae3d720520914b5b411bdbdd5191aa4055d23abe159468cf400ced95542,,pending,,,,5
img_00004965,images/img_00004965.jpg,02_deepfirearm,deepfirearm,b82ae42b709340b053fa5a15eaac6688ae45d163bef283633a670bd872348120,,pending,,,,5
img_00004966,images/img_00004966.jpg,02_deepfirearm,deepfirearm,a54c77283eb1897726aadcbd9fec964717a79d24af4f68f2906ca9cd67773e5a,,pending,,,,5
img_00004967,images/img_00004967.jpg,02_deepfirearm,deepfirearm,b8596942018c0037b0f13244629766699ef2e2720d235b7db9fda43d4c8dfd92,,pending,,,,5
img_00004968,images/img_00004968.jpg,02_deepfirearm,deepfirearm,a18c1c10940c0204830eb15422f40bb0c50b554f9e3a17431ec93c0c23cbbcf7,,pending,,,,5
img_00004969,images/img_00004969.jpg,02_deepfirearm,deepfirearm,c07841a77827c619855f73a32286dcc46b9634f48c8354fdd1d7a63ed65ede05,,pending,,,,5
img_00004970,images/img_00004970.jpg,02_deepfirearm,deepfirearm,1714569c433a3a6a0e23f2496abac2487a581d98949a3b2174bb239a058fc484,,pending,,,,5
img_00004971,images/img_00004971.jpg,02_deepfirearm,deepfirearm,a5e5bee6fda7e9c78b4cdd67adbc15022fff5a8b57e53a919772c91a08c619c5,,pending,,,,5
img_00004972,images/img_00004972.jpg,02_deepfirearm,deepfirearm,1c6b6a6586b8a4f28fff93c7bdfdd45207358e99ac717de79c07df203be44ef3,,pending,,,,5
img_00004973,images/img_00004973.jpg,02_deepfirearm,deepfirearm,c1475f916996e907245cf6cbfd443b1fd3c703903b54b5d3023c16cbf8cbb74e,,pending,,,,5
img_00004974,images/img_00004974.jpg,02_deepfirearm,deepfirearm,4bc7ac0c35f3afa60477b7ad157ece6b0f406c7fcdfa20340df5af1da671eca0,,pending,,,,5
img_00004975,images/img_00004975.jpg,02_deepfirearm,deepfirearm,4b6a1de9e90b737d03718cac762ae0028877a192674bc95f74a7f4066dc67539,,pending,,,,5
img_00004976,images/img_00004976.jpg,02_deepfirearm,deepfirearm,08c60ddb5704051611ee93262e01c607be7e2d08f1c3efc7276d4ddfacec3aa7,,pending,,,,5
img_00004977,images/img_00004977.jpg,02_deepfirearm,deepfirearm,6abde8c76c4c3384831774c57116048745de78242fe8d9363e7e7d2326fbd7bf,,pending,,,,5
img_00004978,images/img_00004978.jpg,02_deepfirearm,deepfirearm,d46418885345e0a5c1d55d1e0c50b548e98e5ade6ef3e652464e4824b9abb63e,,pending,,,,5
img_00004979,images/img_00004979.jpg,02_deepfirearm,deepfirearm,63d911f45348e7a6921d2ad71d070dbdb69deb6460253f0161f0d0d8654af664,,pending,,,,5
img_00004980,images/img_00004980.jpg,02_deepfirearm,deepfirearm,0bcd7892b5793ebcde67c3a5b274a21fc8d32f7ee0770d2c206af7f91589535f,,pending,,,,5
img_00004981,images/img_00004981.jpg,02_deepfirearm,deepfirearm,4e7756d443fe2d47dd2aa0892f0aa8bdadf7067fbc785949ccc06c45c9b83e99,,pending,,,,5
img_00004982,images/img_00004982.jpg,02_deepfirearm,deepfirearm,53b719aebcc7367d7ee49eea08ddd3321a087405259b00d378c63a7669d91647,,pending,,,,5
img_00004983,images/img_00004983.jpg,02_deepfirearm,deepfirearm,207e8ca096ef7d5f8dfb67de5acaf33d6d994c0c5eaa15931f9d4c92dac9e55b,,pending,,,,5
img_00004984,images/img_00004984.jpg,02_deepfirearm,deepfirearm,293026db01220fb58ef7564d4c132b90d5656eebacbddb8b45626d6fe0797088,,pending,,,,5
img_00004985,images/img_00004985.jpg,02_deepfirearm,deepfirearm,22eff104c6272c9af0631f33906142c1195a53e234161dd4d31e20effbc8c5b7,,pending,,,,5
img_00004986,images/img_00004986.jpg,02_deepfirearm,deepfirearm,6e1ff4aed6bd869c5dae9e59ed462cceea59fa2def00c131135e2dc53130ab3c,,pending,,,,5
img_00004987,images/img_00004987.jpg,02_deepfirearm,deepfirearm,c3e73c3e0ebfe07b3ed458624afa8aa65e3a20ff9b7067f1b79270dda1cbf8db,,pending,,,,5
img_00004988,images/img_00004988.jpg,02_deepfirearm,deepfirearm,66539e6a57f70cb1c2128cf8d6596d748d6e8642211fce9b86f25cbd9a34c733,,pending,,,,5
img_00004989,images/img_00004989.jpg,02_deepfirearm,deepfirearm,78f4c0979f45ccacb979f1772a40d0aba30278563d6a2eb27c841b26e59b5389,,pending,,,,5
img_00004990,images/img_00004990.jpg,02_deepfirearm,deepfirearm,0f470f8bfa39c5ab010ff89e3bc8d73af9cfcc8608e1d99ddcd3e274892adcc5,,pending,,,,5
img_00004991,images/img_00004991.jpg,02_deepfirearm,deepfirearm,6b06bd12d24e7416499b94e6c37b648da3266306d84af5dc5aef09fb54783af6,,pending,,,,5
img_00004992,images/img_00004992.jpg,02_deepfirearm,deepfirearm,ac4ee2dda36e7ca9867497c404d1e040baca5b5d1b7174d6169e172248428f65,,pending,,,,5
img_00004993,images/img_00004993.jpg,02_deepfirearm,deepfirearm,f6747c1911dc592b777cab7483232cf24614e847f01851f7befcea8fc6b4f549,,pending,,,,5
img_00004994,images/img_00004994.jpg,02_deepfirearm,deepfirearm,4faf643a60c860629692d1a480c1b4153f0f27c6491661f22b73cd7d5c1205ed,,pending,,,,5
img_00004995,images/img_00004995.jpg,02_deepfirearm,deepfirearm,854b5feb834d529a759a2d83a3252f6728550cb2906a73cba8305b34b6458184,,pending,,,,5
img_00004996,images/img_00004996.jpg,02_deepfirearm,deepfirearm,c447397f547bbab18751772e35004bd728653c1942fbbfab5e6472eb61b117a6,,pending,,,,5
img_00004997,images/img_00004997.jpg,02_deepfirearm,deepfirearm,1dfd6f9d3751ab8302a1b00362c008e17a1ca589c3455a9c6054fd56312437d6,,pending,,,,5
img_00004998,images/img_00004998.jpg,02_deepfirearm,deepfirearm,87371b9f6a5ae71c7dcfa0934c21daff18739960a502231e0ce84904e152a3e2,,pending,,,,5
img_00004999,images/img_00004999.jpg,02_deepfirearm,deepfirearm,4312335e0d73a6b510a01c19695519b80ed54ac84377aaf970a948b8846a16c2,,pending,,,,5
img_00005000,images/img_00005000.jpg,02_deepfirearm,deepfirearm,414413a39765413d47d3af0256cd3e06e25b25867e2c04911808b0e71ef6eeeb,,pending,,,,5
img_00005001,images/img_00005001.jpg,02_deepfirearm,deepfirearm,8db2695f89c5ba2570e65d79dea0d4bcc776c6dd24bd0e1e1242aca648e6f467,,pending,,,,5
img_00005002,images/img_00005002.jpg,02_deepfirearm,deepfirearm,7c3386a8264b28ac422cfffc2a2fbae1635194a5dbf6bd4e37d5666e6dcef1b5,,pending,,,,5
img_00005003,images/img_00005003.jpg,02_deepfirearm,deepfirearm,493955ed737a8bce1cb16155e6e952a4d9563bf7e249154a7d8996bc98761071,,pending,,,,5
img_00005004,images/img_00005004.jpg,02_deepfirearm,deepfirearm,3b34ff36c1f5acc14b774802d782d261d49796d0527cd30a5fffacb95d337da0,,pending,,,,5
img_00005005,images/img_00005005.jpg,02_deepfirearm,deepfirearm,847e3f128bade27d3d2c6143b2f19eb5fed74e5a179899b8e70dc5874964455d,,pending,,,,5
img_00005006,images/img_00005006.jpg,02_deepfirearm,deepfirearm,1658ea105040765b3fb162bdd8baa7ebe4a8e455dbf98cce9a6b06a3c61b4386,,pending,,,,5
img_00005007,images/img_00005007.jpg,02_deepfirearm,deepfirearm,2d7562e71671c7efb54b565212eb33b0a38b3712311939b9e8c15dec3f9c2922,,pending,,,,5
img_00005008,images/img_00005008.jpg,02_deepfirearm,deepfirearm,9ed77102e0c5ff80d397e3df2d420a6156d17e9538925d326863855200564ee0,,pending,,,,5
img_00005009,images/img_00005009.jpg,02_deepfirearm,deepfirearm,6f831d85017cbc3ef6740d90363cac692ddeecaae957fd3b5af5a67973c40375,,pending,,,,5
img_00005010,images/img_00005010.jpg,02_deepfirearm,deepfirearm,06a4a57f2648d27929d7cfbbca918db87c3b54d07cc2cf7eef47f6f50bd40cc0,,pending,,,,5
img_00005011,images/img_00005011.jpg,02_deepfirearm,deepfirearm,d1f7b876a8792f8748d9459ce2b018c6e1f35e9a119fd878bc7888519c5b566d,,pending,,,,5
img_00005012,images/img_00005012.jpg,02_deepfirearm,deepfirearm,03ceb8f4fa805ef117248109f927ddc407f52a78305ed3f6c3a2f8074cbbd600,,pending,,,,5
img_00005013,images/img_00005013.jpg,02_deepfirearm,deepfirearm,3be80b65a01ab8a172346a8b6e71bd2b8754430d0cbb00b4284cf5c2088b3588,,pending,,,,5
img_00005014,images/img_00005014.jpg,02_deepfirearm,deepfirearm,0ae5a038bdf935517c689c03ff5b647fc29e55e6ed4430d3fc37ea51debcb42f,,pending,,,,5
img_00005015,images/img_00005015.jpg,02_deepfirearm,deepfirearm,81443f97914a9823522f1805d292aaeea22450930f274d5b00aa10f015442bb2,,pending,,,,5
img_00005016,images/img_00005016.jpg,02_deepfirearm,deepfirearm,9c0c05c70e9e0255192e4a5d68cafa3d4c6e0613db384cb6028062a8ab5c9fde,,pending,,,,5
img_00005017,images/img_00005017.jpg,02_deepfirearm,deepfirearm,03f65be9c97fb52d2c3820fe92c4690e571e023e8fde516a7d4618b2ce3f2b21,,pending,,,,5
img_00005018,images/img_00005018.jpg,02_deepfirearm,deepfirearm,80092bcf6813c517c64ef6f8f68958d66bf6ce99aa2d8011f64854ebee82ba43,,pending,,,,5
img_00005019,images/img_00005019.jpg,02_deepfirearm,deepfirearm,9ae0592a47dd908aa792af1676f7bc69b3e8bf3e5b4dee8d25390f3c571605e0,,pending,,,,5
img_00005020,images/img_00005020.jpg,02_deepfirearm,deepfirearm,94caf10a81abb26ceb01735580fa5bef0c6d65b00e1933c5ebb411a15bfc2fae,,pending,,,,5
img_00005021,images/img_00005021.jpg,02_deepfirearm,deepfirearm,0234b7c2c4b92de9a957206bfd45115d37af64ae792022263fd544994c44e6a9,,pending,,,,5
img_00005022,images/img_00005022.jpg,02_deepfirearm,deepfirearm,b874c0d2b902b5ca494b7b6c01553411702e0f61e195b3bff62636234c2907c2,,pending,,,,5
img_00005023,images/img_00005023.jpg,02_deepfirearm,deepfirearm,f97ad3a6d32c53847d9354092f038c7cbb9d41d19ff71595cd8d2bfd9ddd78cb,,pending,,,,5
img_00005024,images/img_00005024.jpg,02_deepfirearm,deepfirearm,a72701a8fc509e07b3c7e4287c2cd9c60f1ec487b8e80bab8d9a806929a9806c,,pending,,,,5
img_00005025,images/img_00005025.jpg,02_deepfirearm,deepfirearm,ef579b25841a7b253876bd1b9536ab64e4b5723dffb0ec20a1b6e0782eeef21c,,pending,,,,5
img_00005026,images/img_00005026.jpg,02_deepfirearm,deepfirearm,9a41d214e21f2f37ca8eb445f6053517a113c2f14ede29e5c59bbedf1944e153,,pending,,,,5
img_00005027,images/img_00005027.jpg,02_deepfirearm,deepfirearm,fcd50b3bf73989586effd4d35ccc69d31b43bfac577790e543e2282e5872a719,,pending,,,,5
img_00005028,images/img_00005028.jpg,02_deepfirearm,deepfirearm,0b6adb989c2f26302c75f0801226176a6e62656eea5e6c65d177b7de8fdcfefc,,pending,,,,5
img_00005029,images/img_00005029.jpg,02_deepfirearm,deepfirearm,f28a05c4029ae72f78ee54ade759bfd7e80c5fbf4dc71d8763b228b6429649d4,,pending,,,,5
img_00005030,images/img_00005030.jpg,02_deepfirearm,deepfirearm,429a22f323b24e8cd11729d5165ca38f5da2acf85414db783964bb330f98a57f,,pending,,,,5
img_00005031,images/img_00005031.jpg,02_deepfirearm,deepfirearm,0627eefc8478c5595f9c3cb3c642fbda853c6a0ba5e7a0d1fa412e06b09e77c0,,pending,,,,5
img_00005032,images/img_00005032.jpg,02_deepfirearm,deepfirearm,872c5bcd8a0fa8a75d284867511fba26b9c68a94fd2052301a09cbff558e676a,,pending,,,,5
img_00005033,images/img_00005033.jpg,02_deepfirearm,deepfirearm,4f6396a24c1954748980111b448fa3ca100211ae40049d49549cfdfadd02ebab,,pending,,,,5
img_00005034,images/img_00005034.jpg,02_deepfirearm,deepfirearm,a4020836b09cc56cd21eaf1fc593a9cddf89b13ea4dfc2a5b85299735ebf1c84,,pending,,,,5
img_00005035,images/img_00005035.jpg,02_deepfirearm,deepfirearm,ca261b1f752c134d23152ef44012af5779e19833143934e0666618aa365c29d6,,pending,,,,5
img_00005036,images/img_00005036.jpg,02_deepfirearm,deepfirearm,0b8dfd6756b26da82b89ef203a600c0a96e3d82aa95ca7d99b351b0269e8d18f,,pending,,,,5
img_00005037,images/img_00005037.jpg,02_deepfirearm,deepfirearm,a9c449e690675cf812d50431ed27bfc5a013edd7a455e1b1cc3d4a6edb0c6fc0,,pending,,,,5
img_00005038,images/img_00005038.jpg,02_deepfirearm,deepfirearm,c99a2448c8ce4eb087b7ff8d9aa0e2f2e9c924be858b9b4c0645a725160c887e,,pending,,,,5
img_00005039,images/img_00005039.jpg,02_deepfirearm,deepfirearm,9af4ba0d320ea8e8124dfe724714f9d2f527bdf3f43a7485616007d323fe4f77,,pending,,,,5
img_00005040,images/img_00005040.jpg,02_deepfirearm,deepfirearm,bf5cbee7f6f4aed4c5aefbe47256c2744a722cfc24289cdd9aff7be3b8ae25ea,,pending,,,,5
img_00005041,images/img_00005041.jpg,02_deepfirearm,deepfirearm,849918c5e128e98471a8f5e93cdb41a95be800899df8f2e53a6ef9c6ef3e0664,,pending,,,,5
img_00005042,images/img_00005042.jpg,02_deepfirearm,deepfirearm,fdc64ac6b50b41795573d0590f43a382b89341ee8509c6b73eb5152fd7cf36fa,,pending,,,,5
img_00005043,images/img_00005043.jpg,02_deepfirearm,deepfirearm,237271eb331ced35326d40ccd01d5cb7c7d865ee00800bb1f15c5276829bc015,,pending,,,,5
img_00005044,images/img_00005044.jpg,02_deepfirearm,deepfirearm,0dec800004db5ff5d40c6ae5011f18fb9443b231a42039066eafe48813285f94,,pending,,,,5
img_00005045,images/img_00005045.jpg,02_deepfirearm,deepfirearm,f980959faa38a6cab9f5e29c62a660c96d66998786f910e8ffc8a9d984e1f613,,pending,,,,5
img_00005046,images/img_00005046.jpg,02_deepfirearm,deepfirearm,4089971e58332d7d5e37ae9b8c666b504aea03cd888fe9350bb578419b4109e9,,pending,,,,5
img_00005047,images/img_00005047.jpg,02_deepfirearm,deepfirearm,234cca1d5173a21e8d49dcc5b943c944536ed482b84d95abd62a8c01db5b8ad7,,pending,,,,5
img_00005048,images/img_00005048.jpg,02_deepfirearm,deepfirearm,ac1e38eb6a6ead12e7714e067da813acf2a2d8c687829336632c2008fef2211c,,pending,,,,5
img_00005049,images/img_00005049.jpg,02_deepfirearm,deepfirearm,859b7717823e295c28b34874f190d2e72c0fa1ae8093e20959c16c0391b5e8a6,,pending,,,,5
img_00005050,images/img_00005050.jpg,02_deepfirearm,deepfirearm,5917f2af4e1617e3fd37bd870039d6863de667ff0a9614d2652e38375ba78c40,,pending,,,,5
img_00005051,images/img_00005051.jpg,02_deepfirearm,deepfirearm,ed65c2e6aca4bfa607d690505726fcb790645512876c9504bc66eeee7703c5e1,,pending,,,,5
img_00005052,images/img_00005052.jpg,02_deepfirearm,deepfirearm,2e54af6d66d8d13f79297b16c9a64986406ded25798d1d1c6e6054cbd6cef184,,pending,,,,5
img_00005053,images/img_00005053.jpg,02_deepfirearm,deepfirearm,1a748a5f3c448fbf3ac35beb72b88b195d6de8591d64a947fe28e3714511b09a,,pending,,,,5
img_00005054,images/img_00005054.jpg,02_deepfirearm,deepfirearm,75cb9758b2d408af6315d2918fba08f0144d16fc7a5a1faa896bbcf0d2a040a8,,pending,,,,5
img_00005055,images/img_00005055.jpg,02_deepfirearm,deepfirearm,42d5a267fbace17fe6418c079677a2f490a9b18623a6ddfbeb4ad7094fa7a6a3,,pending,,,,5
img_00005056,images/img_00005056.jpg,02_deepfirearm,deepfirearm,423f25d70bd841b722cbc1cb2b1442073f3f8c91c679b26aa222a019dfa1280f,,pending,,,,5
img_00005057,images/img_00005057.jpg,02_deepfirearm,deepfirearm,1eb5ccf559f5842c7f69251c2bd4c3eb3da97c2e1b041221c33c0115954e3a50,,pending,,,,5
img_00005058,images/img_00005058.jpg,02_deepfirearm,deepfirearm,44025f0f5000cf45379fc0ad7d545130326cfb5a16162373dd8c7c207f66dfbb,,pending,,,,5
img_00005059,images/img_00005059.jpg,02_deepfirearm,deepfirearm,2571a60c582011e4af76435d8766b71e114edc0fe6652bcca7dc4e8fb1a6b2ac,,pending,,,,5
img_00005060,images/img_00005060.jpg,02_deepfirearm,deepfirearm,3639d6cc7b240af9d79f368647ed02b1fdf66b9ca50c4e95c46bfa3fd142998e,,pending,,,,5
img_00005061,images/img_00005061.jpg,02_deepfirearm,deepfirearm,58992b9872548389221c9c6f3905a93cede0a0e0fe26e6eb8ce52cbbf00d6d33,,pending,,,,5
img_00005062,images/img_00005062.jpg,02_deepfirearm,deepfirearm,15250a993b209be820b3e7608a67fedf0c0d5be69ef5b072d48e190f4f110c17,,pending,,,,5
img_00005063,images/img_00005063.jpg,02_deepfirearm,deepfirearm,604b2ea142fae884884a39d5bd1676443c7f75988e0af9d469ff3910bd9b99cd,,pending,,,,5
img_00005064,images/img_00005064.jpg,02_deepfirearm,deepfirearm,dda48aff31828b7b9c18f738fa2739d7d39643c1ab022dae21e7cd3386b17be5,,pending,,,,5
img_00005065,images/img_00005065.jpg,02_deepfirearm,deepfirearm,da8d5c25bba44b4234fd8f7a0db0740aed8e11586360993921c9669ee7d1fe83,,pending,,,,5
img_00005066,images/img_00005066.jpg,02_deepfirearm,deepfirearm,d2e152d86d6bef7b7d277f86d82ca2c8d74ac11b3c8f0ef57e0cfb35d45faec4,,pending,,,,5
img_00005067,images/img_00005067.jpg,02_deepfirearm,deepfirearm,917633e7e3ff8b0e484f4180c962f62bb49e6ea4a8a4bf1cc9adda75bc418e14,,pending,,,,5
img_00005068,images/img_00005068.jpg,02_deepfirearm,deepfirearm,e224663152ceb2b0fdeac3df339d8f57e948dc06baedc51fec2b3523b24d4a9b,,pending,,,,5
img_00005069,images/img_00005069.jpg,02_deepfirearm,deepfirearm,03b2abd533f27dff753bb88f932ab47423ee2fb5e1fb920860bcd1185ce1014f,,pending,,,,5
img_00005070,images/img_00005070.jpg,02_deepfirearm,deepfirearm,3b1905c3c1b7e38bf0bbee95c7b4c4a7865b2e8f26d0696d4cb19ff8574410f8,,pending,,,,5
img_00005071,images/img_00005071.jpg,02_deepfirearm,deepfirearm,3abd298e5ced415564af0795eb719176d2cb9736bb69b9688089d2683a7474f9,,pending,,,,5
img_00005072,images/img_00005072.jpg,02_deepfirearm,deepfirearm,c23319c9e03aca9bfe5996781efbb382ab2bbea57a430dcc2f7f12e15af8b36a,,pending,,,,5
img_00005073,images/img_00005073.jpg,02_deepfirearm,deepfirearm,a9eb3c2d64a491f438db225941e918fbce7f210256e1fd7749704e56c7e8b9da,,pending,,,,5
img_00005074,images/img_00005074.jpg,02_deepfirearm,deepfirearm,edcbcb3014074ea63710d7d9f26ba09dde592e79ce58fc18b210eec6791c7988,,pending,,,,5
img_00005075,images/img_00005075.jpg,02_deepfirearm,deepfirearm,abba84a0256cbdd8f1466a301bffd6b54c87144e6a8d657779491239088603ff,,pending,,,,5
img_00005076,images/img_00005076.jpg,02_deepfirearm,deepfirearm,1b054dffcc0afbba2da7bd1502479bcb52dcac8c5b7574d7b2c91eb239dd4e06,,pending,,,,5
img_00005077,images/img_00005077.jpg,02_deepfirearm,deepfirearm,0acd37eea549e7a2933532e352b3a69903ba771da7db424ce1dda2ffc7d50b70,,pending,,,,5
img_00005078,images/img_00005078.jpg,02_deepfirearm,deepfirearm,1e5ae4a3d445005839021b77043eb88de8b50bd62d3fd2050f9565b612b7d8d7,,pending,,,,5
img_00005079,images/img_00005079.jpg,02_deepfirearm,deepfirearm,4b791a9684bcafd3f05e696960f7136e29d4d781162085f0abf405b0264f4c59,,pending,,,,5
img_00005080,images/img_00005080.jpg,02_deepfirearm,deepfirearm,451cb257feb1b7aacb614c4b8101897640c17b2239b542c53b7e11d744f2477b,,pending,,,,5
img_00005081,images/img_00005081.jpg,02_deepfirearm,deepfirearm,fc92401791834728a2cb5c270cb485f73033a00c64635036f1149a47d2d76901,,pending,,,,5
img_00005082,images/img_00005082.jpg,02_deepfirearm,deepfirearm,38f420d5315b58cd041335562c198f0065984f8f299df2c42a05ceb1dbf2c61b,,pending,,,,5
img_00005083,images/img_00005083.jpg,02_deepfirearm,deepfirearm,8122d1fef28d45241e291092e6e46e249d0267fe386c9303a580cf397105fe4f,,pending,,,,5
img_00005084,images/img_00005084.jpg,02_deepfirearm,deepfirearm,27e1dd6aa043cff2139ef081283198e1cd9be7bad034c8381279f67ef846691f,,pending,,,,5
img_00005085,images/img_00005085.jpg,02_deepfirearm,deepfirearm,e19d767ff6f0383195dfa065a48ab3424d73ea8be21bfd2ee00badf1cae3e337,,pending,,,,5
img_00005086,images/img_00005086.jpg,02_deepfirearm,deepfirearm,76fdddc6787e26425fa52cc6bc7d51cf729153b06295015e832f06c16ff2cf98,,pending,,,,5
img_00005087,images/img_00005087.jpg,02_deepfirearm,deepfirearm,aecc90c0a24aed1346f2b6709caa1ed6d6dfc6018a09130c85f792938b6c05cb,,pending,,,,5
img_00005088,images/img_00005088.jpg,02_deepfirearm,deepfirearm,0b261bae1149ff088cbee1e83d364486ecf4b4edd3e22475d6ff6e8abe57a36a,,pending,,,,5
img_00005089,images/img_00005089.jpg,02_deepfirearm,deepfirearm,bea98b5dd1166e6b7e29042f19a96c8307a59e210f7d9f5f97e49b7fcedca916,,pending,,,,5
img_00005090,images/img_00005090.jpg,02_deepfirearm,deepfirearm,fbc363456929d1dbd7d4ccff37a22bc569f1da6f2b76b265d0edd385a215000d,,pending,,,,5
img_00005091,images/img_00005091.jpg,02_deepfirearm,deepfirearm,f9f9d1e5bfb5fd69ebb1c327ddca86e841da65c767138a3a98f098e5e0d7e84e,,pending,,,,5
img_00005092,images/img_00005092.jpg,02_deepfirearm,deepfirearm,c0d98c98a14dc1ad88bce9d8d8514ac4e981c9d3faa00e840960069aa184160e,,pending,,,,5
img_00005093,images/img_00005093.jpg,02_deepfirearm,deepfirearm,149325fd6a845faec9164087b0f0e7b8e0e39180369d86843156bd17c4c3f767,,pending,,,,5
img_00005094,images/img_00005094.jpg,02_deepfirearm,deepfirearm,54208ecad916f83dcf33fac93c164b160d57a27db862427dae121112b6c14286,,pending,,,,5
img_00005095,images/img_00005095.jpg,02_deepfirearm,deepfirearm,485f9bb2233b7a0ca832b784aa0784ebaa2a300ef5fdcdb91fe64952fbdf6948,,pending,,,,5
img_00005096,images/img_00005096.jpg,02_deepfirearm,deepfirearm,01dcce5ea2e1e9f10fe5d5101dc168744ca2370c70a99a6d99e89b78fc6f92f8,,pending,,,,5
img_00005097,images/img_00005097.jpg,02_deepfirearm,deepfirearm,ef5e0b3f670e109f7644dfa11a0f730573cd41452ab86873e4506594fa331276,,pending,,,,5
img_00005098,images/img_00005098.jpg,02_deepfirearm,deepfirearm,1c0f0458abb057078921b9da8f64d20cbccabe2b8073bdc0ab2312fc411b4e1f,,pending,,,,5
img_00005099,images/img_00005099.jpg,02_deepfirearm,deepfirearm,abce25983cc4a01b1c29495646b37ea5e07a4bfcc1ab468e00a2f9c3a6fd362a,,pending,,,,5
img_00005100,images/img_00005100.jpg,02_deepfirearm,deepfirearm,1fa24c77f98c0a775fecce24ca105f614abc40a295f10b30a71760e6c6bd0ea7,,pending,,,,5
img_00005101,images/img_00005101.jpg,02_deepfirearm,deepfirearm,126966ba77542bcb84126b27724a298aa4fedbb1e9a4178b3d1529a5789326fc,,pending,,,,5
img_00005102,images/img_00005102.jpg,02_deepfirearm,deepfirearm,f6923cc941193e741538f5bcd2d480d1895845f9037e8a9affc30da801f3cf31,,pending,,,,5
img_00005103,images/img_00005103.jpg,02_deepfirearm,deepfirearm,8d088a5020fd2e423aa008c2a1ddcc51cbe5b9e9080bd6e4b6148e7c9175f888,,pending,,,,5
img_00005104,images/img_00005104.jpg,02_deepfirearm,deepfirearm,d209c76a03a3053491c868f87116d9cbe79ce64edaa86b0d40c36824225471e8,,pending,,,,5
img_00005105,images/img_00005105.jpg,02_deepfirearm,deepfirearm,f3e2c56e0f93e29868c0d9903b12284eaa998aa9ace517049df5f981e0765d90,,pending,,,,5
img_00005106,images/img_00005106.jpg,02_deepfirearm,deepfirearm,42a17165c24db17d62217e051193c943fa7e78a3bab23dfd51f5c342dd4d07a4,,pending,,,,5
img_00005107,images/img_00005107.jpg,02_deepfirearm,deepfirearm,3da54855fbc63cd22c931fe3729bd7f018ab6f2bfa458b789253100199f4cf2e,,pending,,,,5
img_00005108,images/img_00005108.jpg,02_deepfirearm,deepfirearm,5d5ccb2e93b15efe14bb4d099be37587f331449f8a19cb638ff36cccb2ddd2d5,,pending,,,,5
img_00005109,images/img_00005109.jpg,02_deepfirearm,deepfirearm,19da8a04d5d2cd54364831c9cd2a46590ad2d098c5fa30a58ae68c61b8dce02b,,pending,,,,5
img_00005110,images/img_00005110.jpg,02_deepfirearm,deepfirearm,ee0fd784e4f0082b192ad8bd8c6d0a7e7e9559c305a4d49cfcf73ee7fc451cc2,,pending,,,,5
img_00005111,images/img_00005111.jpg,02_deepfirearm,deepfirearm,a805fa02f87ff91376481f910db7abcd512620566c3612812704d1a8fe53ac70,,pending,,,,5
img_00005112,images/img_00005112.jpg,02_deepfirearm,deepfirearm,d14e456e5a56d139333ec877ab34adbeb0dea77be4dd625c1e701ffe36833e5c,,pending,,,,5
img_00005113,images/img_00005113.jpg,02_deepfirearm,deepfirearm,a2e23c2d127024debbbfe7eb3bd4d8d29ed5ef52875e7b476f16d2d44cac6c47,,pending,,,,5
img_00005114,images/img_00005114.jpg,02_deepfirearm,deepfirearm,95650f091930d7cfadcd6e8927fe524cb09ac79683b59700938044c9d04e7d28,,pending,,,,5
img_00005115,images/img_00005115.jpg,02_deepfirearm,deepfirearm,36f0236354d35604097546e786a62e12f8d8c32b4de48ca178d203c731969388,,pending,,,,5
img_00005116,images/img_00005116.jpg,02_deepfirearm,deepfirearm,66ef89c39ba05f7848d60a94e2053f8b8148d0b6e57719dc637cebfc8db4b47b,,pending,,,,5
img_00005117,images/img_00005117.jpg,02_deepfirearm,deepfirearm,510ce47854101cbf5cf2b81b46335652fb104bb46a1aa1d76d3e430cd6091353,,pending,,,,5
img_00005118,images/img_00005118.jpg,02_deepfirearm,deepfirearm,c788cc7f1e1555b4f56f2d69a1b21bc076140d8568bbe89c99cc5fd113c726d6,,pending,,,,5
img_00005119,images/img_00005119.jpg,02_deepfirearm,deepfirearm,be1c95702aa664945f96e92b790aa1d9fa05338ffb51f67852669b416e61b80d,,pending,,,,5
img_00005120,images/img_00005120.jpg,02_deepfirearm,deepfirearm,9cb0cb3c31d742d91a94ddb7a74a31ddad27878baba3e7a59a275f5ebbc28e2d,,pending,,,,5
img_00005121,images/img_00005121.jpg,02_deepfirearm,deepfirearm,6b34478d2d26cf014b1de2cc15cee8e56dca6e34ff67baa43e4d9442489fd1ba,,pending,,,,5
img_00005122,images/img_00005122.jpg,02_deepfirearm,deepfirearm,4ec0f97d4801333c0f2629c9c9edabc0b559617ab530d4504e259080bc22d77d,,pending,,,,5
img_00005123,images/img_00005123.jpg,02_deepfirearm,deepfirearm,d74967a216e0f71ad5881cea715fbfd4621ac0e5a8c53313d8f5b600e4a9396a,,pending,,,,5
img_00005124,images/img_00005124.jpg,02_deepfirearm,deepfirearm,5d9a9363b838266e8649141bc00706f8d1eaa8fe8cea437a233cde413ea0ecf9,,pending,,,,5
img_00005125,images/img_00005125.jpg,02_deepfirearm,deepfirearm,1097defcf16a49f4522c1149b3360085ca17b9275ca51332cdf2568fdf3537f6,,pending,,,,5
img_00005126,images/img_00005126.jpg,02_deepfirearm,deepfirearm,d91ce78a007e11f26f95393cc2b36a4d1e050abb9507da1636e49d43f7ef0f40,,pending,,,,5
img_00005127,images/img_00005127.jpg,02_deepfirearm,deepfirearm,ac64ecdba3ca40f36549a51c1ff51e36ffa64a1f02c7a6f39026886f753e9c2d,,pending,,,,5
img_00005128,images/img_00005128.jpg,02_deepfirearm,deepfirearm,7fb82d69dba205b1b41be7dce561a5de444e1d75b8069ee5584e112bd121de18,,pending,,,,5
img_00005129,images/img_00005129.jpg,02_deepfirearm,deepfirearm,7ea91b7fadeca37f0fbc2f14ab3603517246b85c5492f1010fc6273a7ca895f3,,pending,,,,5
img_00005130,images/img_00005130.jpg,02_deepfirearm,deepfirearm,93482c61405e035d94fadb81e0aee0df33198e4cf7bb67246b8c739a66bd1965,,pending,,,,5
img_00005131,images/img_00005131.jpg,02_deepfirearm,deepfirearm,f6a8a12b12ee728ce01dd9dc8311c5d78df18948bbd5f6167949ac52be1b0ae5,,pending,,,,5
img_00005132,images/img_00005132.jpg,02_deepfirearm,deepfirearm,50db449a9cec2f1c1fcc91d46fe4ca8db0ed1b55d21d931591530b5d2b7b2e43,,pending,,,,5
img_00005133,images/img_00005133.jpg,02_deepfirearm,deepfirearm,b65490238218fbb94a50838fc698967e5bdaa5c9428055a2a7b0b2036cd754d5,,pending,,,,5
img_00005134,images/img_00005134.jpg,02_deepfirearm,deepfirearm,78163267f2d28f09664ca0be81ad970369cdf909a9e37c2abee1ddc3a46d246c,,pending,,,,5
img_00005135,images/img_00005135.jpg,02_deepfirearm,deepfirearm,6f4fd2468877c838d97d49c9d81cfa4dd35469fceffa0b5624f30c4aee182a8b,,pending,,,,5
img_00005136,images/img_00005136.jpg,02_deepfirearm,deepfirearm,e5405cd90c2d7aa64c1022308de8a4b40628eaa61d47839ad0779c229dad3225,,pending,,,,5
img_00005137,images/img_00005137.jpg,02_deepfirearm,deepfirearm,00ab69c3e83d58e0e12d6255dfa3be2778655f99493b37f28500d2717c9fe10c,,pending,,,,5
img_00005138,images/img_00005138.jpg,02_deepfirearm,deepfirearm,b88061b10ca8cbfd68967be59dce344465f12d38f345964f98f0b894a5811f5a,,pending,,,,5
img_00005139,images/img_00005139.jpg,02_deepfirearm,deepfirearm,ca1bdc922e44c312b36c3e8bd8f5366e557329fb304d7921b02b4db3a591411a,,pending,,,,5
img_00005140,images/img_00005140.jpg,02_deepfirearm,deepfirearm,d861e3132415b85ba6356caac51a914bf1a89f22f5a62abe4d2aeca698c2a6f7,,pending,,,,5
img_00005141,images/img_00005141.jpg,02_deepfirearm,deepfirearm,fdc40a15f6a6da91834941ef4c28dadd057cd519d30ead87113cb7f77a33bab7,,pending,,,,5
img_00005142,images/img_00005142.jpg,02_deepfirearm,deepfirearm,1d7a35d7c869da88f43dcaa408501604343a9eac0e190a6a188ae83091317b87,,pending,,,,5
img_00005143,images/img_00005143.jpg,02_deepfirearm,deepfirearm,e671310fa3730633e5b1d6c263fdf37f841157148fcc63b349172f34a272e0d3,,pending,,,,5
img_00005144,images/img_00005144.jpg,02_deepfirearm,deepfirearm,b1fd6a1e9038bbdb8d3d68961624b7dd3011ca762374b3efdc18645bbd503ba3,,pending,,,,5
img_00005145,images/img_00005145.jpg,02_deepfirearm,deepfirearm,42a2d9168fb62088f9e46f19130e765f97d8b6a0c61dba27eec883a450aab155,,pending,,,,5
img_00005146,images/img_00005146.jpg,02_deepfirearm,deepfirearm,ee2b15ca4a847e028f17e172055e351863216aaf600acc6ef18b9d2b4d6fb9ba,,pending,,,,5
img_00005147,images/img_00005147.jpg,02_deepfirearm,deepfirearm,4e051270d11cd15a13c0584c89db556ac8ecae863b541657751fe877dbc69da3,,pending,,,,5
img_00005148,images/img_00005148.jpg,02_deepfirearm,deepfirearm,0ba526b43caf97b8335b1f45d186567d9e3fc85342e5d2fd77938a6730c138ac,,pending,,,,5
img_00005149,images/img_00005149.jpg,02_deepfirearm,deepfirearm,9297ecb011cd89031a24546a9dd32431c383ef5387d2983493d6ad371f8622cd,,pending,,,,5
img_00005150,images/img_00005150.jpg,02_deepfirearm,deepfirearm,aec58ef38c8ed8235d215f909a6b011734a54e05803272cf9e57e04ba8e7b1ed,,pending,,,,5
img_00005151,images/img_00005151.jpg,02_deepfirearm,deepfirearm,b7dbe1bf627898df8a4fda4eaca806f00964590e55c0215c4dcea1b4b964ba96,,pending,,,,5
img_00005152,images/img_00005152.jpg,02_deepfirearm,deepfirearm,f9ae38525f491c07318eba2f01c7e39c8b5ed0f4c812c479ce0ff71fb837c839,,pending,,,,5
img_00005153,images/img_00005153.jpg,02_deepfirearm,deepfirearm,27cc8028ac21ede8c0aac51f4581d2a504c0f593ff97586afb36c364b69ae61a,,pending,,,,5
img_00005154,images/img_00005154.jpg,02_deepfirearm,deepfirearm,6256d6ea79c5a409a51c304b59597bdc83b7d5a3545e50aa12405176052966b8,,pending,,,,5
img_00005155,images/img_00005155.jpg,02_deepfirearm,deepfirearm,023f8b80e8b4aa03424c465244e93744e1a98d9fac28b1afb5787ad27a9dff0b,,pending,,,,5
img_00005156,images/img_00005156.jpg,02_deepfirearm,deepfirearm,7e9d7ca3c95fb2c78a2f6b1f7820ac32770810b89174879d81bc26316a3291fc,,pending,,,,5
img_00005157,images/img_00005157.jpg,02_deepfirearm,deepfirearm,4b43f8d62aade406bd004dd93bf9bf422636aefc0cb9120d0dbbd749eda88f3d,,pending,,,,5
img_00005158,images/img_00005158.jpg,02_deepfirearm,deepfirearm,9cbda1878c552cb6f6ba0f42c5bbf99374eef7cbae9f7d1591b8ea0544f648a7,,pending,,,,5
img_00005159,images/img_00005159.jpg,02_deepfirearm,deepfirearm,5b81a1245590feb06dcac8d4eb20fd28cdceabe108f37feda65ffe7ad4a11187,,pending,,,,5
img_00005160,images/img_00005160.jpg,02_deepfirearm,deepfirearm,9134364522fb6ea12fde69ea8620d075adc815849dafc29373ab7eb6cd381193,,pending,,,,5
img_00005161,images/img_00005161.jpg,02_deepfirearm,deepfirearm,b14b5522a6b892184299e37d2c09d4a95b04df2107037b194ca2ecebd99a2db8,,pending,,,,5
img_00005162,images/img_00005162.jpg,02_deepfirearm,deepfirearm,64887ed0c769ccaa099179c79dd347e90898e36f4cd8560afdce1bacbd991d2c,,pending,,,,5
img_00005163,images/img_00005163.jpg,02_deepfirearm,deepfirearm,d5b72b4e41e635b89fbd4b381865e542c4716ffb0a81b7da4100c1847fe3634b,,pending,,,,5
img_00005164,images/img_00005164.jpg,02_deepfirearm,deepfirearm,47553a5e154576edfd78f9d337ac786ca928ddc32a262b2d8aad673b0bcd059c,,pending,,,,5
img_00005165,images/img_00005165.jpg,02_deepfirearm,deepfirearm,8f90f973773df3fa580e8f33c02124152c968aafa9f3c92702cc884f2dca567b,,pending,,,,5
img_00005166,images/img_00005166.jpg,02_deepfirearm,deepfirearm,c70fe9ee6c78a96d2af41d4bc4dd33c2cc13695bb3f0a406be23b415999e7cf6,,pending,,,,5
img_00005167,images/img_00005167.jpg,02_deepfirearm,deepfirearm,83525e3b4a61380a429511bd2d9eb22f6f07b32d9df511a14ed91f9d56a0d1d0,,pending,,,,5
img_00005168,images/img_00005168.jpg,02_deepfirearm,deepfirearm,99c8cbef01630bd6ed4b5be4bc2cc6728df2ee15d7732fd774dfa57f1b52291e,,pending,,,,5
img_00005169,images/img_00005169.jpg,02_deepfirearm,deepfirearm,c4129dc837651d172058f045e0e72110569507f7b630df744156f4d8a1293c31,,pending,,,,5
img_00005170,images/img_00005170.jpg,02_deepfirearm,deepfirearm,45db8411853f7276a4a82d700690c86a2b7ef6fcf73805bb193665c3fa044e03,,pending,,,,5
img_00005171,images/img_00005171.jpg,02_deepfirearm,deepfirearm,c9e3a168da0392e862e816173417320938a9a569d303380540520454cdf8a3d7,,pending,,,,5
img_00005172,images/img_00005172.jpg,02_deepfirearm,deepfirearm,e3dbf7bf73f383771e1cfbefb0db1dfacee85aea49a513ad7510b9a45952f216,,pending,,,,5
img_00005173,images/img_00005173.jpg,02_deepfirearm,deepfirearm,7f36e647b6ab8aea3b6f39559998abfaa820fc44a22db6b74519924c8c868629,,pending,,,,5
img_00005174,images/img_00005174.jpg,02_deepfirearm,deepfirearm,98dbfdb3aafd6be0742633729e934f69d0ee6932f5e09956757b2d401ade5e7d,,pending,,,,5
img_00005175,images/img_00005175.jpg,02_deepfirearm,deepfirearm,516c07cbad2c582a0f8b69be8783f54e9b06c72514adda9d43e06132b8b15f80,,pending,,,,5
img_00005176,images/img_00005176.jpg,02_deepfirearm,deepfirearm,eb55ee6a4b49f050b99282647df0fc33dbbaf3c8cb6eedbc62b4b8f6d153bec0,,pending,,,,5
img_00005177,images/img_00005177.jpg,02_deepfirearm,deepfirearm,e933db2d0755ee39945152f17de921fedcdd083cc876b9f39dd1d9aed5134ecb,,pending,,,,5
img_00005178,images/img_00005178.jpg,02_deepfirearm,deepfirearm,bade968690b6fdd653830703f3fb68ec430436d6bc1d4a8bf1fdaf61cb70dfc3,,pending,,,,5
img_00005179,images/img_00005179.jpg,02_deepfirearm,deepfirearm,754da025af7704aed4367466f75ba49b1bbcfea257218f489b48818aa64f6dc2,,pending,,,,5
img_00005180,images/img_00005180.jpg,02_deepfirearm,deepfirearm,3688986381a6e0b7fd06e9d429788351ba5a1c0f6199ea6d2d1c702c98ae9b39,,pending,,,,5
img_00005181,images/img_00005181.jpg,02_deepfirearm,deepfirearm,8d0d6007cfa03b33f1adc1c4aecb8280503ad3f2908771ca49189fac676c14e2,,pending,,,,5
img_00005182,images/img_00005182.jpg,02_deepfirearm,deepfirearm,8cee4622545151c87123913c4064b3dc359d4c125981bc6e36a4ccee1488d4a9,,pending,,,,5
img_00005183,images/img_00005183.jpg,02_deepfirearm,deepfirearm,251629177f4c6787aabed4a31c3725d15c71aa788cc5d0de552813a6c78a202f,,pending,,,,5
img_00005184,images/img_00005184.jpg,02_deepfirearm,deepfirearm,bade6ad2e2f7ef0e53c7051ce98d14797c9b2b6c2e6bde5be3942e3e4cf8c56e,,pending,,,,5
img_00005185,images/img_00005185.jpg,02_deepfirearm,deepfirearm,130b36cb3743eaaa088f4cf8190358fc0fb0f2b0ae99963bc283911b7ef7c584,,pending,,,,5
img_00005186,images/img_00005186.jpg,02_deepfirearm,deepfirearm,d3f44cee8a7822bec7e2a22d65dbafb5eb44028769a3d5bc7401784b64d83071,,pending,,,,5
img_00005187,images/img_00005187.jpg,02_deepfirearm,deepfirearm,47e435cbd0894cfd98f90bc8bc5a073a99b2cbf1e7b0feea492ab02e319b81b5,,pending,,,,5
img_00005188,images/img_00005188.jpg,02_deepfirearm,deepfirearm,8d0d71af11c1ed1dd137ac7190a4b2603bc548ac2ac4ed158018712ca6247e25,,pending,,,,5
img_00005189,images/img_00005189.jpg,02_deepfirearm,deepfirearm,c17e1385d987f1d2b94da9f2566a41365667f0e7680d39d500324ddd10a1360f,,pending,,,,5
img_00005190,images/img_00005190.jpg,02_deepfirearm,deepfirearm,422c5daf92bed33ae31dd39ff62977a2d9822d11fb37e051616088593bbce7af,,pending,,,,5
img_00005191,images/img_00005191.jpg,02_deepfirearm,deepfirearm,8f93ec8079cfd6844cfb7bea988a4ad2018efe5f62ef4ffdb66c6a1ea74d8a5c,,pending,,,,5
img_00005192,images/img_00005192.jpg,02_deepfirearm,deepfirearm,db0a1923d6cc5d0826512648c1cd09214a1889e7f01e4f021b64b9a3eeca5769,,pending,,,,5
img_00005193,images/img_00005193.jpg,02_deepfirearm,deepfirearm,500fb34ded5a3420d3517b66f3b8c8b4c82a36ce9ff1bcabc47001d4c852d814,,pending,,,,5
img_00005194,images/img_00005194.jpg,02_deepfirearm,deepfirearm,67654d00a639961a4791a988b3e3aedf7a48368e0892d7d2dfa09abd508f3382,,pending,,,,5
img_00005195,images/img_00005195.jpg,02_deepfirearm,deepfirearm,41fc54f220480617a6edb4768f1d4a9c6f64c74748da90f7ae2d65f9b08a4b50,,pending,,,,5
img_00005196,images/img_00005196.jpg,02_deepfirearm,deepfirearm,f6ea4ca9666922957a2225e7594e14a6309147dc3403e5400cb082cb2c02832f,,pending,,,,5
img_00005197,images/img_00005197.jpg,02_deepfirearm,deepfirearm,04dd8eaabd47ba88c1995ada0d78b0412c35c31799542ff0252c2322356632dc,,pending,,,,5
img_00005198,images/img_00005198.jpg,02_deepfirearm,deepfirearm,bc4de0b8928ceb36b9a4e5690c29fe3c308ff80c70093d54735c6a9cf9871258,,pending,,,,5
img_00005199,images/img_00005199.jpg,02_deepfirearm,deepfirearm,6f1a8ad7b8a7e42550fcc921ac38364baf6de54d11d7544041c624b1f583d4c5,,pending,,,,5
img_00005200,images/img_00005200.jpg,02_deepfirearm,deepfirearm,12d7d4b27d3ba27a88f436c763e8966617d27acdf8e1f9c53552c58ce7542c9e,,pending,,,,5
img_00005201,images/img_00005201.jpg,02_deepfirearm,deepfirearm,b9ffb22c76acb8103378248b94bae78fc8dc2da214bcee530d76d09867291a20,,pending,,,,5
img_00005202,images/img_00005202.jpg,02_deepfirearm,deepfirearm,8f904f90cebf64d6debea8f0d0e26142699a69031502df67ca2e17d5b1af76d5,,pending,,,,5
img_00005203,images/img_00005203.jpg,02_deepfirearm,deepfirearm,8059347bb80cf7bf1f622938268e26501ceb4d552dcd66ecf28a93c57dd73915,,pending,,,,5
img_00005204,images/img_00005204.jpg,02_deepfirearm,deepfirearm,ab120d5d343094780f606f5b70f92fa1a9dce77f3de74a53754e425116b63a9c,,pending,,,,5
img_00005205,images/img_00005205.jpg,02_deepfirearm,deepfirearm,fccc2e445f3ea2f0ba0081adff2f6a749033dd224b820e7c5b4de490904f1b85,,pending,,,,5
img_00005206,images/img_00005206.jpg,02_deepfirearm,deepfirearm,df4725b652630082e0a56a9d49815b848fac7b884f240e22ba2b1174c2f8fd96,,pending,,,,5
img_00005207,images/img_00005207.jpg,02_deepfirearm,deepfirearm,fa01b671ae24b416987ebed84285e434b406392ce94c13e7cd5708e22826cc52,,pending,,,,5
img_00005208,images/img_00005208.jpg,02_deepfirearm,deepfirearm,4a19d693cf3e302d812e6b075fe033d1c09d6f6c4e729227ec44b2bf016f6755,,pending,,,,5
img_00005209,images/img_00005209.jpg,02_deepfirearm,deepfirearm,1078947f1ad7730ea29c70d0342453a8bb8e86b6f876c22e7725584e66ccff14,,pending,,,,5
img_00005210,images/img_00005210.jpg,02_deepfirearm,deepfirearm,3085f889d329fecb473a7ba25e4a8c2e6f0992b4cb5142d5e698d8ec1d94ea16,,pending,,,,5
img_00005211,images/img_00005211.jpg,02_deepfirearm,deepfirearm,81cd0d94dd24bec86f4dd54a407ce9687cb0618176449cadbf35dfb7d4bb8f94,,pending,,,,5
img_00005212,images/img_00005212.jpg,02_deepfirearm,deepfirearm,8ddf96e4adee71fc2b6bd2846ac3ce2d48a169b0d22607d2614c95ae544157e1,,pending,,,,5
img_00005213,images/img_00005213.jpg,02_deepfirearm,deepfirearm,2adf0ba8b41585677443e1a6d402c6d10610e644ec529ffee10d8c09d54b2735,,pending,,,,5
img_00005214,images/img_00005214.jpg,02_deepfirearm,deepfirearm,f5caf638f8a124b86c65fee74f586ba1298c836ef7af502a6fb8336510f2ff23,,pending,,,,5
img_00005215,images/img_00005215.jpg,02_deepfirearm,deepfirearm,c117bc993746fc3a68e1540a7af6d1f577aeefe7bb412262d7d365fa2ea1ad3a,,pending,,,,5
img_00005216,images/img_00005216.jpg,02_deepfirearm,deepfirearm,d831cd80ccdeec3e23b996635c553239f1e175073e65af25b45318fb6eb11eda,,pending,,,,5
img_00005217,images/img_00005217.jpg,02_deepfirearm,deepfirearm,e33e39f39a9527baa1c7869915d4ebfdfa1b37d61fbfed881a03a53073611055,,pending,,,,5
img_00005218,images/img_00005218.jpg,02_deepfirearm,deepfirearm,819944fb403346a794b7a03ee58236c6a92f232886ebd3ea5fdb6d3492370e96,,pending,,,,5
img_00005219,images/img_00005219.jpg,02_deepfirearm,deepfirearm,6ca67859baa4f78a3385f5113aefd568ff72aa5b04eca68e13073f7c74899313,,pending,,,,5
img_00005220,images/img_00005220.jpg,02_deepfirearm,deepfirearm,a6ffb85aba4cb14bb251b6933142b90b045faf027f26b614e335ace07175c914,,pending,,,,5
img_00005221,images/img_00005221.jpg,02_deepfirearm,deepfirearm,67b8d6a165a1983e4c26be52dd55d871dcb4ecf5685eff3a87397e2f44924d48,,pending,,,,5
img_00005222,images/img_00005222.jpg,02_deepfirearm,deepfirearm,d5fcb961ed7a316a2d157a54e8d13c83ab71d31c0d5201c1a22952beb560a1f4,,pending,,,,5
img_00005223,images/img_00005223.jpg,02_deepfirearm,deepfirearm,82cc555d0a45d2f2f4ce91eca72e262ee0dd8381d2ba3c5d929575230793f0de,,pending,,,,5
img_00005224,images/img_00005224.jpg,02_deepfirearm,deepfirearm,d1feee6258d73efc5ba9a002ec3db9b9b67f9e0087b988ba0785ec274fd842ec,,pending,,,,5
img_00005225,images/img_00005225.jpg,02_deepfirearm,deepfirearm,86ec9ae8a839082910e1eca257cc1e377868bca5bb8c5ebf9cb4a6aa3ae4c7cf,,pending,,,,5
img_00005226,images/img_00005226.jpg,02_deepfirearm,deepfirearm,cf90af6bfb4f88f81c099a3d661b5b7f6e18b4ec25c764af2638f0b647fb9a3a,,pending,,,,5
img_00005227,images/img_00005227.jpg,02_deepfirearm,deepfirearm,fe313b11c33bc5e863ad432b7e307bda97d0a17500e0d285176aad450a379ab2,,pending,,,,5
img_00005228,images/img_00005228.jpg,02_deepfirearm,deepfirearm,b35ce5058d8670f14e18e9fed989e73be7eb2fea740b0ad5a07ccdd111d5001b,,pending,,,,5
img_00005229,images/img_00005229.jpg,02_deepfirearm,deepfirearm,3c47081c56e2c77c3d8defaa30c87304d28732771deb2eb4eccbb2dfeba5f568,,pending,,,,5
img_00005230,images/img_00005230.jpg,02_deepfirearm,deepfirearm,3c58dcb7a74e394d9664e5f39b95e90354af5fa165db9489eb2015a7ffefba1d,,pending,,,,5
img_00005231,images/img_00005231.jpg,02_deepfirearm,deepfirearm,58f9bd413f2f898f6d8a35efc97c731ee59f151b9018a4ff572d1f7bf8906737,,pending,,,,5
img_00005232,images/img_00005232.jpg,02_deepfirearm,deepfirearm,b205d5f729e57133723b955e78134a4d93fe414eabd2dcd9faf463224653fbd8,,pending,,,,5
img_00005233,images/img_00005233.jpg,02_deepfirearm,deepfirearm,e8546195ffd68d6878e39e5f8983ea80bb8bd01342819e098301792b6bd5b248,,pending,,,,5
img_00005234,images/img_00005234.jpg,02_deepfirearm,deepfirearm,bffe34ee13ced48420e335683d47bc5578199db9f2f94b33fdc20e151d1db1b1,,pending,,,,5
img_00005235,images/img_00005235.jpg,02_deepfirearm,deepfirearm,216e126d0c7af00cff48758a050ce0f9e077158097d57e3ab826a3419f018f97,,pending,,,,5
img_00005236,images/img_00005236.jpg,02_deepfirearm,deepfirearm,190f515d8a34a66908892b384e21e4fec6a832f2ce0519700b3afb518c510b96,,pending,,,,5
img_00005237,images/img_00005237.jpg,02_deepfirearm,deepfirearm,d81708d889966fee6c071579a9b3a410acb283fec13e1c82c2cdc1ce57782dcb,,pending,,,,5
img_00005238,images/img_00005238.jpg,02_deepfirearm,deepfirearm,11157384cf70d58cf54262ccf583fd01d8762fb1a674bc9a25b58f625f7e9f44,,pending,,,,5
img_00005239,images/img_00005239.jpg,02_deepfirearm,deepfirearm,645d3d53fee8d6929378c7de39bd40a96fd0467562b1d3e94146200c6ca5cd55,,pending,,,,5
img_00005240,images/img_00005240.jpg,02_deepfirearm,deepfirearm,deda7e69431375e64564a3e29af2ed269aec515bd0534b21ef92adf828c33e2d,,pending,,,,5
img_00005241,images/img_00005241.jpg,02_deepfirearm,deepfirearm,adb186a863216a51d7c56ed70868c23e97c50829134fdc48c5d5ecd4ec9ce686,,pending,,,,5
img_00005242,images/img_00005242.jpg,02_deepfirearm,deepfirearm,93864dee5102b75d411ff37afe87f6237356a45ddde1c836e9c33a2e69966d59,,pending,,,,5
img_00005243,images/img_00005243.jpg,02_deepfirearm,deepfirearm,6f3463bdb0b3cbfe8ed53272b2ba84141b801a483dd5aa7ba7aef94dd6d0ce86,,pending,,,,5
img_00005244,images/img_00005244.jpg,02_deepfirearm,deepfirearm,1dbce64489ed5923894222ebdfc480956c15dfc453ff404c9f619814f68f8e41,,pending,,,,5
img_00005245,images/img_00005245.jpg,02_deepfirearm,deepfirearm,d501d85631931373113415cde787a8dfd825dd6dd0f07892e99248c8d8d8df04,,pending,,,,5
img_00005246,images/img_00005246.jpg,02_deepfirearm,deepfirearm,5ef8750e4177e4cd89eb93b6dfcc55af0c479eccbf50cbaa3bacbe826090176f,,pending,,,,5
img_00005247,images/img_00005247.jpg,02_deepfirearm,deepfirearm,afd33f87f766b63129ed2d5dae5411f24acf69d3d58d6640ef5f419e9f2f17d1,,pending,,,,5
img_00005248,images/img_00005248.jpg,02_deepfirearm,deepfirearm,ed667a76687a93d8ee78e7a57bb3b8d9847d2bfc62b78a8882481f602e48ea08,,pending,,,,5
img_00005249,images/img_00005249.jpg,02_deepfirearm,deepfirearm,51f1241e7588d758b70407cd8059230ea238ed6a6f422263cb46eefe678cab07,,pending,,,,5
img_00005250,images/img_00005250.jpg,02_deepfirearm,deepfirearm,1f07aea588ad0fa208ff63b59f17e1b8844d41ad0943418a8a4fc12a87af9115,,pending,,,,5
img_00005251,images/img_00005251.jpg,02_deepfirearm,deepfirearm,663a3d75053db5e467211d4afc641133fa31e4f26c62982f1daab6249179f5c8,,pending,,,,5
img_00005252,images/img_00005252.jpg,02_deepfirearm,deepfirearm,8e9417442c599b2c49fdfe0fce5798e4edf1e49b302546a8adb336ad90ada4c9,,pending,,,,5
img_00005253,images/img_00005253.jpg,02_deepfirearm,deepfirearm,5b48017a1d4625c7a9d961652824d6e273250c4ec8e96666748597c3ffd9e513,,pending,,,,5
img_00005254,images/img_00005254.jpg,02_deepfirearm,deepfirearm,8decdd95e84d0f4fd8a17a779ae30ef8be246a10b5ad48ea07fe2ca84cde5843,,pending,,,,5
img_00005255,images/img_00005255.jpg,02_deepfirearm,deepfirearm,61699f62a88c797d639252920db56c0fa9a6a27f9b0f7f6c58a51ce4fbb2359d,,pending,,,,5
img_00005256,images/img_00005256.jpg,02_deepfirearm,deepfirearm,686d4ec1cb52b6a2d18873b9e35fe4a6aab00df953a71ab6e9177c97b9a0e17d,,pending,,,,5
img_00005257,images/img_00005257.jpg,02_deepfirearm,deepfirearm,60f04e853eb3d104feecd2c4eedaf9d8bc1701fb9b0d145eed434aba2757bd7b,,pending,,,,5
img_00005258,images/img_00005258.jpg,02_deepfirearm,deepfirearm,f46cc6d28919e93b19553fd79c7504eb18c49217601efa634a497fb5ecb804ad,,pending,,,,5
img_00005259,images/img_00005259.jpg,02_deepfirearm,deepfirearm,876eed03714c2f8e9b070f9ddf8e79ae8e156bce7e04bbbc4db5d89d318af5b7,,pending,,,,5
img_00005260,images/img_00005260.jpg,02_deepfirearm,deepfirearm,37ecd0ec5f974a8662630f400849e0aa5e940ad67cb2c04555f5156d682ae003,,pending,,,,5
img_00005261,images/img_00005261.jpg,02_deepfirearm,deepfirearm,ebe874b99f2fa64a00b5deb6e5b0c85449a196efba17e3f599e213aed386a38a,,pending,,,,5
img_00005262,images/img_00005262.jpg,02_deepfirearm,deepfirearm,3a9430d5d74d19063d2fd4fc66ce76d62ae2c9313e97473a8a6accd96d2ee827,,pending,,,,5
img_00005263,images/img_00005263.jpg,02_deepfirearm,deepfirearm,f8c0d1e99c8c4133e204a5e3efb973faafa686f044d1e28377bf15b596cc670a,,pending,,,,5
img_00005264,images/img_00005264.jpg,02_deepfirearm,deepfirearm,15342789ee799a4ae1478fc2cc79a62918fa92a6ea638a567c57a376ebeff72d,,pending,,,,5
img_00005265,images/img_00005265.jpg,02_deepfirearm,deepfirearm,f2343af3c5a695d7bf90a60baa0ad3f47f6cfffd1b74a5bfa44a960e5a8c9c72,,pending,,,,5
img_00005266,images/img_00005266.jpg,02_deepfirearm,deepfirearm,3b0cbed67bcf3142b9d269716250fdeddbfaba750c23129668dc6b1c5fe1c921,,pending,,,,5
img_00005267,images/img_00005267.jpg,02_deepfirearm,deepfirearm,dc30d3c8ce8d6c955aa74e13fd8cc138b03d5db55b25e6802a410e8a141a1e71,,pending,,,,5
img_00005268,images/img_00005268.jpg,02_deepfirearm,deepfirearm,d1e96ca155eeb757c982a797cb2b82c8e24c2aa42b5085b64366896095f1fe73,,pending,,,,5
img_00005269,images/img_00005269.jpg,02_deepfirearm,deepfirearm,3c8d448ebd3cb3132e4a7392291bf3fb7f3cfaf2cc40e42c118be9624003a4f3,,pending,,,,5
img_00005270,images/img_00005270.jpg,02_deepfirearm,deepfirearm,9746c6856574e8cad6fab7a68181755ae00e1b02d1df9d7f53a06aaf72fcc17b,,pending,,,,5
img_00005271,images/img_00005271.jpg,02_deepfirearm,deepfirearm,b477510ceb501b338cae488accdaa8694e0704c004d9f782d0697e1903713a2e,,pending,,,,5
img_00005272,images/img_00005272.jpg,02_deepfirearm,deepfirearm,7d338d8a2e8a827b7d45964737b9285a8d8002afb76583a0098bb88c09fb4369,,pending,,,,5
img_00005273,images/img_00005273.jpg,02_deepfirearm,deepfirearm,4098b7f3f79fd946a3c488ac9bdc009412d6dec635a03a48fe585176530545b2,,pending,,,,5
img_00005274,images/img_00005274.jpg,02_deepfirearm,deepfirearm,389474dcf5ce4aa167757719fd16faa1329890c8788ea610784016aed5ba4004,,pending,,,,5
img_00005275,images/img_00005275.jpg,02_deepfirearm,deepfirearm,4f4d8a612151316be1385fb60549af8c4fa7da5bfa6b2d81737e54e86e9904a4,,pending,,,,5
img_00005276,images/img_00005276.jpg,02_deepfirearm,deepfirearm,b8443aecd7e44c2312001ef08c25f5e9fd1fa0af8f6f79aecda800cb9356fa25,,pending,,,,5
img_00005277,images/img_00005277.jpg,02_deepfirearm,deepfirearm,acba6cdd05f1585b4f75ce449e6637b93c3cf1c6ff3c1a9120ff0239850cd944,,pending,,,,5
img_00005278,images/img_00005278.jpg,02_deepfirearm,deepfirearm,c4028d142e4491a08826755291a728607730b5b2f23bd1b00aed6bda9a1f1e97,,pending,,,,5
img_00005279,images/img_00005279.jpg,02_deepfirearm,deepfirearm,ce8ba69c01a4bd05fe1b8eeb1ce4c9b5122c5ed7b48f64dec43f78d2a1422413,,pending,,,,5
img_00005280,images/img_00005280.jpg,02_deepfirearm,deepfirearm,28982d34c94dac6866fe0c700a11933fa213c0daf543b4af08b8bec748188971,,pending,,,,5
img_00005281,images/img_00005281.jpg,02_deepfirearm,deepfirearm,adb641847060611ffaaed47a3c601c6668bcd96bdf66f053d59bd11774bec297,,pending,,,,5
img_00005282,images/img_00005282.jpg,02_deepfirearm,deepfirearm,5cc00ebcf630c62546b3c4458394409d16427671bb4e9612ccf0e0ed6aa3d957,,pending,,,,5
img_00005283,images/img_00005283.jpg,02_deepfirearm,deepfirearm,e80303fa4516d355e739597aa7fa90351cf8678bbd9757e7567b06aa873670ea,,pending,,,,5
img_00005284,images/img_00005284.jpg,02_deepfirearm,deepfirearm,e3d97c1b3dd6f097ba75d3771973f0cf7657c94cfe0e24163624fb1d8345d509,,pending,,,,5
img_00005285,images/img_00005285.jpg,02_deepfirearm,deepfirearm,e1247e7bf268a9667646b6662e34c22c4bc735362be6529c9ea02f539045afbf,,pending,,,,5
img_00005286,images/img_00005286.jpg,02_deepfirearm,deepfirearm,bb09a25d9324071f72968bc640dcb0a780220cb7b06409b23705902ec955d261,,pending,,,,5
img_00005287,images/img_00005287.jpg,02_deepfirearm,deepfirearm,736dfb779e2299a136a8956fddb12ec96253245bde100e75e56fca54faad8061,,pending,,,,5
img_00005288,images/img_00005288.jpg,02_deepfirearm,deepfirearm,cfe2ed07ba107e42ea3af1371ea8179f051cb5699d5a34fd7673ecbde37eec5c,,pending,,,,5
img_00005289,images/img_00005289.jpg,02_deepfirearm,deepfirearm,2e14cde691c27b3b9c8f6ee22171374103daf4a7ad920cfff836d02a66c0ed65,,pending,,,,5
img_00005290,images/img_00005290.jpg,02_deepfirearm,deepfirearm,b6c9d51fb9e9e1ff0eecaaafb1ee06c01c3e3ea30ae19b01a323b310ff97dc1b,,pending,,,,5
img_00005291,images/img_00005291.jpg,02_deepfirearm,deepfirearm,30c3cb8d5b077b85b2a71be4abdf20a4f2be04b00439d1b1d9ba7589e4128347,,pending,,,,5
img_00005292,images/img_00005292.jpg,02_deepfirearm,deepfirearm,138bd4bfbd1271fa462a8088c97db44e3bb326e742f4b2580eaea0ff0d6a77ea,,pending,,,,5
img_00005293,images/img_00005293.jpg,02_deepfirearm,deepfirearm,593683ff386e1e5cdd5864412a5f1b49bfb91ef5bf98578605d8d494f80810c6,,pending,,,,5
img_00005294,images/img_00005294.jpg,02_deepfirearm,deepfirearm,6ef0bded58dc696e93dc8df49f4eab55074fbe21a23197683c557d5fb18b0703,,pending,,,,5
img_00005295,images/img_00005295.jpg,02_deepfirearm,deepfirearm,1398e50d35e2b03ef98feaa29899f5b3804f262abddf03b3f822bc2402c4d75e,,pending,,,,5
img_00005296,images/img_00005296.jpg,02_deepfirearm,deepfirearm,69f7c20a1729b1d7e6043232260748f22a3fe48c0c6d715203f3a692dbb3fff8,,pending,,,,5
img_00005297,images/img_00005297.jpg,02_deepfirearm,deepfirearm,7d18483d22d4aa09a62f5f580805b92ce0676d505bb189173288e5fdac89ec96,,pending,,,,5
img_00005298,images/img_00005298.jpg,02_deepfirearm,deepfirearm,6dcb820aa9a76dd2a98f37ac6e38258074370e0a7cfde218cf7385c483d73c52,,pending,,,,5
img_00005299,images/img_00005299.jpg,02_deepfirearm,deepfirearm,6712596a1d4f0e68db9161bf6bd140f1898c9215c475b77fe4c2e1c29eb88cbb,,pending,,,,5
img_00005300,images/img_00005300.jpg,02_deepfirearm,deepfirearm,412000fe98a91387bb60a36e0f3971464272f8748d324ab23091ae8a720d1181,,pending,,,,5
img_00005301,images/img_00005301.jpg,02_deepfirearm,deepfirearm,9b9b4efe9b46fd4974cdf4e6d31547a6a94044f314e9cc6f3de2a807db5c73fd,,pending,,,,5
img_00005302,images/img_00005302.jpg,02_deepfirearm,deepfirearm,22f8628be767654bc5d68c42ea31cc4219148aa8dc2666bf45aedf55fbc657f8,,pending,,,,5
img_00005303,images/img_00005303.jpg,02_deepfirearm,deepfirearm,c8afdd52a7bf637b444d8d95110f557a2697fabbd6148f2fe0295410ac0eed63,,pending,,,,5
img_00005304,images/img_00005304.jpg,02_deepfirearm,deepfirearm,33060c47d546a503de742d1fe8d73d0f16a363ceee168f991cc8e99afa22925e,,pending,,,,5
img_00005305,images/img_00005305.jpg,02_deepfirearm,deepfirearm,bc75e587f51dea796b05f30ee2099d103d534cea3cd7d4c5d31df8b73ad40e96,,pending,,,,5
img_00005306,images/img_00005306.jpg,02_deepfirearm,deepfirearm,9c5086f2b3361152ae73bd6df9ddb2ccfcb73ac1d689fdd01298405563e0ca8f,,pending,,,,5
img_00005307,images/img_00005307.jpg,02_deepfirearm,deepfirearm,99e000930c88783436c430dc3690442539059948ef0a5427339247f9ac360894,,pending,,,,5
img_00005308,images/img_00005308.jpg,02_deepfirearm,deepfirearm,f1d683af87129a56715e366f64369362e5c04a9452aba7b81e6cf98d0c5b3764,,pending,,,,5
img_00005309,images/img_00005309.jpg,02_deepfirearm,deepfirearm,181f74ff1cf83b81c06e0309829ca63079cd13bf034e9e20b388293be0d761ed,,pending,,,,5
img_00005310,images/img_00005310.jpg,02_deepfirearm,deepfirearm,a3d82c729d8ab5a1c6258f5d48d4fbc16f9e9ead316ca19b66cc1486857e9742,,pending,,,,5
img_00005311,images/img_00005311.jpg,02_deepfirearm,deepfirearm,ecd9dfa707c3a9a54d56c5a58b307813c6534e710222d328af936da30f296e87,,pending,,,,5
img_00005312,images/img_00005312.jpg,02_deepfirearm,deepfirearm,bb0a026850c804c6c96a70e2d9b2d23704e67309fe8586e143b18637171a68e9,,pending,,,,5
img_00005313,images/img_00005313.jpg,02_deepfirearm,deepfirearm,674cc0a631baaf878a26166dfe1bd0ba3a5ecaf87671ca06beb4e5d633a64d25,,pending,,,,5
img_00005314,images/img_00005314.jpg,02_deepfirearm,deepfirearm,3104bd1baa14454e72f6889a6d6a52d3a20b548afffbb86e9c4e4ff032322cda,,pending,,,,5
img_00005315,images/img_00005315.jpg,02_deepfirearm,deepfirearm,0043cccd520935310478e7287eb984fb6d0e38b5dc56e584b55cfa238f191f75,,pending,,,,5
img_00005316,images/img_00005316.jpg,02_deepfirearm,deepfirearm,78a145961f578c5a1c3e5ba34480d26cb8429400208bf046786c6ba52a9f5fcc,,pending,,,,5
img_00005317,images/img_00005317.jpg,02_deepfirearm,deepfirearm,8934b36e0cb3b1c5991c56e9ee9ed89815a24fda489bf1de43deae8ef0f232e3,,pending,,,,5
img_00005318,images/img_00005318.jpg,02_deepfirearm,deepfirearm,e0a02098c71818b04de4ea21e5086f3e2ca5cbcef7d62f190d3ed23cb7accbec,,pending,,,,5
img_00005319,images/img_00005319.jpg,02_deepfirearm,deepfirearm,93b85fa2c434224a57b8b06cce9c0670bd904ada6a28df19efa9a5a7dbf02382,,pending,,,,5
img_00005320,images/img_00005320.jpg,02_deepfirearm,deepfirearm,8aa6c92958da8024fc82295aebfe4ac1927904cc2507cbb33960e794b3cf7c49,,pending,,,,5
img_00005321,images/img_00005321.jpg,02_deepfirearm,deepfirearm,8865b477bb5533baaa44885248a63dab290d7e129596e6c53b379089b1d091bc,,pending,,,,5
img_00005322,images/img_00005322.jpg,02_deepfirearm,deepfirearm,253e832982d945021ce39f9d033f7dffc944002f6f6fb687d1ae1303edc32f5f,,pending,,,,5
img_00005323,images/img_00005323.jpg,02_deepfirearm,deepfirearm,f56747df131f8f117d99ccf186d6b63c6f9f55fef45156866aac8a0ab37195ad,,pending,,,,5
img_00005324,images/img_00005324.jpg,02_deepfirearm,deepfirearm,f2ffab0a40d84982b46bd648c9f589ec89b243847cb3c8923179dbf7035b6c24,,pending,,,,5
img_00005325,images/img_00005325.jpg,02_deepfirearm,deepfirearm,a35714705a31eb5d90d3f347549f174636412b44c9a7fe5aa2549c3cb5e861e2,,pending,,,,5
img_00005326,images/img_00005326.jpg,02_deepfirearm,deepfirearm,e92b84659b2a08242727fb578d1addd2e2d8b82004885e1ddcd2b4ec22569e9f,,pending,,,,5
img_00005327,images/img_00005327.jpg,02_deepfirearm,deepfirearm,d7dd4b8807b22f3198b5c115f2f633a6ada33510dc69af8a8dd6534f036fca61,,pending,,,,5
img_00005328,images/img_00005328.jpg,02_deepfirearm,deepfirearm,82d2e988d56755e74d6f86977b9ddaf77ff76d4f1fb685a1f22d51ac5f0b959e,,pending,,,,5
img_00005329,images/img_00005329.jpg,02_deepfirearm,deepfirearm,7afa14cf3e520737af4409d100ea0bd90761f039138bfba90b1e3caf6c760ebe,,pending,,,,5
img_00005330,images/img_00005330.jpg,02_deepfirearm,deepfirearm,f5e2c0d1fabb3314242c7eae9c3f41b084045a4d73389e2cf275decefe8003c0,,pending,,,,5
img_00005331,images/img_00005331.jpg,02_deepfirearm,deepfirearm,70ecddde8ea244eff88baf9cf6355c0e7be66abff30bd13a365ab9ac525a2057,,pending,,,,5
img_00005332,images/img_00005332.jpg,02_deepfirearm,deepfirearm,031b3a680cb0f4a0a44305f9a0f5cce533c0f347dbf2dbce609db9dc10cbaa9a,,pending,,,,5
img_00005333,images/img_00005333.jpg,02_deepfirearm,deepfirearm,549b1601c4a5f7130fdc86e59398097781d1d512d5fd2d249db301d90679f629,,pending,,,,5
img_00005334,images/img_00005334.jpg,02_deepfirearm,deepfirearm,66bfa946371fb3b09d64f6f0a06c390b719724b5a489a514859e7d2daf203d3c,,pending,,,,5
img_00005335,images/img_00005335.jpg,02_deepfirearm,deepfirearm,8637cbcb2565b6a262ec8b449e31a28c2386d5b4444142e44e6f74bdca8eed68,,pending,,,,5
img_00005336,images/img_00005336.jpg,02_deepfirearm,deepfirearm,eadc497117d5bd93bcaa7054a20007227e2c6bab4687e52642b336913d9897b1,,pending,,,,5
img_00005337,images/img_00005337.jpg,02_deepfirearm,deepfirearm,cfc68a4e4ab1f83a580dd07a70677b14fa12a2719a116ca02a185bd7d9e6922a,,pending,,,,5
img_00005338,images/img_00005338.jpg,02_deepfirearm,deepfirearm,3d9ed15ca28793aa9e6b7e3f75ca1a802190e54dc7948dcca9f733f093f06e35,,pending,,,,5
img_00005339,images/img_00005339.jpg,02_deepfirearm,deepfirearm,3aca30189dabaa0498e4609c2cb41e837d5264cc27b861f103bde39f15964183,,pending,,,,5
img_00005340,images/img_00005340.jpg,02_deepfirearm,deepfirearm,45c2f058070df1ddb33da3742f6a81c7a230b172be4f9ed418e4086576413925,,pending,,,,5
img_00005341,images/img_00005341.jpg,02_deepfirearm,deepfirearm,61e512a6453bf69515db8001b9a00a671b8ac95ac87e426d3f19e5a2a3752c04,,pending,,,,5
img_00005342,images/img_00005342.jpg,02_deepfirearm,deepfirearm,0367de936c8416efb5d12ccdbcde7f261aed66f972e8c654930df5e02f524ead,,pending,,,,5
img_00005343,images/img_00005343.jpg,02_deepfirearm,deepfirearm,65fa15a06efc987bbda9544556de5ee13362c82603e9e4630d0e1b28f21b0b36,,pending,,,,5
img_00005344,images/img_00005344.jpg,02_deepfirearm,deepfirearm,c0fe9e04071e18f4dd1cfa7c5e9defd22facdf48b0fcf08c0345fcda834fa580,,pending,,,,5
img_00005345,images/img_00005345.jpg,02_deepfirearm,deepfirearm,a8a11485a3274c1b39fd12405dd55485e9728b319c1127fb85e3091355d4c1ba,,pending,,,,5
img_00005346,images/img_00005346.jpg,02_deepfirearm,deepfirearm,13c4784fa02f92efe23682801480a386472f4ff370626c5b9635166f1471e37d,,pending,,,,5
img_00005347,images/img_00005347.jpg,02_deepfirearm,deepfirearm,5e987720b9528d3554dbf445fe674ec3e8bfa0e4efd88bba53a5c9e04c71233a,,pending,,,,5
img_00005348,images/img_00005348.jpg,02_deepfirearm,deepfirearm,4c49150dba1d5544f5df8aae8dca84375284d7b89f6bfc787f1ed59f9f97e432,,pending,,,,5
img_00005349,images/img_00005349.jpg,02_deepfirearm,deepfirearm,23bedb023500dc56ad9caa0e691d94964f48d7555f13f8eb1ebd72c37de96ef8,,pending,,,,5
img_00005350,images/img_00005350.jpg,02_deepfirearm,deepfirearm,25f7f125097fc289b7381e0a8e3055564408d32558d7272670287de1f3eb3648,,pending,,,,5
img_00005351,images/img_00005351.jpg,02_deepfirearm,deepfirearm,14705a281399ae95dd4b8fe88adb3184ff437cb8fcbd04eb9bbf6b8591aec0fc,,pending,,,,5
img_00005352,images/img_00005352.jpg,02_deepfirearm,deepfirearm,33b01169b4cc7be03d97fbb3f0647166e9cfe24e5825e0426d054d312496e677,,pending,,,,5
img_00005353,images/img_00005353.jpg,02_deepfirearm,deepfirearm,3ed4ba2489fad5b88f394c0cafd852e1ca547007c77b8d69014ebe49729cfe50,,pending,,,,5
img_00005354,images/img_00005354.jpg,02_deepfirearm,deepfirearm,264956f1e62092bb22a5eff208f72106ac49d2e519f5ed3d2c798240e02f3d64,,pending,,,,5
img_00005355,images/img_00005355.jpg,02_deepfirearm,deepfirearm,3fd57bebb826556361a56d2a0bd14b0207c432fd26f9442231ab7a835d6b78b2,,pending,,,,5
img_00005356,images/img_00005356.jpg,02_deepfirearm,deepfirearm,dc80b42c66dfcd2ecf64c5222e9ad8720ea7b89027a1ad899bcfed9a19d6ec12,,pending,,,,5
img_00005357,images/img_00005357.jpg,02_deepfirearm,deepfirearm,91ede6ce8e614ccec36a8f9b20eb76e02a84b9ae4d339a7203fc7695bf9a27d7,,pending,,,,5
img_00005358,images/img_00005358.jpg,02_deepfirearm,deepfirearm,9e1ddbad93bb8ee7cfa8d2fcd1ee6fe2ec3770a0502ac57863d6e63d7f0af0ac,,pending,,,,5
img_00005359,images/img_00005359.jpg,02_deepfirearm,deepfirearm,332a13d9c60a00a2e8248327ad8d3ed707ff6b761ccd50f8811cea0b59879012,,pending,,,,5
img_00005360,images/img_00005360.jpg,02_deepfirearm,deepfirearm,81c878650b66483cd415f6b207c5063e4adec9ddcdd12eb82d8fe6e82d052a11,,pending,,,,5
img_00005361,images/img_00005361.jpg,02_deepfirearm,deepfirearm,84baaf0be54e6739e6f3bbb4a811e5f6b40cffbf50553b03231e9fd8dda470e0,,pending,,,,5
img_00005362,images/img_00005362.jpg,02_deepfirearm,deepfirearm,fdb54aceb3b3758edc03138873a44052b5071bcd8b034a45c184ecda008784fe,,pending,,,,5
img_00005363,images/img_00005363.jpg,02_deepfirearm,deepfirearm,c344cfb7d1a5ddbe686a8fbe2e944a7d84dd3576b32c8124c2de5d8f45605878,,pending,,,,5
img_00005364,images/img_00005364.jpg,02_deepfirearm,deepfirearm,f8f4d55fec3fd71d9a276d234a9653866aeb05d7b2bdfbb73fbcd0f41479b940,,pending,,,,5
img_00005365,images/img_00005365.jpg,02_deepfirearm,deepfirearm,e51fced6b426caccc26b2d63535cd4f89f3a45360bc72ce4a633a5622b9a4117,,pending,,,,5
img_00005366,images/img_00005366.jpg,02_deepfirearm,deepfirearm,05eefab3792c489983e45ff6c53538b932743a33bfe96e1e410a227d1cba4b2c,,pending,,,,5
img_00005367,images/img_00005367.jpg,02_deepfirearm,deepfirearm,ad7bdb24df9d76763ac48a9f5d5ea0fd04c69600fd6e06dca19859c55c5d71ed,,pending,,,,5
img_00005368,images/img_00005368.jpg,02_deepfirearm,deepfirearm,44f6af668ca16a426cb523611f82285862ca7cd69948d868dfbaf003ef151bf8,,pending,,,,5
img_00005369,images/img_00005369.jpg,02_deepfirearm,deepfirearm,7ac45d29daace4698edbb6a4d740550358c9dc5ea2f8ff7b3700c7ed5d606c3c,,pending,,,,5
img_00005370,images/img_00005370.jpg,02_deepfirearm,deepfirearm,aaab513204879ca7d53f89dcdaceef3699e0e3b6ccfe93b9303eee92866fb30b,,pending,,,,5
img_00005371,images/img_00005371.jpg,02_deepfirearm,deepfirearm,93e7f1e13cb477ce4c20dfe76fda543154daba18badb3a1306eee663cdbc2838,,pending,,,,5
img_00005372,images/img_00005372.jpg,02_deepfirearm,deepfirearm,82051f8c1edceea1321afd76ee95591f0bb96ce146c1ccb0710a5c167458f700,,pending,,,,5
img_00005373,images/img_00005373.jpg,02_deepfirearm,deepfirearm,c2f0b9a86f1d29890e8c4b7d138f2f3c343f6c3fb74532628433f8a628c72387,,pending,,,,5
img_00005374,images/img_00005374.jpg,02_deepfirearm,deepfirearm,c912e15a856be1ed711c41c940e2082042e4d5c49ac86a01eb35ae66fbe7cdaa,,pending,,,,5
img_00005375,images/img_00005375.jpg,02_deepfirearm,deepfirearm,4ceb2ec08c9ef650294e9295a1495a2c6aa3d380e9a8c7c894329a0aaef12b1b,,pending,,,,5
img_00005376,images/img_00005376.jpg,02_deepfirearm,deepfirearm,c60aee07c6164db6a129804214f548e52252d6c0a99edb9ae04731559216c00d,,pending,,,,5
img_00005377,images/img_00005377.jpg,02_deepfirearm,deepfirearm,ad78964f6852b48eaf0457090d040e5a34b95007beb0acc3355efce7af2b670e,,pending,,,,5
img_00005378,images/img_00005378.jpg,02_deepfirearm,deepfirearm,535ac88408e4aee2065ef6401323e6b2ac2ea5d88326ff87f9265598d1e56234,,pending,,,,5
img_00005379,images/img_00005379.jpg,02_deepfirearm,deepfirearm,0a9e1dba12a7af4a833c0860a75ac1d542c296f9d7e6c7f1f3b5fbfa1ba56e76,,pending,,,,5
img_00005380,images/img_00005380.jpg,02_deepfirearm,deepfirearm,936d097ed881769916f999b87e359d9cbc58a9f79948d42f34fc9ffd72c0116f,,pending,,,,5
img_00005381,images/img_00005381.jpg,02_deepfirearm,deepfirearm,01dbae76f8f9f84f8e1c64b4ca9894291c60a00633ac70d65ff25dc38e32670b,,pending,,,,5
img_00005382,images/img_00005382.jpg,02_deepfirearm,deepfirearm,e281f3c4f42a1d7c582a14f495db7e7e427ff4091fa9eea55c9ebb143ee82c8e,,pending,,,,5
img_00005383,images/img_00005383.jpg,02_deepfirearm,deepfirearm,b55ac515de80bea717071d691606574cfd17fad4589456017d03345514bb9777,,pending,,,,5
img_00005384,images/img_00005384.jpg,02_deepfirearm,deepfirearm,685d71a5c287541e9563f42819f85f5957a7f824d2913f52b6580c2237aa1d4d,,pending,,,,5
img_00005385,images/img_00005385.jpg,02_deepfirearm,deepfirearm,7123de14727193e057797de867a7229a7a3680b8edac891b1fe586c886d7816f,,pending,,,,5
img_00005386,images/img_00005386.jpg,02_deepfirearm,deepfirearm,8bbbcbdc0bcf53a3857c9458270c2068627c4aa382efe42adcc4239bc74d8f72,,pending,,,,5
img_00005387,images/img_00005387.jpg,02_deepfirearm,deepfirearm,3a8e9b5d3247d56ca0e06d5826ef63265040d8ed26380aad0cf9d471887b1c7a,,pending,,,,5
img_00005388,images/img_00005388.jpg,02_deepfirearm,deepfirearm,db747370948af4d7a98f3959d0c74be77072198b10a29f307be4f91757bfc4f3,,pending,,,,5
img_00005389,images/img_00005389.jpg,02_deepfirearm,deepfirearm,e3b7363c95493a524b72c4559f6dca98a331d4d42204987dbf9bfc0176f3f5ca,,pending,,,,5
img_00005390,images/img_00005390.jpg,02_deepfirearm,deepfirearm,d1b8c1fc710b9109055b2722d50d61892a61c95669601c7eb71c4d5d80f27e2f,,pending,,,,5
img_00005391,images/img_00005391.jpg,02_deepfirearm,deepfirearm,dd1b7ae59785443e3d571b561bcc67274ea22c6560bb4535cf07f2d3cbf086d3,,pending,,,,5
img_00005392,images/img_00005392.jpg,02_deepfirearm,deepfirearm,81337c00cbd54f4712ba7d8f79c224b264f973093724de099f223cd796961cdf,,pending,,,,5
img_00005393,images/img_00005393.jpg,02_deepfirearm,deepfirearm,271bca6ef4c53bfdf2c732271fa60e8bec0f2f111c13b2ecd555c058c9c3d364,,pending,,,,5
img_00005394,images/img_00005394.jpg,02_deepfirearm,deepfirearm,f5d5b5f4a64f4ddde91283e7dcfb3257c05302c44772a03919d69efb0334f8ef,,pending,,,,5
img_00005395,images/img_00005395.jpg,02_deepfirearm,deepfirearm,2b2230578950443d0506cd0270a1b21a9d5dd2c5d0f98c0319a5f45c8df8caa3,,pending,,,,5
img_00005396,images/img_00005396.jpg,02_deepfirearm,deepfirearm,fd3271b01adda1f76bbd6b4d0cae2be6bfae879cf8230a7e72dab75cbb75a569,,pending,,,,5
img_00005397,images/img_00005397.jpg,02_deepfirearm,deepfirearm,b6d850e4e919fa1c6cc2d3995d1012ad8ef6e997439b51a458d22a09c4d73de8,,pending,,,,5
img_00005398,images/img_00005398.jpg,02_deepfirearm,deepfirearm,5b51c0f301026f4360775d864b328975f8689a582cd54a66ec87f2ce2e1085f7,,pending,,,,5
img_00005399,images/img_00005399.jpg,02_deepfirearm,deepfirearm,e77b0d05ebe42d1c6735af102679e98a369343118b25d22b63e5b1c8a18f6cec,,pending,,,,5
img_00005400,images/img_00005400.jpg,02_deepfirearm,deepfirearm,de105ceb50432838d523beeded9485c7815378957078b20aee677f5301673aa8,,pending,,,,5
img_00005401,images/img_00005401.jpg,02_deepfirearm,deepfirearm,c72afefec1366ddf34993b8389184f15c4738f082c56892b4b9f29b6d117c0ae,,pending,,,,5
img_00005402,images/img_00005402.jpg,02_deepfirearm,deepfirearm,4c27758d06b770690ceb9c0f84e2a8fd4f3dea2c39cc96d3d74f46c017ecd2b3,,pending,,,,5
img_00005403,images/img_00005403.jpg,02_deepfirearm,deepfirearm,1612dc348b8ca14043339c3a89278fc301d3daf8206e97841c96a2c141a0c87a,,pending,,,,5
img_00005404,images/img_00005404.jpg,02_deepfirearm,deepfirearm,c07a9fed569681b7b1fe0a0b1c3ed3878614543bad869d8e4981b0a44514db15,,pending,,,,5
img_00005405,images/img_00005405.jpg,02_deepfirearm,deepfirearm,5da99ff4debc2bbfda9cb395cff5a8d66baf76e60675db37e25e638b8ef1b102,,pending,,,,5
img_00005406,images/img_00005406.jpg,02_deepfirearm,deepfirearm,358ec43e47e205d8154efb66c018a2f8f1c18edb7a676e8fc8d8f8065787877a,,pending,,,,5
img_00005407,images/img_00005407.jpg,02_deepfirearm,deepfirearm,2db6ab2a612eb5253d151aaa71da4d68d197d3b82289f332febabb1a8b6f1295,,pending,,,,5
img_00005408,images/img_00005408.jpg,02_deepfirearm,deepfirearm,909eda4654d8d5a8c0fe666ae231f7ed2a1f72d73377bc8f54622f6920250ca0,,pending,,,,5
img_00005409,images/img_00005409.jpg,02_deepfirearm,deepfirearm,a1a4f93fc3d3ad3b5393c42367a709c39033b8a22d06e964b403d834d49d5cc2,,pending,,,,5
img_00005410,images/img_00005410.jpg,02_deepfirearm,deepfirearm,ec55e71408a36fef74fb93162cd16ec230711aaaa99708dcd1c6f31833259759,,pending,,,,5
img_00005411,images/img_00005411.jpg,02_deepfirearm,deepfirearm,a61abcfa963fff8a25fecf651d8b155c81ab7d73d167454fb9f4ad783d63dac1,,pending,,,,5
img_00005412,images/img_00005412.jpg,02_deepfirearm,deepfirearm,f5e9fd7fa352fe3c817776e2aeb58ed178cb1fe12e2bc94bb1560309452ff498,,pending,,,,5
img_00005413,images/img_00005413.jpg,02_deepfirearm,deepfirearm,30d435b8d5bc1ba248a9356e026059610a4531eb393e38ec9e340e1d1359a42e,,pending,,,,5
img_00005414,images/img_00005414.jpg,02_deepfirearm,deepfirearm,28ca0fdcc5d92e1eca00e5c33d8cba8468abcb083f5f3ba5d7018b777496d82d,,pending,,,,5
img_00005415,images/img_00005415.jpg,02_deepfirearm,deepfirearm,f72dfef845f022f946c03dbdc020db283ca1134970a4542b6811a73855aae4bd,,pending,,,,5
img_00005416,images/img_00005416.jpg,02_deepfirearm,deepfirearm,326f874c403ea096d1876f14f2211dbe532f2cea4cb744b59c750cec7b946b6b,,pending,,,,5
img_00005417,images/img_00005417.jpg,02_deepfirearm,deepfirearm,8d3ef429541bde5771bcc3e42cd3255fa7b197087506fe90785b194b0356c604,,pending,,,,5
img_00005418,images/img_00005418.jpg,02_deepfirearm,deepfirearm,de15289ddef3aa7dde6c96580c603d0d3ce249ee1acb89beb76a779049de32bb,,pending,,,,5
img_00005419,images/img_00005419.jpg,02_deepfirearm,deepfirearm,71b1d5b28e634ba4793c52ec8f9de86fa19b6d73a9c740ff72672f32b2721dd2,,pending,,,,5
img_00005420,images/img_00005420.jpg,02_deepfirearm,deepfirearm,d841aba4784c6e36c2ad323896dfd061554b100e4049b85a8e8bb83673f73422,,pending,,,,5
img_00005421,images/img_00005421.jpg,02_deepfirearm,deepfirearm,c26130d237fcdf263914bb8ec13561608dd2b0acccfb8dbd8e96d1c122859841,,pending,,,,5
img_00005422,images/img_00005422.jpg,02_deepfirearm,deepfirearm,08adf4c7bdb8661ea4b073f4511a5b375335167e56d2cc4f160761433bba1259,,pending,,,,5
img_00005423,images/img_00005423.jpg,02_deepfirearm,deepfirearm,1de98953fdd1a613641189e8494b8a14ec0120f6fd0890a0f037c2ba24c59d96,,pending,,,,5
img_00005424,images/img_00005424.jpg,02_deepfirearm,deepfirearm,e098083895ba03c342d68fe0a5c7721401fff0fcc6a461578bd102dd05089eab,,pending,,,,5
img_00005425,images/img_00005425.jpg,02_deepfirearm,deepfirearm,af9a7f2f147a070e92c95af0230261f8ff15fa749810f3a0f516eeb5931dd4e2,,pending,,,,5
img_00005426,images/img_00005426.jpg,02_deepfirearm,deepfirearm,ef4b1a43fd0be051a43175ae2990e7c6e2537568f66e37b552c845a58910392b,,pending,,,,5
img_00005427,images/img_00005427.jpg,02_deepfirearm,deepfirearm,9d0f68fcb121f6772238f0be93dc40a0c4b8000e4692f0fb7db62ac552c0c322,,pending,,,,5
img_00005428,images/img_00005428.jpg,02_deepfirearm,deepfirearm,debf462407d6a2457e9fff11d955655f436b68f753f3142395f073bbce4c0999,,pending,,,,5
img_00005429,images/img_00005429.jpg,02_deepfirearm,deepfirearm,669707750b1c30788af887d0905b222a361e2ec151b0dcaa12cd3c1c12a33454,,pending,,,,5
img_00005430,images/img_00005430.jpg,02_deepfirearm,deepfirearm,63b8fc6f465422cdbbdba386745485e7310556aadbb9c83710f24f06e5c1c27b,,pending,,,,5
img_00005431,images/img_00005431.jpg,02_deepfirearm,deepfirearm,a240ac88ac96693a083ce933bc0a0655c641baa6094cf731d0d7bbb346d19034,,pending,,,,5
img_00005432,images/img_00005432.jpg,02_deepfirearm,deepfirearm,9a658bf87aa259abbf43f68c118242917514d781e90deefbae716fec915a5662,,pending,,,,5
img_00005433,images/img_00005433.jpg,02_deepfirearm,deepfirearm,0e070cdfe9719c628584a6d60bcd1f94b8663d09eb0d4d543b29fed0da247a0f,,pending,,,,5
img_00005434,images/img_00005434.jpg,02_deepfirearm,deepfirearm,54b5aa6031195ca3d138508cd8c45eb32679bc64a772a2d204bb893cdd728839,,pending,,,,5
img_00005435,images/img_00005435.jpg,02_deepfirearm,deepfirearm,14a039b0a32802e4e90f96d5ddd435d1513c5c032024501b30b4bb7f5f434ac7,,pending,,,,5
img_00005436,images/img_00005436.jpg,02_deepfirearm,deepfirearm,45b0d742121262fd3cdfc8fa5ab30d4aa47b699abc0194c177e98660e0f78319,,pending,,,,5
img_00005437,images/img_00005437.jpg,02_deepfirearm,deepfirearm,2b65bf06ba710fc39158b4f9bec8bc7b18c3656ddcbe62a23eb3e883be0831b4,,pending,,,,5
img_00005438,images/img_00005438.jpg,02_deepfirearm,deepfirearm,4deebfbb4b625442a3c0580689f89a6203777c0796eed78abe6dac4bb2ee7eb5,,pending,,,,5
img_00005439,images/img_00005439.jpg,02_deepfirearm,deepfirearm,d5092031af6ede21cbf93259b045e7108479ad04769d0a8198a95394954601b0,,pending,,,,5
img_00005440,images/img_00005440.jpg,02_deepfirearm,deepfirearm,7c9cff1c63b9fc0542402d6decec89ce17dc9f336a0c14f1af0b78724ab74143,,pending,,,,5
img_00005441,images/img_00005441.jpg,02_deepfirearm,deepfirearm,f4c81c44e260ecd9f118d2d0f5a6b00ce7ede151bcaa013394aa250b694e4976,,pending,,,,5
img_00005442,images/img_00005442.jpg,02_deepfirearm,deepfirearm,d09c44e096be505f6a1f8ff0e72342f0e0e891fab2e77b0e2b5e44d75b701e0e,,pending,,,,5
img_00005443,images/img_00005443.jpg,02_deepfirearm,deepfirearm,8ea67ba794bfce9f66674bf87d9b919353f5f63791ab7537d627dcf169950214,,pending,,,,5
img_00005444,images/img_00005444.jpg,02_deepfirearm,deepfirearm,bc455de6993f45e546cb3e170130baf5b92b62bc4da3c2b75f4827fb0bd0c387,,pending,,,,5
img_00005445,images/img_00005445.jpg,02_deepfirearm,deepfirearm,2cdaf059f67f386b618242808f417ade71652c46ece601093f54bf4672f95c1a,,pending,,,,5
img_00005446,images/img_00005446.jpg,02_deepfirearm,deepfirearm,ecc6f900fe2948117332b1e9ecd64035d81204461f18f9d2037eb64ceb389af6,,pending,,,,5
img_00005447,images/img_00005447.jpg,02_deepfirearm,deepfirearm,ca7f5a767e5daecc5aec38892daa594b7440692e6841cfcb368afe181512a72c,,pending,,,,5
img_00005448,images/img_00005448.jpg,02_deepfirearm,deepfirearm,ee036f6e70fb4c8cc110e3d956b98a296ddf7fc658caac8eaeaee9c553db99dc,,pending,,,,5
img_00005449,images/img_00005449.jpg,02_deepfirearm,deepfirearm,2f3e0df7453097393a0e4c898673b553a087deab49b79c18e8d5a76264ecc1e9,,pending,,,,5
img_00005450,images/img_00005450.jpg,02_deepfirearm,deepfirearm,11a405bb7b0bc4023408825cf24ad5cf77af6d0e9b5c6d983f3d44d2de50c89c,,pending,,,,5
img_00005451,images/img_00005451.jpg,02_deepfirearm,deepfirearm,108506dcb47bba455f1ec4eaf223dc5149eb0ba51af930d16e91e33acb368c37,,pending,,,,5
img_00005452,images/img_00005452.jpg,02_deepfirearm,deepfirearm,72571ed64c7e957c12b9f820785dc30844d785f263372958ec7988aa2df0502a,,pending,,,,5
img_00005453,images/img_00005453.jpg,02_deepfirearm,deepfirearm,f079ccf57ab55eb7b1c770c520756fdec94a60c12d83b05932df540329fb082f,,pending,,,,5
img_00005454,images/img_00005454.jpg,02_deepfirearm,deepfirearm,719825591aeea8b7cf08c2beb760ff173df0a75ebaefe05df39ea96165d7f771,,pending,,,,5
img_00005455,images/img_00005455.jpg,02_deepfirearm,deepfirearm,65ad74087a76b1422252be6f93da47f7e9d5b6e634882e443898d07b7ce2c647,,pending,,,,5
img_00005456,images/img_00005456.jpg,02_deepfirearm,deepfirearm,227f4705547cd07d51e659e26b265da66e98d0503c275a523a717ccb5364ce37,,pending,,,,5
img_00005457,images/img_00005457.jpg,02_deepfirearm,deepfirearm,f5a6f6d540d268cd71a42f26d75e967f39a54c8c4ad91bb50370a161cea23180,,pending,,,,5
img_00005458,images/img_00005458.jpg,02_deepfirearm,deepfirearm,0d87c81ff26f4cff05f8552f88e9e434e1b392f31ba2a2b3eded1155b9b8dfd4,,pending,,,,5
img_00005459,images/img_00005459.jpg,02_deepfirearm,deepfirearm,913d3272612e997cb96d7680858f02cf1e33973e0464d94fdda6122ab813d0ed,,pending,,,,5
img_00005460,images/img_00005460.jpg,02_deepfirearm,deepfirearm,578c9ef242bb13d936f5da4133038b4835dbab439de0a3776ad03c570a0b3e08,,pending,,,,5
img_00005461,images/img_00005461.jpg,02_deepfirearm,deepfirearm,800d2c51e0ee0b461479f18d5fb8f3f680fbfdd3cc4a9acf926bd67390f88be8,,pending,,,,5
img_00005462,images/img_00005462.jpg,02_deepfirearm,deepfirearm,bbe5960a9947954c9f369fa9ce7e5bc572ca88b0d4d3d3ff7b652c193d4dfa17,,pending,,,,5
img_00005463,images/img_00005463.jpg,02_deepfirearm,deepfirearm,c396d302869408090c0a95b40ba85b471708e72361428a61676c7de1dba00455,,pending,,,,5
img_00005464,images/img_00005464.jpg,02_deepfirearm,deepfirearm,72dae82dfba11666329e592698f1dc31301b1c52de1b72417828b1ec3fcfe4df,,pending,,,,5
img_00005465,images/img_00005465.jpg,02_deepfirearm,deepfirearm,9d75338354465050d2f7fccc556394468286c009e9302279da13859da43c7979,,pending,,,,5
img_00005466,images/img_00005466.jpg,02_deepfirearm,deepfirearm,c745602bb3260616d6eb1fd3c3571f0993a2cc9aa86e70730073bf2ff7ec9efc,,pending,,,,5
img_00005467,images/img_00005467.jpg,02_deepfirearm,deepfirearm,b18ac3e1faeb63401c5458a073f63789e552b66dde6f3f2a75cb595cd0443d5e,,pending,,,,5
img_00005468,images/img_00005468.jpg,02_deepfirearm,deepfirearm,431a60df3499adcc6e25d377013e55557cf8758dd8cf4b58c56784dfa686675e,,pending,,,,5
img_00005469,images/img_00005469.jpg,02_deepfirearm,deepfirearm,9de8503214c137e0d35e25aa232c6577ba205b08c7b27473182610e7e09af7be,,pending,,,,5
img_00005470,images/img_00005470.jpg,02_deepfirearm,deepfirearm,a7d3375a372c43177458b64183464b168178089f1a8e46610e1255a084452fe7,,pending,,,,5
img_00005471,images/img_00005471.jpg,02_deepfirearm,deepfirearm,27c5ea49ac0bd261f382c94acd97f148f85118d5b42b819d10c88dd2fe197a2f,,pending,,,,5
img_00005472,images/img_00005472.jpg,02_deepfirearm,deepfirearm,bce4d4a5e49c849dcb2c238ba44222c56a37a999bcfa7929ebafc4b423023811,,pending,,,,5
img_00005473,images/img_00005473.jpg,02_deepfirearm,deepfirearm,54e7badc1c04f8bc64a1cfe9f3e31fd95c8869618619422bc9b6406e8b775871,,pending,,,,5
img_00005474,images/img_00005474.jpg,02_deepfirearm,deepfirearm,151b508c9a013183ead48331d9b66ecb4ddf82aeb32f0c7d96a8e3442c05c448,,pending,,,,5
img_00005475,images/img_00005475.jpg,02_deepfirearm,deepfirearm,949f60722ad189551ef753cf932a8cd95caaf5aa80ec6c4e13d9a4ae43548000,,pending,,,,5
img_00005476,images/img_00005476.jpg,02_deepfirearm,deepfirearm,20ba446b8f8efd00b73dfdbb4cfe7118da1c9ccffcb3201b2e98469d05b92bd8,,pending,,,,5
img_00005477,images/img_00005477.jpg,02_deepfirearm,deepfirearm,c5e247f12e4fbb2866a79728118798b320bcf31e68281b149a6fa0bdb4b70908,,pending,,,,5
img_00005478,images/img_00005478.jpg,02_deepfirearm,deepfirearm,a4ae04018b9adb2be57509ed87f21d5e9bdbeadc6b48763e2575db3680d75a7f,,pending,,,,5
img_00005479,images/img_00005479.jpg,02_deepfirearm,deepfirearm,b6754d89f0b38c48ad313bb70dbdaba1f99e0e72a06bf23e91ebc37a38444e1b,,pending,,,,5
img_00005480,images/img_00005480.jpg,02_deepfirearm,deepfirearm,2e958c08fe1633b8c70ee370dd1202a7f0dc2320c43f364f1f7b42eb1f82b2fc,,pending,,,,5
img_00005481,images/img_00005481.jpg,02_deepfirearm,deepfirearm,4847760e6862dcf2e512c597f0d699e0e8034740b7f0d7766302da5e4f526a63,,pending,,,,5
img_00005482,images/img_00005482.jpg,02_deepfirearm,deepfirearm,404a6e3828192e3e748a154cc0f6120d58e66885c9fc22ab7cf20a4267124013,,pending,,,,5
img_00005483,images/img_00005483.jpg,02_deepfirearm,deepfirearm,2c787d83f8354099ee1089eefb01b05d42ed1b0331954e4d7af1f5de9f2fc64e,,pending,,,,5
img_00005484,images/img_00005484.jpg,02_deepfirearm,deepfirearm,3b90e9f47ed733d51739524eb926549daf80d42004266ed7fd1d7288357b4879,,pending,,,,5
img_00005485,images/img_00005485.jpg,02_deepfirearm,deepfirearm,b8c00010df6473d2c7bfe4b85c1ca8133e61757545ac808e71b0bdde0f257e67,,pending,,,,5
img_00005486,images/img_00005486.jpg,02_deepfirearm,deepfirearm,68f2371dbaa41b905be1a275261948cbb6c7fafe0c429a69728202e5b0f2191e,,pending,,,,5
img_00005487,images/img_00005487.jpg,02_deepfirearm,deepfirearm,56b7e31dbda21f9382433ab2caf28a8450d8aee542d0a8ab5fbc480d0054adec,,pending,,,,5
img_00005488,images/img_00005488.jpg,02_deepfirearm,deepfirearm,173747109292c8bbc6f2bd52e50d7e44f84cda02fdb5d8fc877265278acf5fee,,pending,,,,5
img_00005489,images/img_00005489.jpg,02_deepfirearm,deepfirearm,8822e01d849de92601b54970726e526005db660165c6f64c06154136f1b2c643,,pending,,,,5
img_00005490,images/img_00005490.jpg,02_deepfirearm,deepfirearm,b57afd726332cb895e1a371cb56e11831da6d25d4da82a2217e0d5499be4ca9f,,pending,,,,5
img_00005491,images/img_00005491.jpg,02_deepfirearm,deepfirearm,4cb2d060a75b3e3ceeb464dd597c349a57f7ec37b9e10c1e70cb3c08510c48e5,,pending,,,,5
img_00005492,images/img_00005492.jpg,02_deepfirearm,deepfirearm,c553f563c531eaa5b24a81b9347150a316a2a65dec1bfe9452b413852414e17b,,pending,,,,5
img_00005493,images/img_00005493.jpg,02_deepfirearm,deepfirearm,3fd3c80aa0e3ba8abc36e2d02ea0d69e02e8198160d52d06c7604b560952856d,,pending,,,,5
img_00005494,images/img_00005494.jpg,02_deepfirearm,deepfirearm,e8feb62dcd2e924d35dd34a710ca023c1a4939a4dc8d50e444a146462d351c06,,pending,,,,5
img_00005495,images/img_00005495.jpg,02_deepfirearm,deepfirearm,90304f4b204151dc37eb2fc6ef985b1e072034d858c7c52c3510581d43514578,,pending,,,,5
img_00005496,images/img_00005496.jpg,02_deepfirearm,deepfirearm,ea82d8d56d8b642c66f6c0668e9fe5b8df400eaa435b0691df21fe883d8438db,,pending,,,,5
img_00005497,images/img_00005497.jpg,02_deepfirearm,deepfirearm,c810641424c319fe413bfaac7e19750dcc609e614973cf3d925b7be53dc473c7,,pending,,,,5
img_00005498,images/img_00005498.jpg,02_deepfirearm,deepfirearm,019ca29966b6c3e35bbc944f671aa44334cbb927fa5cd52044d5bf51d3cbef49,,pending,,,,5
img_00005499,images/img_00005499.jpg,02_deepfirearm,deepfirearm,00f5e1098c323d28a82891dc17889f9ef91249b3689e62f1dc8cadff8d79020c,,pending,,,,5
img_00005500,images/img_00005500.jpg,02_deepfirearm,deepfirearm,27fb6ffa339b0b207be0ce6de61c200da95ab23397fc7232ac16b7d01078724d,,pending,,,,5
img_00005501,images/img_00005501.jpg,02_deepfirearm,deepfirearm,ba149203fa3cc12b425f18762e52c4ab05a1cff9ffd02141c417915e1d1af5c6,,pending,,,,5
img_00005502,images/img_00005502.jpg,02_deepfirearm,deepfirearm,76431b19ffe4f63881d6ecf1fc3e71d98a57928c28a263af39d3b5c728432994,,pending,,,,5
img_00005503,images/img_00005503.jpg,02_deepfirearm,deepfirearm,df7d7d569fe8cde40835f8c259a61ca7a7f0db30a359b3eacae25dc4e78aba59,,pending,,,,5
img_00005504,images/img_00005504.jpg,02_deepfirearm,deepfirearm,2e8e5babca59fdc23c6bc035464776c76e27844058a3011d6c5763b778b93d85,,pending,,,,5
img_00005505,images/img_00005505.jpg,02_deepfirearm,deepfirearm,5e3d6643c39a277d66020f6a8f69d677a00f104e0020ae34d58809c92770d87e,,pending,,,,5
img_00005506,images/img_00005506.jpg,02_deepfirearm,deepfirearm,3ea5f508079d85cf608b469da1be7dcd3535be622ff46ef3bd55623c0656630a,,pending,,,,5
img_00005507,images/img_00005507.jpg,02_deepfirearm,deepfirearm,2eb5fa8d41c9b53f7a2a5569dc63de645bb3cfb4d56b0daf87151762360ed254,,pending,,,,5
img_00005508,images/img_00005508.jpg,02_deepfirearm,deepfirearm,d379851b9cbb2e0fe8dfbf430a81def853c870126b31e9a79e85e584efc8ebd2,,pending,,,,5
img_00005509,images/img_00005509.jpg,02_deepfirearm,deepfirearm,83276af8af391848489dab5ada83b133bb6a903470bae41dadce87aaa820dbe3,,pending,,,,5
img_00005510,images/img_00005510.jpg,02_deepfirearm,deepfirearm,7a54b5e9fdef0b7b8d570e5f21b8d4797c39929b16f2dd180c5bf66b727698c3,,pending,,,,5
img_00005511,images/img_00005511.jpg,02_deepfirearm,deepfirearm,006d72296057c034a1082894da212637036762fae394187751188597bba278b9,,pending,,,,5
img_00005512,images/img_00005512.jpg,02_deepfirearm,deepfirearm,7500eba650ba177b47e6cd44bc85ee72542b9ba54816265ca71d84041fc83f5f,,pending,,,,5
img_00005513,images/img_00005513.jpg,02_deepfirearm,deepfirearm,2183e974825d8c86c71a8d1ec823b00f21fd5386bf00f035625412f2c9408eeb,,pending,,,,5
img_00005514,images/img_00005514.jpg,02_deepfirearm,deepfirearm,977a0dfb06cabc0245f1adec00074440e88f5703fb079aa0901d563c34fe914a,,pending,,,,5
img_00005515,images/img_00005515.jpg,02_deepfirearm,deepfirearm,bb2d86c22d98ea4433b7c5990cddcee300f97156cb336bee1a50b16e9edb11d8,,pending,,,,5
img_00005516,images/img_00005516.jpg,02_deepfirearm,deepfirearm,a295430fd2fa209e9a07e8de1a8d961a57b293988feb5dee1d8ab334bc0a4701,,pending,,,,5
img_00005517,images/img_00005517.jpg,02_deepfirearm,deepfirearm,14ebbe6bffaf2456bfebc71cc1115e91b4cf79a90ec910c782e7703c1b1c2ee7,,pending,,,,5
img_00005518,images/img_00005518.jpg,02_deepfirearm,deepfirearm,37dc31711cdce1640f0c1d16741ddda52feffb6fff9cbbbdfd771ef79f0cb3ae,,pending,,,,5
img_00005519,images/img_00005519.jpg,02_deepfirearm,deepfirearm,4c96aa5d39fb92136c8955c2d04cb686159dc4a7ff2b145e01dfdaca9c15deef,,pending,,,,5
img_00005520,images/img_00005520.jpg,02_deepfirearm,deepfirearm,74aa0bc0d9b459395d721f22a7d86c7da21e61f336be698973dc5b18c083b28e,,pending,,,,5
img_00005521,images/img_00005521.jpg,02_deepfirearm,deepfirearm,48f08c5e95987576a246e80d4531de6ddc5de9b402f4fdaefd518a22365a6d87,,pending,,,,5
img_00005522,images/img_00005522.jpg,02_deepfirearm,deepfirearm,d042c23f8c8ddfbbb5817edf60765a35d59b696f21d92d3a6d5da8ed6f84334d,,pending,,,,5
img_00005523,images/img_00005523.jpg,02_deepfirearm,deepfirearm,ec11b60a1888ef0519b79cbd6605eb0b60f0046fae30d30119846c50ea422d31,,pending,,,,5
img_00005524,images/img_00005524.jpg,02_deepfirearm,deepfirearm,19d153ec6ab232028ecbc25a1acb1acba136575a5c1c10712a123875edb3635c,,pending,,,,5
img_00005525,images/img_00005525.jpg,02_deepfirearm,deepfirearm,0367e59a2a306456b87b0acd27c7a6c2234ae9c9e8ac84cecef6548897c58fc5,,pending,,,,5
img_00005526,images/img_00005526.jpg,02_deepfirearm,deepfirearm,619dddd441e6ee6abca08fadcd861d641c5950b8be86b38f61813979007f71c0,,pending,,,,5
img_00005527,images/img_00005527.jpg,02_deepfirearm,deepfirearm,6092739923f4c0230313fa65a521b3bbad2f0dbc1310083e87a231e2763c16b2,,pending,,,,5
img_00005528,images/img_00005528.jpg,02_deepfirearm,deepfirearm,4ecff64b7823720f0a5c00d7490e036142a884759cb850b7182b6e0b94255275,,pending,,,,5
img_00005529,images/img_00005529.jpg,02_deepfirearm,deepfirearm,1a3d9456d6908ca3bf4a80e226a7f0b2f63a9a86d38e1e79c19764a8ce53a67d,,pending,,,,5
img_00005530,images/img_00005530.jpg,02_deepfirearm,deepfirearm,a36fba6d61f88d22345947f2bb73a2bca40e718837fce9185eb0695e8c9ce05f,,pending,,,,5
img_00005531,images/img_00005531.jpg,02_deepfirearm,deepfirearm,3efa251dd9ddbdc40e65aa2b3e982b8b4222295f55f3ac71c726f48d91553113,,pending,,,,5
img_00005532,images/img_00005532.jpg,02_deepfirearm,deepfirearm,395dd5dd123db2d75d8b04b8ee99eb8b194b4b4756ac5ae1fbe01f63d12b2093,,pending,,,,5
img_00005533,images/img_00005533.jpg,02_deepfirearm,deepfirearm,605d0379f5926f34bf0a926a1951a236d97b37e964001d64996b0f7b2af4a47a,,pending,,,,5
img_00005534,images/img_00005534.jpg,02_deepfirearm,deepfirearm,a5acfda3dd09793f92aca42a9f9a3bf9f96c68b7122c4adde3d45cf0de02403d,,pending,,,,5
img_00005535,images/img_00005535.jpg,02_deepfirearm,deepfirearm,9d7eadeecf9fa44b384b4027cd314083ecf16bf07814ba687dc8c62915a78e3e,,pending,,,,5
img_00005536,images/img_00005536.jpg,02_deepfirearm,deepfirearm,ef801bf96acf987ef75961e0bde0b2486937287c5daafff67c2c9881ca27d93b,,pending,,,,5
img_00005537,images/img_00005537.jpg,02_deepfirearm,deepfirearm,ada517f7eff77802006215532cb82eaea56b06581335d0a965d6a10ff2041960,,pending,,,,5
img_00005538,images/img_00005538.jpg,02_deepfirearm,deepfirearm,dfec64cbeac2ec1353a23a969cfcc6accd2f776ad2b79bd64e37cee770648c00,,pending,,,,5
img_00005539,images/img_00005539.jpg,02_deepfirearm,deepfirearm,20330b8b6a7f0beba833a575cfa834c9f8e0acb70eefec79620656a2cf47f398,,pending,,,,5
img_00005540,images/img_00005540.jpg,02_deepfirearm,deepfirearm,4dc05f8c24455046674ae3b8bef2b0cbfd416fa1bbe7903b87db921d4ec42c5f,,pending,,,,5
img_00005541,images/img_00005541.jpg,02_deepfirearm,deepfirearm,824d19aacb58717ea55f68f60874057914ce69fa430da2c02ef11bde02b841d6,,pending,,,,5
img_00005542,images/img_00005542.jpg,02_deepfirearm,deepfirearm,83f701dd4c0d450fd1a84b5acfbbf7e34eb1725ab511a53f369b56f3db90047b,,pending,,,,5
img_00005543,images/img_00005543.jpg,02_deepfirearm,deepfirearm,c91709f41091708a5704fd4b1f794402193a54f347be915fe4d23bf8ab576389,,pending,,,,5
img_00005544,images/img_00005544.jpg,02_deepfirearm,deepfirearm,96176a8994ed3dfdc49b86dc0b3cd350779d51d4366e9fc38bb769f8a7820c97,,pending,,,,5
img_00005545,images/img_00005545.jpg,02_deepfirearm,deepfirearm,672aaac6ca403a4457c55d1b3d60d6344d3d519b643f655582b45d8c5f8f85cf,,pending,,,,5
img_00005546,images/img_00005546.jpg,02_deepfirearm,deepfirearm,58160c1255a281725ae5060bdc93dd20746b40ce00c6adff6f9326ea3192709d,,pending,,,,5
img_00005547,images/img_00005547.jpg,02_deepfirearm,deepfirearm,295788c95dddb5f791b0a788e67e378cbd77b85aa869403ae8808078e32ca59b,,pending,,,,5
img_00005548,images/img_00005548.jpg,02_deepfirearm,deepfirearm,ceab97fb161d3881faf27542e5a1d524f134d744e4b0cfa4b10e6c88e6341908,,pending,,,,5
img_00005549,images/img_00005549.jpg,02_deepfirearm,deepfirearm,0a1310abd277beb4c019655e0e3ce06fd416fb9b8377fa371912f69be5e7df54,,pending,,,,5
img_00005550,images/img_00005550.jpg,02_deepfirearm,deepfirearm,39bfacbeafdfa4d19525472e8a66a69d0eaf2b8f7cb493f25a2d61f3121b897f,,pending,,,,5
img_00005551,images/img_00005551.jpg,02_deepfirearm,deepfirearm,c129bd1d50b9b0674d750b7d352d5b2f5cecd936121253701c432eaa5e6bdaee,,pending,,,,5
img_00005552,images/img_00005552.jpg,02_deepfirearm,deepfirearm,360fb9b172ae5c8c38c2ef9a8f66d03338417bf5345c243c21a4ef5646068089,,pending,,,,5
img_00005553,images/img_00005553.jpg,02_deepfirearm,deepfirearm,69191ebbd267da87408f247f521980d06f00eaf45303d64d4a5e311981166be2,,pending,,,,5
img_00005554,images/img_00005554.jpg,02_deepfirearm,deepfirearm,dcf3a927040c83d7ffaa22721f14dea8f2c244d96ae73b3cb31b79ffb2081691,,pending,,,,5
img_00005555,images/img_00005555.jpg,02_deepfirearm,deepfirearm,427fa4192d1f7c760daaa2e0c543d08a6dfe2586de3e87c30106cd597aabc824,,pending,,,,5
img_00005556,images/img_00005556.jpg,02_deepfirearm,deepfirearm,76fc2db95f30a1a8f972f433e0b1869ef117c4b4dac37dbfdd784e65ea0f033b,,pending,,,,5
img_00005557,images/img_00005557.jpg,02_deepfirearm,deepfirearm,e2043976b98f2b01119c8951ec104df41e06db052c06a0595529929e8b437a03,,pending,,,,5
img_00005558,images/img_00005558.jpg,02_deepfirearm,deepfirearm,cf891b78f381f796be2113ab4685e29343195b18ec4e2e4a1a0dcb2b1189cc6d,,pending,,,,5
img_00005559,images/img_00005559.jpg,02_deepfirearm,deepfirearm,6b589063f41326f3b0b4b53f7830371cb648b4f7297aa6881e3abe0b083421ee,,pending,,,,5
img_00005560,images/img_00005560.jpg,02_deepfirearm,deepfirearm,17b96f564b08077256f319dad968760e29126ef300bb2f7db2ab66a683599a9c,,pending,,,,5
img_00005561,images/img_00005561.jpg,02_deepfirearm,deepfirearm,250710dd2d81043e935e7ca504e3ad6551ae87624d93a7d5e53d1a972b584ec1,,pending,,,,5
img_00005562,images/img_00005562.jpg,02_deepfirearm,deepfirearm,638cb3b4ae03f89834027193fe0fd6812eae27d945a36529a0adcd5f2d1027da,,pending,,,,5
img_00005563,images/img_00005563.jpg,02_deepfirearm,deepfirearm,8d9404565f53a737f01ba75e2289d0d8f8fa2a118d042e9919181a27992a418b,,pending,,,,5
img_00005564,images/img_00005564.jpg,02_deepfirearm,deepfirearm,9c798755a6a57020f7275962cd142172b6f7814451fed24f41a153f644524fa3,,pending,,,,5
img_00005565,images/img_00005565.jpg,02_deepfirearm,deepfirearm,9e723667dc0f9db8d84c3d35e3cfe926d95e130ecf2f9e9d60048cb639e14f81,,pending,,,,5
img_00005566,images/img_00005566.jpg,02_deepfirearm,deepfirearm,72b55bed646d57783922ae83e97041093df645b105d42af77a2832ab1eb1dd1e,,pending,,,,5
img_00005567,images/img_00005567.jpg,02_deepfirearm,deepfirearm,61eb3cc7620675c3d14557432a808e45ed3440b65ac3b6e0ad38cd25ed1dd043,,pending,,,,5
img_00005568,images/img_00005568.jpg,02_deepfirearm,deepfirearm,b1198521497b25e8bd7dbd7ec4fcf8907beae240f48255700b16cb25a9ccd8cc,,pending,,,,5
img_00005569,images/img_00005569.jpg,02_deepfirearm,deepfirearm,f0b42f24ec23fe3c0bf2ed8fdbc63670800e10d8662239e218d07790e9876dfe,,pending,,,,5
img_00005570,images/img_00005570.jpg,02_deepfirearm,deepfirearm,754f350c4d49f630d0a2a1b4a65d15d3eab807f0d35cbd0d3a6c33bbe238ce17,,pending,,,,5
img_00005571,images/img_00005571.jpg,02_deepfirearm,deepfirearm,dd9ce28ad3a4db1b13be0645b3fa1fb17dec9c0177dd1dc9ed2c28395c87a877,,pending,,,,5
img_00005572,images/img_00005572.jpg,02_deepfirearm,deepfirearm,ec45d5853a5490999758efec94c2fe2975e6b188c2343ed424d3ee9a0f847d56,,pending,,,,5
img_00005573,images/img_00005573.jpg,02_deepfirearm,deepfirearm,a8d63d788c266d74a97dad2985042fb2184636993e6c934dd7582d26998251d5,,pending,,,,5
img_00005574,images/img_00005574.jpg,02_deepfirearm,deepfirearm,e2384b8bc89330dc34aee72d663f55a0a9183c68ce807d2d87a00a8e19136cfc,,pending,,,,5
img_00005575,images/img_00005575.jpg,02_deepfirearm,deepfirearm,b2cf3ea4c38484e4ef5541e7558081c1cb82d94f5cb63c27d5c40178d237e395,,pending,,,,5
img_00005576,images/img_00005576.jpg,02_deepfirearm,deepfirearm,db374f2f0fa3020ab59b3b08bc4d8c250db305130c3b22399f8b1d907f811662,,pending,,,,5
img_00005577,images/img_00005577.jpg,02_deepfirearm,deepfirearm,a06bb6194d577187a38cda5a980ea39e59de969cb4469ab1f1f7d262f83614ad,,pending,,,,5
img_00005578,images/img_00005578.jpg,02_deepfirearm,deepfirearm,9c79e96ffc54b141f01b77a788957cd07caf13ae5eec752a8aa9e915b866b8d3,,pending,,,,5
img_00005579,images/img_00005579.jpg,02_deepfirearm,deepfirearm,0a66c7d658e98c7f1de2d8bf6433f0047b6efb3735117809c1ca75341ec3cf71,,pending,,,,5
img_00005580,images/img_00005580.jpg,02_deepfirearm,deepfirearm,c4e251a5ff8fc72f0e74c7632a959a94d77e5da64289ece10d9988217ee873a4,,pending,,,,5
img_00005581,images/img_00005581.jpg,02_deepfirearm,deepfirearm,646b1cf65a2b99128f6e3862b1f4e59b4749d22c3c2cb91b3360d6873934ef43,,pending,,,,5
img_00005582,images/img_00005582.jpg,02_deepfirearm,deepfirearm,56b92a55b7753ca7d80d6e74a2d3652a684ded45bdcfbbfde46cef5034beead7,,pending,,,,5
img_00005583,images/img_00005583.jpg,02_deepfirearm,deepfirearm,e4fd0488a96852d078f450e7abeb6066a7d1e1030973d7bf7703be57f1b41203,,pending,,,,5
img_00005584,images/img_00005584.jpg,02_deepfirearm,deepfirearm,738fb4203ab8473052da78244f721045a7ca3c7e1a2ccec82489a484b5139fc0,,pending,,,,5
img_00005585,images/img_00005585.jpg,02_deepfirearm,deepfirearm,a68f2cd6b5adb5ceb4c087838adb2bea8b57bd21bbab0a5a373ca89c5e1131d1,,pending,,,,5
img_00005586,images/img_00005586.jpg,02_deepfirearm,deepfirearm,583a9e2275f82f1250d61ce2921616b15f7752c05d6f8409f343f852d7422224,,pending,,,,5
img_00005587,images/img_00005587.jpg,02_deepfirearm,deepfirearm,5635293667ad9946f8f5a06aff47dc546aab4ca6b6d663ec0e731eb23072c3c1,,pending,,,,5
img_00005588,images/img_00005588.jpg,02_deepfirearm,deepfirearm,e43b1f4c4a27011334f285ca0b7db6c440e9e2cd2e08ec56b552fbe88f1c9cbd,,pending,,,,5
img_00005589,images/img_00005589.jpg,02_deepfirearm,deepfirearm,b6439bccbbd8f43883a221f5aabe33c5c208e3b983047467b882031fb56078f9,,pending,,,,5
img_00005590,images/img_00005590.jpg,02_deepfirearm,deepfirearm,80af58f2039e4b4fb3a1ada97d3480bd795e36dac74381bf0d79c24ad0acf133,,pending,,,,5
img_00005591,images/img_00005591.jpg,02_deepfirearm,deepfirearm,fb7ff1e6d657684872dec444372d06db8fc8880a575dc2e914b7a23cd37d700c,,pending,,,,5
img_00005592,images/img_00005592.jpg,02_deepfirearm,deepfirearm,f276d6beacb2a2f2e0fa11b86583faa596f0d4e61739c64fea592f55d01daac9,,pending,,,,5
img_00005593,images/img_00005593.jpg,02_deepfirearm,deepfirearm,d3c43a9b7024fdec582b11830ec807af96ca4e4e75f1a47d55627de5aa1add98,,pending,,,,5
img_00005594,images/img_00005594.jpg,02_deepfirearm,deepfirearm,b6910483cfafdfebaa8d3cf2ec42de0378621655b32d2d5a1a14c4df3e9881d9,,pending,,,,5
img_00005595,images/img_00005595.jpg,02_deepfirearm,deepfirearm,e6854e277cfc1395ba7b5a92dd34ddc6a340936dc4828ac1610b1d788fcd3749,,pending,,,,5
img_00005596,images/img_00005596.jpg,02_deepfirearm,deepfirearm,f419bb1d85e55e55d62e3b469008e77221e2d4b6f207dde9e3df2e4510dfef7d,,pending,,,,5
img_00005597,images/img_00005597.jpg,02_deepfirearm,deepfirearm,6d101cbf9a8954530dbb636c245c501cc2c22168dba033ca9267563a1d6e8ed4,,pending,,,,5
img_00005598,images/img_00005598.jpg,02_deepfirearm,deepfirearm,eb45d792a63d717f6110fdf961be7da26b8cbb7c20ab98689dea52957daaaf43,,pending,,,,5
img_00005599,images/img_00005599.jpg,02_deepfirearm,deepfirearm,811f293201ab018f29e064f4076d7f520d69c120b77105d92753dc976debcbe4,,pending,,,,5
img_00005600,images/img_00005600.jpg,02_deepfirearm,deepfirearm,476883f94b3519be68c60f734183479e9b4c5a9c8131cc805db74ef6497d1827,,pending,,,,5
img_00005601,images/img_00005601.jpg,02_deepfirearm,deepfirearm,c1231f403fb572abd5fd36c69210c763f9df265d3cbbe25059938e8018f634ed,,pending,,,,5
img_00005602,images/img_00005602.jpg,02_deepfirearm,deepfirearm,368dbbe0f1aeeb92bcc36c617606dda264b8fb2c140c3c4ae9f5a5a600959d49,,pending,,,,5
img_00005603,images/img_00005603.jpg,02_deepfirearm,deepfirearm,c41781d82ec877c3d575bd89692e03269858c19cd657821e176547a7da157172,,pending,,,,5
img_00005604,images/img_00005604.jpg,02_deepfirearm,deepfirearm,d87b798d98d850ceeaf3e4290b780fc29cdb7afb8e4063c34c1354cb780b3d10,,pending,,,,5
img_00005605,images/img_00005605.jpg,02_deepfirearm,deepfirearm,118d09e1c1416e05b23d57869bb56e704ba6fee00e1a3ae858feddaccec614a3,,pending,,,,5
img_00005606,images/img_00005606.jpg,02_deepfirearm,deepfirearm,297644c84a92b193339326e48f406e98edd73d3955a98c31c925a705b1585c10,,pending,,,,5
img_00005607,images/img_00005607.jpg,02_deepfirearm,deepfirearm,0e2b866c1aa023cc4a6caee6ae16b37aefab10ed7f140cac1d834d5251afcf7e,,pending,,,,5
img_00005608,images/img_00005608.jpg,02_deepfirearm,deepfirearm,dc4df709703fd2e471490d202ad8a27c4a79c5f40a249227b3079e4f8d9a6da1,,pending,,,,5
img_00005609,images/img_00005609.jpg,02_deepfirearm,deepfirearm,ec7477d991ad67203d2e8afb883a7a6402d235fcb9252a1b9ed61c41486efa38,,pending,,,,5
img_00005610,images/img_00005610.jpg,02_deepfirearm,deepfirearm,1a5aac6521d9536ff811810fbb225331e9d09f926368209fa3a5c895fba969b2,,pending,,,,5
img_00005611,images/img_00005611.jpg,02_deepfirearm,deepfirearm,308cf622b89955ddcda3e7cd55dbe09e44b56d8f9a1441b5276000e6327b8a90,,pending,,,,5
img_00005612,images/img_00005612.jpg,02_deepfirearm,deepfirearm,e0bf2994cbd486c88c6d2254908824c0bafb128d57f72bfd47ce2f092b555832,,pending,,,,5
img_00005613,images/img_00005613.jpg,02_deepfirearm,deepfirearm,8bba04eec517c61ff82c2448d3131212d2a23d2a067dbce40f8e767a3e862e80,,pending,,,,5
img_00005614,images/img_00005614.jpg,02_deepfirearm,deepfirearm,73f29f8e359d96b2d6a56951e27b8412b17acf81c16638afbb6f4ad00492ac07,,pending,,,,5
img_00005615,images/img_00005615.jpg,02_deepfirearm,deepfirearm,7cad0fa78a10295210383767edeb87ac95a83c9bdd5ac075288fd2e3fba6a766,,pending,,,,5
img_00005616,images/img_00005616.jpg,02_deepfirearm,deepfirearm,a4763ea4c6fb3192e38d85a340b28a6d5c992341748c07d9f89f6e53ddaf13ea,,pending,,,,5
img_00005617,images/img_00005617.jpg,02_deepfirearm,deepfirearm,deff6e31b9e025b2b5ce229e11a4248ba4f2f5968e42a54c41b3515f7f63874b,,pending,,,,5
img_00005618,images/img_00005618.jpg,02_deepfirearm,deepfirearm,6ce4428fa69e93b6a1a97ecf3be3948a5f74c12d4bb5cadfb1d488a030b99f75,,pending,,,,5
img_00005619,images/img_00005619.jpg,02_deepfirearm,deepfirearm,2d1ebba3fd1508877895addfe5ac694052ec56e420673dc9d3263701e4c84741,,pending,,,,5
img_00005620,images/img_00005620.jpg,02_deepfirearm,deepfirearm,9347d6c935aa330a5caaa11cb09b606b6949d32dfb017234e338edb3471879c6,,pending,,,,5
img_00005621,images/img_00005621.jpg,02_deepfirearm,deepfirearm,4e4bacd2b2f8f8d711625020a051cc490bae407a0aed9a4a5ae876e7e702fb6b,,pending,,,,5
img_00005622,images/img_00005622.jpg,02_deepfirearm,deepfirearm,3b71e471cecc3d901f11336f8de29eb7dd53c1bfd0478477fc7c33d80a447326,,pending,,,,5
img_00005623,images/img_00005623.jpg,02_deepfirearm,deepfirearm,bbc7168d4935682ce1331fb258b8e8b03de0f855f05c22dd1d08285a0b6a8934,,pending,,,,5
img_00005624,images/img_00005624.jpg,02_deepfirearm,deepfirearm,469e5fa46e48ad8122d83331249c4a42b23faec5058f23a3b618e7ab7ed54b51,,pending,,,,5
img_00005625,images/img_00005625.jpg,02_deepfirearm,deepfirearm,2b933b3d71c0ccb0dd802d8f69e599c6eafed23d4232583fa0d3a5d42ccb8e54,,pending,,,,5
img_00005626,images/img_00005626.jpg,02_deepfirearm,deepfirearm,a444a40150465824cf46b330d290dba51bb5f08b4e5f11a5996aed10e0bb4a61,,pending,,,,5
img_00005627,images/img_00005627.jpg,02_deepfirearm,deepfirearm,5be3dffce14c7cdccd9dda300964b085005f6dc142b8c1a39970ab8b32289412,,pending,,,,5
img_00005628,images/img_00005628.jpg,02_deepfirearm,deepfirearm,78fd0071caaf5da200073ad340d2c4c1db465c0674720683a16b4ae61fed7b53,,pending,,,,5
img_00005629,images/img_00005629.jpg,02_deepfirearm,deepfirearm,d167dc8ecddf7f9e1ed7cf250ef1a36275ff82b9069460d2b80adaf4c31f9312,,pending,,,,5
img_00005630,images/img_00005630.jpg,02_deepfirearm,deepfirearm,a24c863fae36e3599438929c6e2b2ea270b48975f1b7c20bcad82b82d82919e2,,pending,,,,5
img_00005631,images/img_00005631.jpg,02_deepfirearm,deepfirearm,df15b724844d6b72184f0fd29610beb9ac73dc4248c4e6a8165a4644d5840bf4,,pending,,,,5
img_00005632,images/img_00005632.jpg,02_deepfirearm,deepfirearm,f8f3db8f969d39672171d4a632b7fec2b55a23d84d703a039189199073d09764,,pending,,,,5
img_00005633,images/img_00005633.jpg,02_deepfirearm,deepfirearm,1e007fc579c652cd57641c45644d3bbf36a51ee42ce727a6f9f325dcd83c4ba0,,pending,,,,5
img_00005634,images/img_00005634.jpg,02_deepfirearm,deepfirearm,535fbb88a66f8d28a54afe205cd5a191077fffb87596eddd257cdb15f74618ca,,pending,,,,5
img_00005635,images/img_00005635.jpg,02_deepfirearm,deepfirearm,5df62f86a7aeca9a6281f34a60bda6b052ccbd4f3944293d9f799a515be1cbb5,,pending,,,,5
img_00005636,images/img_00005636.jpg,02_deepfirearm,deepfirearm,0baecf90826a57bef464aebbf8f4325d5c3e85b3350359aab3d06601632c71ee,,pending,,,,5
img_00005637,images/img_00005637.jpg,02_deepfirearm,deepfirearm,c5141b963571d5d0eca91f4387840046ed517ceea7c7856af285500d7449f05a,,pending,,,,5
img_00005638,images/img_00005638.jpg,02_deepfirearm,deepfirearm,47935f627ef50207c952f986c4f6bfc7968d32bc1b98a576bc9c4a229141ea7d,,pending,,,,5
img_00005639,images/img_00005639.jpg,02_deepfirearm,deepfirearm,aca5b4249d314b07d203cbe8c121b9078485d3593d1c92b05bcabba047c3eddc,,pending,,,,5
img_00005640,images/img_00005640.jpg,02_deepfirearm,deepfirearm,e86c226cb2d545fda54a96b70e6f7a1eed8f60b4014a9ff07805fb9fcfef4c29,,pending,,,,5
img_00005641,images/img_00005641.jpg,02_deepfirearm,deepfirearm,17a8741cfb5d73700cf252d2a7181112a1c601d65d2ab41dfff9786117ae919b,,pending,,,,5
img_00005642,images/img_00005642.jpg,02_deepfirearm,deepfirearm,a9c375bfcaafe91cbb6ddab5ba505a4bd09f912178acbe8dc3a9e9a5f038f6fa,,pending,,,,5
img_00005643,images/img_00005643.jpg,02_deepfirearm,deepfirearm,979cc0dfbad1837d43ba65da7bc7c653d7810d694254257d9c308326cd8ea5e5,,pending,,,,5
img_00005644,images/img_00005644.jpg,02_deepfirearm,deepfirearm,62519178bc0dc14a2eedb63fbbd3dbfa2553d851950a3aef0daf32c855bd9887,,pending,,,,5
img_00005645,images/img_00005645.jpg,02_deepfirearm,deepfirearm,ef833d489d120594d7669c8999dd12ba9876adba7285bf979d425d0c9d7731c7,,pending,,,,5
img_00005646,images/img_00005646.jpg,02_deepfirearm,deepfirearm,93f4cd37e95d672dcd98c6ba55f84af11a98b4ddcacae433259e900030ed23b0,,pending,,,,5
img_00005647,images/img_00005647.jpg,02_deepfirearm,deepfirearm,a600abc8096d96d43c1db8bd7ada8f1dd42f0e7ca5361e9b691a6b4eaaf2f897,,pending,,,,5
img_00005648,images/img_00005648.jpg,02_deepfirearm,deepfirearm,6d2eaa7945d80ce43e44e8f3a806b4eb3603c25fca04323b20c4a35356ab88ec,,pending,,,,5
img_00005649,images/img_00005649.jpg,02_deepfirearm,deepfirearm,7913de79e32a5d8bf7f6e6405dedb49394fc4d9c0d389bfae9b6485c52a86768,,pending,,,,5
img_00005650,images/img_00005650.jpg,02_deepfirearm,deepfirearm,e50c5e064fa957f43372c721ea6adf479360375d78ccbd943b2b6eef1536af3a,,pending,,,,5
img_00005651,images/img_00005651.jpg,02_deepfirearm,deepfirearm,f370cf355b8e9ec8db6aeb480bef0cadc92f80a19f74b731aa966ad32d1ec6df,,pending,,,,5
img_00005652,images/img_00005652.jpg,02_deepfirearm,deepfirearm,14ee902363f2d935654553b126aaea8e462b570640f4720f3977fe7a297b58b0,,pending,,,,5
img_00005653,images/img_00005653.jpg,02_deepfirearm,deepfirearm,98fc3bfee69b970f880a819a879465ada8595d7c10e9a891587e3045390e8d19,,pending,,,,5
img_00005654,images/img_00005654.jpg,02_deepfirearm,deepfirearm,b0faac78a2bd6c9f375021faba2d08929a09b594c3e94a17568b600899a1d5bc,,pending,,,,5
img_00005655,images/img_00005655.jpg,02_deepfirearm,deepfirearm,0fe530abfa84413ef2f1773696f87daa7cbd87c3eb5d0616e7fcba0ca696a0d6,,pending,,,,5
img_00005656,images/img_00005656.jpg,02_deepfirearm,deepfirearm,6aba42adad138d40ef67c0d7a168d9878522f2230c63160a4c0ea2e1962988c7,,pending,,,,5
img_00005657,images/img_00005657.jpg,02_deepfirearm,deepfirearm,4757a08b7f6d408e20216c8c2e70f05a7c517d99c5ab012cc7b1cd7d23950fb7,,pending,,,,5
img_00005658,images/img_00005658.jpg,02_deepfirearm,deepfirearm,65f24e604d3bc43311848ab93bae65bd0f3f88769df793c85c8e7e76244d9134,,pending,,,,5
img_00005659,images/img_00005659.jpg,02_deepfirearm,deepfirearm,c7b4ec0c95525e2fe7d7ddb75b9cbeaf9e895a10622407ff5da2e96ea217c3c1,,pending,,,,5
img_00005660,images/img_00005660.jpg,02_deepfirearm,deepfirearm,7aaaa56831f3e28040d8e97858a7a244ded0c9830769763697781f7d0ed38452,,pending,,,,5
img_00005661,images/img_00005661.jpg,02_deepfirearm,deepfirearm,d44f02a4fb900f0b86b85ce840649c8d4126e30d263b591b832545ac7b1b8ec0,,pending,,,,5
img_00005662,images/img_00005662.jpg,02_deepfirearm,deepfirearm,1420fe8e6b6200b7e54efbdc812119e3daec70d8f875a06bacc78a67db538967,,pending,,,,5
img_00005663,images/img_00005663.jpg,02_deepfirearm,deepfirearm,8c12468c45309383bfac078d114f0e97fa43774308fd41e45edc644d7f970c82,,pending,,,,5
img_00005664,images/img_00005664.jpg,02_deepfirearm,deepfirearm,2494512a02971a4caa7a5452d6419b7d3467ef707c829837a0cefc0a52f5ece4,,pending,,,,5
img_00005665,images/img_00005665.jpg,02_deepfirearm,deepfirearm,d0ec8e34808d28629c262796b8b59aa189d4ddb14aa7900fffea9fe1d71262a9,,pending,,,,5
img_00005666,images/img_00005666.jpg,02_deepfirearm,deepfirearm,2920dbc898ab18dc2bbd6938c22995be9834ff194addbe6b04e29e8ad8102be2,,pending,,,,5
img_00005667,images/img_00005667.jpg,02_deepfirearm,deepfirearm,7753f2d11b227f0d1cd26985913ccbfdb0b8d494b5e367b5d343843849fbec11,,pending,,,,5
img_00005668,images/img_00005668.jpg,02_deepfirearm,deepfirearm,83c7d9ac36e61bed91f8eacacb9e36d9e3f422a1e28faa13cdb2fd67c41a8a70,,pending,,,,5
img_00005669,images/img_00005669.jpg,02_deepfirearm,deepfirearm,5ad203f183482242679956490018a13d3034dfc9a23daec1568f52d40a86210c,,pending,,,,5
img_00005670,images/img_00005670.jpg,02_deepfirearm,deepfirearm,d895df13c3dcc6e3d1d9c19686af52f18e51f1d575926623d8c07f7045647e1d,,pending,,,,5
img_00005671,images/img_00005671.jpg,02_deepfirearm,deepfirearm,c5506cc57b8c0062b335a8c52ebf3ae7757495a485269102054eb31a0b6e1788,,pending,,,,5
img_00005672,images/img_00005672.jpg,02_deepfirearm,deepfirearm,fee22875826c5b3c2b602b30b4e1acff1c37f8dc6253eed3be17da7d57d39b5e,,pending,,,,5
img_00005673,images/img_00005673.jpg,02_deepfirearm,deepfirearm,07a80aff4873a38c25cdd7629dd7fd8d5f66f89b9cfb093407b9a557e59ff1b3,,pending,,,,5
img_00005674,images/img_00005674.jpg,02_deepfirearm,deepfirearm,0e810c532136d7422df831658685461eac9f1317315efb1a5fd7c9a11dc1b687,,pending,,,,5
img_00005675,images/img_00005675.jpg,02_deepfirearm,deepfirearm,c5196878aa539f000cc91dbf51fdd1cd4e694143434883f7a77174dd605710ef,,pending,,,,5
img_00005676,images/img_00005676.jpg,02_deepfirearm,deepfirearm,16b2bb282067f0981ad0279f8ab77108f52789b16de2850da9a23c386ce18176,,pending,,,,5
img_00005677,images/img_00005677.jpg,02_deepfirearm,deepfirearm,49640d2bcbad1898ba30f9dd2f3c63eaa5be3b6606b6568f48ecd330de05a855,,pending,,,,5
img_00005678,images/img_00005678.jpg,02_deepfirearm,deepfirearm,6911aef6b042befa02acdaf1ad6dd368f53d2efd3816e5488007faec4b09d882,,pending,,,,5
img_00005679,images/img_00005679.jpg,02_deepfirearm,deepfirearm,e25996af19209734e49b49795811984a366a59352936324f807d4c327ab474ad,,pending,,,,5
img_00005680,images/img_00005680.jpg,02_deepfirearm,deepfirearm,79d5e65db53365c00e72187a044e0b03fa8348f6eb4529e6b5ae6f5aa99418f2,,pending,,,,5
img_00005681,images/img_00005681.jpg,02_deepfirearm,deepfirearm,a200278ca967e4fd7a95b4dfd6819b24cc400fddb47f8deb45d612dbd3153b70,,pending,,,,5
img_00005682,images/img_00005682.jpg,02_deepfirearm,deepfirearm,1b229b140c32b26d41776028773caaa32d00f6beaba050c8887b6d2232769e68,,pending,,,,5
img_00005683,images/img_00005683.jpg,02_deepfirearm,deepfirearm,04523e3ad93bbd728a3cea8be0870a63797d376c8c9f7c8c0cd7ae230236e542,,pending,,,,5
img_00005684,images/img_00005684.jpg,02_deepfirearm,deepfirearm,bdcb061e43db29ab371d5131da882f4d375d5c4161fb27819262edca0d916c36,,pending,,,,5
img_00005685,images/img_00005685.jpg,02_deepfirearm,deepfirearm,7ea076c6988345a9576dfb08014a5630cc51153d5d9070b9b06a7e0311df7fa2,,pending,,,,5
img_00005686,images/img_00005686.jpg,02_deepfirearm,deepfirearm,cbbffcbfa217d8786d447fbb2c7183489a54b77772d74accf75b49d73adc67ba,,pending,,,,5
img_00005687,images/img_00005687.jpg,02_deepfirearm,deepfirearm,3e50a7d703ee25fd2e0a8721682e124414f65f002506ebc137246cec9f5a0033,,pending,,,,5
img_00005688,images/img_00005688.jpg,02_deepfirearm,deepfirearm,18bed2d3f3d011d0fff6f0f5bf726314cca1205b05664977efbf31310a01de36,,pending,,,,5
img_00005689,images/img_00005689.jpg,02_deepfirearm,deepfirearm,300396254842b9d3ac88dd486764349d9b3e0fc55ffad7f6bd425fd94f3ac6ce,,pending,,,,5
img_00005690,images/img_00005690.jpg,02_deepfirearm,deepfirearm,8938e6afb2c2cb7516661a5fedbe6e6d30626bbd95fc69a68e96b990e34681ae,,pending,,,,5
img_00005691,images/img_00005691.jpg,02_deepfirearm,deepfirearm,55214c5dce08e6d6df733abc99543024e57e5fe5c0d200c261d5e33da484b537,,pending,,,,5
img_00005692,images/img_00005692.jpg,02_deepfirearm,deepfirearm,84571355850edf72ea0ea65cb2597529b7946e715a545c2adb4d6aa4dedfdf08,,pending,,,,5
img_00005693,images/img_00005693.jpg,02_deepfirearm,deepfirearm,c1cd354c5efe6acedaff39dc549705becaa5bd29c6ec7df4efbe69beb8225855,,pending,,,,5
img_00005694,images/img_00005694.jpg,02_deepfirearm,deepfirearm,200ebd037633d13e60ccc9b84ee993901f0a164d4fe7a4c6165c734cb9a22f49,,pending,,,,5
img_00005695,images/img_00005695.jpg,02_deepfirearm,deepfirearm,b24fc385c23ab9131eb3e06a2e50888ad4240296362a0bf854ca7b6c50e12fd2,,pending,,,,5
img_00005696,images/img_00005696.jpg,02_deepfirearm,deepfirearm,f022da5541cd6f39a9d5601131bec238167f5c9d802e6def69f2b9a88916591f,,pending,,,,5
img_00005697,images/img_00005697.jpg,02_deepfirearm,deepfirearm,78cd0174e9abd7c724ffc0f9c27ad7282c7e9135e38dfa55d32cd552bb017710,,pending,,,,5
img_00005698,images/img_00005698.jpg,02_deepfirearm,deepfirearm,7de6b8c504833cac1cb1ddbd7549d84cc60ccd59be0b14ea2fa70de6a7dc9d3b,,pending,,,,5
img_00005699,images/img_00005699.jpg,02_deepfirearm,deepfirearm,20b0b51bd14f0654640f4a35e271ba2fa76fa9925b7ef88879329f047c003308,,pending,,,,5
img_00005700,images/img_00005700.jpg,02_deepfirearm,deepfirearm,2f50dadaa37542deab977fca783fe81e126115780b760b273bc7253daeab0f50,,pending,,,,5
img_00005701,images/img_00005701.jpg,02_deepfirearm,deepfirearm,eb162fac6c6086c1844c5ff6a6039ace812064f0e1c0c2b7bdb7dfb4b6f12771,,pending,,,,5
img_00005702,images/img_00005702.jpg,02_deepfirearm,deepfirearm,abc9e3423ff9826d55cbf8ce015c45b7de5b9330570a53f17bf82c04ea7b8e36,,pending,,,,5
img_00005703,images/img_00005703.jpg,02_deepfirearm,deepfirearm,924d0b8114501d9b5bfeb19e2fad8b0a6af8d31ccbb49a7ad8b93987a9681097,,pending,,,,5
img_00005704,images/img_00005704.jpg,02_deepfirearm,deepfirearm,9de0d473638b96e5978ae0c00d45f1b6f0f0f539d3474b725b11c3b60bdd8bc1,,pending,,,,5
img_00005705,images/img_00005705.jpg,02_deepfirearm,deepfirearm,1423a8a0df8e97cb669af590d67cee0225614cfe38d872e16fa84bfc299c897c,,pending,,,,5
img_00005706,images/img_00005706.jpg,02_deepfirearm,deepfirearm,22c94fecc091cd3c38b81a1afffabdb79ecee84e922fdddb6a0e90bf41b666ad,,pending,,,,5
img_00005707,images/img_00005707.jpg,02_deepfirearm,deepfirearm,c949ef1e0be6f9dba096aeb2850f014426bcd4cefb1928ea65ffc5e3362a3f08,,pending,,,,5
img_00005708,images/img_00005708.jpg,02_deepfirearm,deepfirearm,5f79e2c3ed376cf2d2478b029be74789fa9c7e0adcfe88470e5cd451d38f4044,,pending,,,,5
img_00005709,images/img_00005709.jpg,02_deepfirearm,deepfirearm,cda707cb81373a4f5d2a29eb0714543a2ac9f059ab57f87923886e753f007aed,,pending,,,,5
img_00005710,images/img_00005710.jpg,02_deepfirearm,deepfirearm,9d218d43fada4dae07cb3193b0d67e2bbfb1eeac2ea6e70de158d25de9e4a0f3,,pending,,,,5
img_00005711,images/img_00005711.jpg,02_deepfirearm,deepfirearm,2660c804a1ee85bbf3bc72e79d1532b7905c94b7b8ebbac5b9372dcf529f845e,,pending,,,,5
img_00005712,images/img_00005712.jpg,02_deepfirearm,deepfirearm,79ece206c511ee4844df88e6df4d1c8b444baac73ee0f38ed98d6b8d0e5a4d73,,pending,,,,5
img_00005713,images/img_00005713.jpg,02_deepfirearm,deepfirearm,bb3de555b31b3ca70015498d511ea9cba0cb70bc66199a690815db573cfb8c96,,pending,,,,5
img_00005714,images/img_00005714.jpg,02_deepfirearm,deepfirearm,029d107ea0e85684c81e6b432de768acda7d6f50d547aa37420ca3d84f2a74ad,,pending,,,,5
img_00005715,images/img_00005715.jpg,02_deepfirearm,deepfirearm,9febe0de3aea9a68e97f2b31ab9a5fcdb52f43dc7fc89463a7ad81dea2ab150d,,pending,,,,5
img_00005716,images/img_00005716.jpg,02_deepfirearm,deepfirearm,39d394a47ebeb81084ddb0f86cb8ac51df58d278ca7d5ec64f9cad415afc7829,,pending,,,,5
img_00005717,images/img_00005717.jpg,02_deepfirearm,deepfirearm,bbe108980eb69cfc4da73380df39b4ef703944ea04e7d0ffc87d02b4f28210e0,,pending,,,,5
img_00005718,images/img_00005718.jpg,02_deepfirearm,deepfirearm,ca05f4b7050c1ee8bbdb2eb77d2fbf149202e02fbe269a1d7914e34c63042cb7,,pending,,,,5
img_00005719,images/img_00005719.jpg,02_deepfirearm,deepfirearm,e560338027a25b8bf30e3252320268ec2a1eedd084b70d088973977c115a824d,,pending,,,,5
img_00005720,images/img_00005720.jpg,02_deepfirearm,deepfirearm,831c212f57f63fea056ef14d79f206ce377388783a544ecd9c782956c890bb7d,,pending,,,,5
img_00005721,images/img_00005721.jpg,02_deepfirearm,deepfirearm,e238a0ac5d377bcb08001d040e0036e59a780e637f4aa13a574d7f02324e17e6,,pending,,,,5
img_00005722,images/img_00005722.jpg,02_deepfirearm,deepfirearm,5abad9eb8357b27e80dcb82f80fdba68fd2e181007ee328b05468c21c9de27f3,,pending,,,,5
img_00005723,images/img_00005723.jpg,02_deepfirearm,deepfirearm,b0273899fcedad33120b1a1c72f5f7a0af40295e3b9070c9c766ec03d37b4c5c,,pending,,,,5
img_00005724,images/img_00005724.jpg,02_deepfirearm,deepfirearm,4500e5e10375c1d33ccedd21cd3a0e5b78228ccd1a6bcce0f4822736671c9e3a,,pending,,,,5
img_00005725,images/img_00005725.jpg,02_deepfirearm,deepfirearm,a2fe13f424bf6da70c92b95c07d5502147ad42c6fee03fdd7262b2373c04f33b,,pending,,,,5
img_00005726,images/img_00005726.jpg,02_deepfirearm,deepfirearm,34285a3968b23330d399f34d69160b8ccf2d5415be33e8be652cfce453be9503,,pending,,,,5
img_00005727,images/img_00005727.jpg,02_deepfirearm,deepfirearm,76b5c073b2496061e4b26beb43ee451dacc5bc2f4dab2051970d0a492ec417d6,,pending,,,,5
img_00005728,images/img_00005728.jpg,02_deepfirearm,deepfirearm,f3341b4c69ec64447af3b742529fcbcdeffbdb1c6bd79c070b89bf343bd3c96f,,pending,,,,5
img_00005729,images/img_00005729.jpg,02_deepfirearm,deepfirearm,3656759af4a4d056085eb4e8cb7bf6ccfa0742caf5ed05b411736d6fbec864ea,,pending,,,,5
img_00005730,images/img_00005730.jpg,02_deepfirearm,deepfirearm,1054a5ddeca7014a73f5473a9d427b4babdf84399232e0140b5fb587b2231cc3,,pending,,,,5
img_00005731,images/img_00005731.jpg,02_deepfirearm,deepfirearm,e25c771b27deb0e8d461245fafeee79e5c7ab3f361b5c855eaa2fed4e4266f27,,pending,,,,5
img_00005732,images/img_00005732.jpg,02_deepfirearm,deepfirearm,7b7535c275774cec65672dc82e2c8081bc378fc958bfdc01fe020a73dd37cc31,,pending,,,,5
img_00005733,images/img_00005733.jpg,02_deepfirearm,deepfirearm,666e2e53daf61d563f9398d5fab42a17d6b78a0a7c8af615009d5062975cf3ef,,pending,,,,5
img_00005734,images/img_00005734.jpg,02_deepfirearm,deepfirearm,13821fdc282f9a810c0ce4612a99ce0e0fb4b701ca6117b4811a14d187a18d88,,pending,,,,5
img_00005735,images/img_00005735.jpg,02_deepfirearm,deepfirearm,36cf60cc55d639ef95c32a888198e64d5f188ff5d48eedd2f65c57a0e16bc456,,pending,,,,5
img_00005736,images/img_00005736.jpg,02_deepfirearm,deepfirearm,3931dd85a6588cdae603a449081269d58077353685637e3c72b3283e2b65925a,,pending,,,,5
img_00005737,images/img_00005737.jpg,02_deepfirearm,deepfirearm,4009e167022cb09feb31d05d1afc2b5b4dab542b75101aba0b26d41160b9bb25,,pending,,,,5
img_00005738,images/img_00005738.jpg,02_deepfirearm,deepfirearm,f7e1b6f2487960217042db53ecfd82b765cfe23fda0c158eb59dc9f4429aafef,,pending,,,,5
img_00005739,images/img_00005739.jpg,02_deepfirearm,deepfirearm,b9273556d85c4f47e33690f906399e1e9ed582f03d5fdffb7e411b9ea90f4d5a,,pending,,,,5
img_00005740,images/img_00005740.jpg,02_deepfirearm,deepfirearm,0ffba2bd1f909d8b744018bd4dc72737c1c821a052ff8fb2316fd00d11a939c2,,pending,,,,5
img_00005741,images/img_00005741.jpg,02_deepfirearm,deepfirearm,3b0a3f27599f73fe1589b50a574a0ba833e3fd9229b92c522b858d437c57293c,,pending,,,,5
img_00005742,images/img_00005742.jpg,02_deepfirearm,deepfirearm,af5d3148848a740c90e0e1d3ae9d34bfdbf17766d8bea3b4bff5a483e4ade883,,pending,,,,5
img_00005743,images/img_00005743.jpg,02_deepfirearm,deepfirearm,05487c3bd0fad94669398c4bfc895f37b68b5b0f3d3973f7247e0062ee76d69c,,pending,,,,5
img_00005744,images/img_00005744.jpg,02_deepfirearm,deepfirearm,3103ad4b33e0ae92149893ac7c1b89aa03683bb376b2cd627868e40779739e79,,pending,,,,5
img_00005745,images/img_00005745.jpg,02_deepfirearm,deepfirearm,5e2fc2b473dc7810fcb462b6cb01b03ffa3c132d291b91e460c46657e856a69f,,pending,,,,5
img_00005746,images/img_00005746.jpg,02_deepfirearm,deepfirearm,77f376d03e5e4abb753c53d3deec6cfba5e2a6bbcb31b7be6b65dc6fd4db6fd8,,pending,,,,5
img_00005747,images/img_00005747.jpg,02_deepfirearm,deepfirearm,5ce1f599a852c9ae31ed9fe3697656da9e7050edeab17fe6a4fc05c04187636c,,pending,,,,5
img_00005748,images/img_00005748.jpg,02_deepfirearm,deepfirearm,d2337df40e901e100575c4df02a6c60b3e4a7b2a4bf947d14a86437646b7e4d4,,pending,,,,5
img_00005749,images/img_00005749.jpg,02_deepfirearm,deepfirearm,a0cbf4d04e314ccbcb74c920bf61c55a9c966c763cc00b45f923101213ecf80e,,pending,,,,5
img_00005750,images/img_00005750.jpg,02_deepfirearm,deepfirearm,3c2d067da2fe921bbdc744183385dfd47179f80a89231acd295044e396355631,,pending,,,,5
img_00005751,images/img_00005751.jpg,02_deepfirearm,deepfirearm,76184a12bf164b1dc44faaa71c9e84336ce56a6c1579b1d61ab7119772e9f2e8,,pending,,,,5
img_00005752,images/img_00005752.jpg,02_deepfirearm,deepfirearm,c6514901c82e1338ac88288891d36825abe5db7c3b24c1c8f47f3f383ea8eeef,,pending,,,,5
img_00005753,images/img_00005753.jpg,02_deepfirearm,deepfirearm,b10ec3691888a9cd67bec1df6a0410f7ff8b2c4c4bf64e6408bb206c009842b0,,pending,,,,5
img_00005754,images/img_00005754.jpg,02_deepfirearm,deepfirearm,010578969fdb102c68d994f030f5d42d455568235a1e49556c1099ce1dfa9df5,,pending,,,,5
img_00005755,images/img_00005755.jpg,02_deepfirearm,deepfirearm,05c59bf2ce7178b336bfb39def923832becaad971c2b10d5261b92f024437a94,,pending,,,,5
img_00005756,images/img_00005756.jpg,02_deepfirearm,deepfirearm,6d8df51dac328fd3c0a7f02da912e7cea777df642ba09afc8945c95bd28c991d,,pending,,,,5
img_00005757,images/img_00005757.jpg,02_deepfirearm,deepfirearm,38ce3a81c52100bb45a57b5df39fbbc4cd0f81215788391d868a4e6cdff80cec,,pending,,,,5
img_00005758,images/img_00005758.jpg,02_deepfirearm,deepfirearm,f2a35091773f368926e3a59e8f60360a180bd93477492b84be14c293ac9bcf1a,,pending,,,,5
img_00005759,images/img_00005759.jpg,02_deepfirearm,deepfirearm,7b094b7c516e8ac783dcc95e41fc516dc9e6c765e51e29146efb47013ae1fe91,,pending,,,,5
img_00005760,images/img_00005760.jpg,02_deepfirearm,deepfirearm,c3918a1d066d3e1d16bf6a1a93d3d08af8631b8b4ea052dcb39177024ff106fb,,pending,,,,5
img_00005761,images/img_00005761.jpg,02_deepfirearm,deepfirearm,fa792d9dfa4a83e8a05d6c2c1f2c4a5c592ba63c5e13f752911e942328a6626a,,pending,,,,5
img_00005762,images/img_00005762.jpg,02_deepfirearm,deepfirearm,c4ab74949c4e8d7ae70c8945e6518ee945c96b4fdf9a63f21a8c055a4489ed99,,pending,,,,5
img_00005763,images/img_00005763.jpg,02_deepfirearm,deepfirearm,c26204997186b39fb0d6c20c79fd526041264ea874b1e69b36077145c8e77992,,pending,,,,5
img_00005764,images/img_00005764.jpg,02_deepfirearm,deepfirearm,b7716e5d9d5c7b1735ca0b4d94b8fbfd641a8f786ff0b93967c674232a19e807,,pending,,,,5
img_00005765,images/img_00005765.jpg,02_deepfirearm,deepfirearm,269cfc0437e8da1d2d3420eaafdd431e49739ac4b008fcdda11b89dc670d17a0,,pending,,,,5
img_00005766,images/img_00005766.jpg,02_deepfirearm,deepfirearm,24177cb6ee854850d1337b5c2009c2c1fe2e15267f655c88d195dcbd66b7869f,,pending,,,,5
img_00005767,images/img_00005767.jpg,02_deepfirearm,deepfirearm,e8977051426312d622bf334a2f3e221bf4232e0462fb0c3314795617cf55435f,,pending,,,,5
img_00005768,images/img_00005768.jpg,02_deepfirearm,deepfirearm,602d1d6cb5bd454e96f4b3d7b1ed2ce27c350f632bec1abd1ad24b054931f03c,,pending,,,,5
img_00005769,images/img_00005769.jpg,02_deepfirearm,deepfirearm,445ad324bd4e990020ecc9bca123214f1fc20518e3644430ca2216d205c21d8b,,pending,,,,5
img_00005770,images/img_00005770.jpg,02_deepfirearm,deepfirearm,f986d9220cbad8bd4e451b6747cf9ba849f51ad7d9f36b7d91a71d07115055c1,,pending,,,,5
img_00005771,images/img_00005771.jpg,02_deepfirearm,deepfirearm,4605819ad8958bf9004481573ba2b9ab730067e613fa7e92302d73254c7b3a48,,pending,,,,5
img_00005772,images/img_00005772.jpg,02_deepfirearm,deepfirearm,2a180ba3ba97752f97b02f4cb6479e6594d5f7332305f92f90b228c28b5e6b45,,pending,,,,5
img_00005773,images/img_00005773.jpg,02_deepfirearm,deepfirearm,ba08fdf5eb543b01d6dbe105ddc3173318ba9d6221a00612fd17dda31286cb61,,pending,,,,5
img_00005774,images/img_00005774.jpg,02_deepfirearm,deepfirearm,2eb538717a441f545108b0bb96edb8b1483c75f317d9ad7bb7cb7ba87a1e20c8,,pending,,,,5
img_00005775,images/img_00005775.jpg,02_deepfirearm,deepfirearm,6073aa494f83faf74fc9d5ea552058166a77981b02f38c5a677c0573373ab3d4,,pending,,,,5
img_00005776,images/img_00005776.jpg,02_deepfirearm,deepfirearm,0ac9f04c732a5bce5e9c0d4fe39c5d345e3f3d523dc03bf2df0b7f0966cb42ee,,pending,,,,5
img_00005777,images/img_00005777.jpg,02_deepfirearm,deepfirearm,1af76ad468b68313b5b42576d2930e486bbc88c662f3aeb2c33a17a8c70a9eb8,,pending,,,,5
img_00005778,images/img_00005778.jpg,02_deepfirearm,deepfirearm,551e5a2a6ff3e3ed70abceab3a5fd3c7f0b87669e5a34d1a2069ad9822f9ef53,,pending,,,,5
img_00005779,images/img_00005779.jpg,02_deepfirearm,deepfirearm,fc68120f236a2b8fb024326b1c423b066e101c18328d515f1c4c0c3d448531e9,,pending,,,,5
img_00005780,images/img_00005780.jpg,02_deepfirearm,deepfirearm,cf510b591e692b554bd60ace34abec54af544f27de7f1293b24bb09461e5930b,,pending,,,,5
img_00005781,images/img_00005781.jpg,02_deepfirearm,deepfirearm,2e371ea1bbfa4cc8142981ada9fa17d9861cbb5a4ec6d7d9009f6d7f5e229c40,,pending,,,,5
img_00005782,images/img_00005782.jpg,02_deepfirearm,deepfirearm,124aa14ece6739c2a6ab6709a2487a959d951aea1102bfa3f95e57594b7b85f5,,pending,,,,5
img_00005783,images/img_00005783.jpg,02_deepfirearm,deepfirearm,9e67803ee0cb598c82d4a3adf5fecad0fa94acafef5d43bb7b83ed660f11e020,,pending,,,,5
img_00005784,images/img_00005784.jpg,02_deepfirearm,deepfirearm,e1b014945c8394f3ebcc860a152cbcc63ba778dd57298ac228b1c587eb23bca1,,pending,,,,5
img_00005785,images/img_00005785.jpg,02_deepfirearm,deepfirearm,b39b738576b5d808d8d4aa0255a5d82bde1f6b78058bcc965688e4dcde9641e8,,pending,,,,5
img_00005786,images/img_00005786.jpg,02_deepfirearm,deepfirearm,556cc6dbd883e120b68ef3ea88be0664429802fd45bdf928267db9771f42483a,,pending,,,,5
img_00005787,images/img_00005787.jpg,02_deepfirearm,deepfirearm,5632eb2dbc4a87499e61256a5bb94ab9cee8396fcc986a49a69d0d894ec0ec9d,,pending,,,,5
img_00005788,images/img_00005788.jpg,02_deepfirearm,deepfirearm,bee73e9ca947c87de24e595876f72300409a43a071462d52b8d30a02a8aa1488,,pending,,,,5
img_00005789,images/img_00005789.jpg,02_deepfirearm,deepfirearm,7d22fb46a5bebd82fe458588646e7dc3ad8899c71bfbe3ec9bcc566e72d73240,,pending,,,,5
img_00005790,images/img_00005790.jpg,02_deepfirearm,deepfirearm,1a377be78692864b366d7b312928b3f0c98495481926b78a3e3c89c248b7a376,,pending,,,,5
img_00005791,images/img_00005791.jpg,02_deepfirearm,deepfirearm,c0860e3d1ca650929d29534dd1b731500447fc4f96ceeec007c6578932ce0b15,,pending,,,,5
img_00005792,images/img_00005792.jpg,02_deepfirearm,deepfirearm,c7323ad1c54ac0e327a5dc59ac08c5af109f13eb350cd2b199ec9a14fe668b86,,pending,,,,5
img_00005793,images/img_00005793.jpg,02_deepfirearm,deepfirearm,d2c24151d78c87a7ec829406445d496aea6e0c36fccada8d4ecf27238574626f,,pending,,,,5
img_00005794,images/img_00005794.jpg,02_deepfirearm,deepfirearm,7a5beaf9fc6a962d5ed474080adac95453d172eff5da27b4d48c6fc8c431ec90,,pending,,,,5
img_00005795,images/img_00005795.jpg,02_deepfirearm,deepfirearm,c2c864e58a545599c3ff56b438137de1ac6a9a802f89796ffdf3ca26e68044ef,,pending,,,,5
img_00005796,images/img_00005796.jpg,02_deepfirearm,deepfirearm,bba7ba2169ea70942b9ae40592d21dbb1800a660c01b432a23f9c14f67d2054c,,pending,,,,5
img_00005797,images/img_00005797.jpg,02_deepfirearm,deepfirearm,4f758447705454f0b0554e9d97e117605518c70169c10ef1296da8a37daecdbf,,pending,,,,5
img_00005798,images/img_00005798.jpg,02_deepfirearm,deepfirearm,19770fa7a7751f01c2e0a7b6fcf54e2d74f74bf6817cee8b3165638452706d6a,,pending,,,,5
img_00005799,images/img_00005799.jpg,02_deepfirearm,deepfirearm,8ed991527ffcc33b08539c2fe76084914306b0dfdead2e34f522fc694e9521b2,,pending,,,,5
img_00005800,images/img_00005800.jpg,02_deepfirearm,deepfirearm,4a1f942cdb3696038560d560b3ee4723b68010caba0b8498f2a43a97a77ac2fb,,pending,,,,5
img_00005801,images/img_00005801.jpg,02_deepfirearm,deepfirearm,3bdc44d792071025c6ae8a6f013d146fea9e6f1b0c7ba9d75ccdedea02e009e6,,pending,,,,5
img_00005802,images/img_00005802.jpg,02_deepfirearm,deepfirearm,25db04893d117c6910717ffe1e3a8886d2f81ed531b01428e04dc28280c0aed1,,pending,,,,5
img_00005803,images/img_00005803.jpg,02_deepfirearm,deepfirearm,79a0108261381cb4ab11257dce429d9c5e3f0d0256d8c383d5ca1eeca29e1f2a,,pending,,,,5
img_00005804,images/img_00005804.jpg,02_deepfirearm,deepfirearm,b0573e581b619398bf4094ece570ee613d2617acf9ab699455866667c0758951,,pending,,,,5
img_00005805,images/img_00005805.jpg,02_deepfirearm,deepfirearm,08bd58eb0177e1444319e5b3c2dfca808a6495f278b74717004310947432d3f0,,pending,,,,5
img_00005806,images/img_00005806.jpg,02_deepfirearm,deepfirearm,09d1f1455b733f6416f81a3d17b6ab2ea5613c6ee28928a59f60c27c5945db55,,pending,,,,5
img_00005807,images/img_00005807.jpg,02_deepfirearm,deepfirearm,368d7a8c85c973708e5ac6e11e9105d27e82f8356b7dd1a1a51522e824f3c101,,pending,,,,5
img_00005808,images/img_00005808.jpg,02_deepfirearm,deepfirearm,ddfddb04254a1c2a0a5a8909b60f13bbeaca7ef6cc105a9e84eaf06d86a3c189,,pending,,,,5
img_00005809,images/img_00005809.jpg,02_deepfirearm,deepfirearm,e2d9e121565725361e7201291e0ee47c223ff4d7f31b8eac92c7d01e15b3b733,,pending,,,,5
img_00005810,images/img_00005810.jpg,02_deepfirearm,deepfirearm,961add0fb401be71c380601dbba9f0670956ec692503328f9220abbef53d3d89,,pending,,,,5
img_00005811,images/img_00005811.jpg,02_deepfirearm,deepfirearm,12719f29d67a69a8f6b01beab92158615c5e706be292e8fc887b628aa05a0ff1,,pending,,,,5
img_00005812,images/img_00005812.jpg,02_deepfirearm,deepfirearm,36d626b68fdabbec1ed3d74865678d23431e3ba3badce15a20c9ded3dc894c71,,pending,,,,5
img_00005813,images/img_00005813.jpg,02_deepfirearm,deepfirearm,7ce9f644070e2e8f74feefeb9ea9b31bb7aa4b51cbc761a77c139dad9c7ba7e8,,pending,,,,5
img_00005814,images/img_00005814.jpg,02_deepfirearm,deepfirearm,acf6400d6ba013f53ef4794734d2d4bb85befc5d4352b0cf5eb5b40185efc495,,pending,,,,5
img_00005815,images/img_00005815.jpg,02_deepfirearm,deepfirearm,fcc240dead7ddca9e828d9cb662afdaec639d651385320835d099b5033d533f8,,pending,,,,5
img_00005816,images/img_00005816.jpg,02_deepfirearm,deepfirearm,a56a60850a1825dae22591f7633a0b6f5c8282a0b3c7e296b12aaca4572d2f90,,pending,,,,5
img_00005817,images/img_00005817.jpg,02_deepfirearm,deepfirearm,e2789d3c9eb1d3f05ef6effb9cc5d491458a4cf2eb3caa293ea3ca841cfda0f0,,pending,,,,5
img_00005818,images/img_00005818.jpg,02_deepfirearm,deepfirearm,a5793e8b467e4a445c020bef81a4fc9f5f07fae14acd60f72275a884eec3c0d1,,pending,,,,5
img_00005819,images/img_00005819.jpg,02_deepfirearm,deepfirearm,ae6f2d467a7e642c9e75536ffa7648c8def1f72b1a558523177c84106e80bb98,,pending,,,,5
img_00005820,images/img_00005820.jpg,02_deepfirearm,deepfirearm,cd540bc3a8c5f55b18b21dfd428421c475a818eb7efceb1cdef0a13c5166c5e3,,pending,,,,5
img_00005821,images/img_00005821.jpg,02_deepfirearm,deepfirearm,df17cb61b30d78c88b3c997a58991aa1b80a7a042ee806b370122b27d76569b6,,pending,,,,5
img_00005822,images/img_00005822.jpg,02_deepfirearm,deepfirearm,fb9ebf538bf192cc8d9c578a22798d90933657afbae900c32b5e561e43a7d15c,,pending,,,,5
img_00005823,images/img_00005823.jpg,02_deepfirearm,deepfirearm,32d8f32b5145cfd3ee2c336ac792293867bfcc4529d162c803374c2671f0cfc4,,pending,,,,5
img_00005824,images/img_00005824.jpg,02_deepfirearm,deepfirearm,75ff2352d1045dd022c98eb2026691afbceab9bd05ab69be15ac5121c98d263a,,pending,,,,5
img_00005825,images/img_00005825.jpg,02_deepfirearm,deepfirearm,f8e105c2abf8d372015fe55e5649c105d2a68cc89867a9c9217124fc70cbceb4,,pending,,,,5
img_00005826,images/img_00005826.jpg,02_deepfirearm,deepfirearm,86737bd00e79495cdc685a94dee20deb1799470905093ace1f14e037e8c18cde,,pending,,,,5
img_00005827,images/img_00005827.jpg,02_deepfirearm,deepfirearm,82256a7cab6b7f04ae531fc23246c27cc93e6bc4bacaae16baddcdd1d646e2e0,,pending,,,,5
img_00005828,images/img_00005828.jpg,02_deepfirearm,deepfirearm,90498f17fd04b72892a1090abe786c9ccd057570d9c64673700e7766cf7aefdf,,pending,,,,5
img_00005829,images/img_00005829.jpg,02_deepfirearm,deepfirearm,1809e43f8d49d49ab41d914d747426b7f681cf71dbe6ea0f955031381917db46,,pending,,,,5
img_00005830,images/img_00005830.jpg,02_deepfirearm,deepfirearm,bd037dca33db6697d529affb8f0b7a75b6a82b5f50f4cf13ce54ace714a68cfe,,pending,,,,5
img_00005831,images/img_00005831.jpg,02_deepfirearm,deepfirearm,2cf81846971acfedb30fd511874a96f7251e71e2976a90b5721e10d4757c0164,,pending,,,,5
img_00005832,images/img_00005832.jpg,02_deepfirearm,deepfirearm,bb0c0545bfc2ab0e9b38b918f87657105503471542ad72344bcdae3e3a86df73,,pending,,,,5
img_00005833,images/img_00005833.jpg,02_deepfirearm,deepfirearm,9feaf2389bfe57152db376e518f871fdcaf7aec24b215ed1054d0f405ea1fb96,,pending,,,,5
img_00005834,images/img_00005834.jpg,02_deepfirearm,deepfirearm,0c4465acc978eabc8cd51197ac56bc4baf380538beb4a8ebed22bdba562140d8,,pending,,,,5
img_00005835,images/img_00005835.jpg,02_deepfirearm,deepfirearm,2e3af97267b20255985cef83d6e3cf56b779db23915b32ed6f455c30e7dd3669,,pending,,,,5
img_00005836,images/img_00005836.jpg,02_deepfirearm,deepfirearm,c7f67fed5553ada0c2a80e31e0cc7035cb8667182ec75b5d46d18c61b24429ab,,pending,,,,5
img_00005837,images/img_00005837.jpg,02_deepfirearm,deepfirearm,cb8eaa8b27ebcec78319a17cb53ba62ff67b9c5ef4d0cf77c405ac5119ac48f8,,pending,,,,5
img_00005838,images/img_00005838.jpg,02_deepfirearm,deepfirearm,9fc8ce2511642275e21ddb0fbd789a364e511e44b766ed0b6645a32fb828fd1a,,pending,,,,5
img_00005839,images/img_00005839.jpg,02_deepfirearm,deepfirearm,fcddc525796ba2c70d47b29a1f11969dd12b4ef66b61fedeb6acbb2fb7c63089,,pending,,,,5
img_00005840,images/img_00005840.jpg,02_deepfirearm,deepfirearm,a95981d80cf3a66f5cefeb557351e16a6e0a017aff935e50e29d94f0b32fa3a2,,pending,,,,5
img_00005841,images/img_00005841.jpg,02_deepfirearm,deepfirearm,1c875d965b1ca91d20d56ffeab5775dad7e1fcd9cc5622b8025022d318053321,,pending,,,,5
img_00005842,images/img_00005842.jpg,02_deepfirearm,deepfirearm,8d50cc19c7f3eeffb3325d20fe632f54188f98bc011159eb713eb0d772b55ad4,,pending,,,,5
img_00005843,images/img_00005843.jpg,02_deepfirearm,deepfirearm,065f8073e649ec6fa4fed75c34312838b60e726cf2ebc69ad71513a636c6fa7e,,pending,,,,5
img_00005844,images/img_00005844.jpg,02_deepfirearm,deepfirearm,31c0aedff6fe0e3a768a0dc1f551613fd45e2f5e97ecfa6dddcfef63ba72f00b,,pending,,,,5
img_00005845,images/img_00005845.jpg,02_deepfirearm,deepfirearm,21f6f881f64373f1ad87f59596578a238b7405135f5e16a6f2aea9e64a68d09c,,pending,,,,5
img_00005846,images/img_00005846.jpg,02_deepfirearm,deepfirearm,1b79227be7a9f3c0ae232c57fcb1f69260f6ebb6a06d4038de2b1abf11ca28b5,,pending,,,,5
img_00005847,images/img_00005847.jpg,02_deepfirearm,deepfirearm,95f7a13a3d7f924995aaefb46a4e726aec210572a1ba0214654939bc8237f5a1,,pending,,,,5
img_00005848,images/img_00005848.jpg,02_deepfirearm,deepfirearm,454b7bf59065d8c3b5e480712295b74d8b9ae07288efc18797b3a06bc70b5f53,,pending,,,,5
img_00005849,images/img_00005849.jpg,02_deepfirearm,deepfirearm,303bd0dcee11cc48d0f1cb85ed765ed8321b6c4d849d03931a29cf1562e16687,,pending,,,,5
img_00005850,images/img_00005850.jpg,02_deepfirearm,deepfirearm,0b860d5e8354475336f2c97a37b8e929cdc54849d7830ccb9fde338fc8b60f22,,pending,,,,5
img_00005851,images/img_00005851.jpg,02_deepfirearm,deepfirearm,5780d0d9b67ec52e4b59f3bb48730ec692b04d52fe437b9416e4421ee2f5a11a,,pending,,,,5
img_00005852,images/img_00005852.jpg,02_deepfirearm,deepfirearm,81a8acac2fa8fae12dedddc796489bab5ee114a62146feac99c5f05d87709ec7,,pending,,,,5
img_00005853,images/img_00005853.jpg,02_deepfirearm,deepfirearm,3d833e2595214749abe8b7253e57efbdab34850710c5900f90ba91f5744f010d,,pending,,,,5
img_00005854,images/img_00005854.jpg,02_deepfirearm,deepfirearm,790c630d0f98fa9efc15bade585f191aca887738d3ad2c7c1c31d0d9267ce2b4,,pending,,,,5
img_00005855,images/img_00005855.jpg,02_deepfirearm,deepfirearm,c2155295ec2edc9377601711732f9a86d64e4187a0c1691f850c7ea93c2d2898,,pending,,,,5
img_00005856,images/img_00005856.jpg,02_deepfirearm,deepfirearm,8b8f5a9b00f4517cf8dd354f67b8035a2eb3a8cb3e17b6edc515aaad7cf49456,,pending,,,,5
img_00005857,images/img_00005857.jpg,02_deepfirearm,deepfirearm,e5e42d22ff819d3fad31034035c7c85cf45b6e9f906617ab2399655d5a4fb425,,pending,,,,5
img_00005858,images/img_00005858.jpg,02_deepfirearm,deepfirearm,9aae92e39df1c83380720378332c1b6c8ff3542e1d3b7006d0755332a829684d,,pending,,,,5
img_00005859,images/img_00005859.jpg,02_deepfirearm,deepfirearm,848672bfe81ae09efda9f460c26541315fd4a2bbc5dbc5e0970c3431ab041c29,,pending,,,,5
img_00005860,images/img_00005860.jpg,02_deepfirearm,deepfirearm,ff5550e66046009b51f333fd0bc82d28a73d8192a2c9ba01c35a2b4ea52d544c,,pending,,,,5
img_00005861,images/img_00005861.jpg,02_deepfirearm,deepfirearm,ccfafa85e55e8000be666184ce3faa930cf831467ca4bff603a1eaabc8944c77,,pending,,,,5
img_00005862,images/img_00005862.jpg,02_deepfirearm,deepfirearm,53c04001dfea2a10e041c5dcd9c7759d7ed3149c42b572840ecdf46b81c5b041,,pending,,,,5
img_00005863,images/img_00005863.jpg,02_deepfirearm,deepfirearm,a7834670e0c0bd6b3e386196687590c63f515f5322fd71c5d5bf383cf78f1e07,,pending,,,,5
img_00005864,images/img_00005864.jpg,02_deepfirearm,deepfirearm,93c265204a83a6f55304a17634c801ecc4597b5682e43595dbb27550cad67415,,pending,,,,5
img_00005865,images/img_00005865.jpg,02_deepfirearm,deepfirearm,ddcf6df18ac6898ac683410e813920723b644825e1ed1874c32d743ee62ed9c3,,pending,,,,5
img_00005866,images/img_00005866.jpg,02_deepfirearm,deepfirearm,a509e6db634478dc3e29f133a5f12bce2ca3740b487b4459c5b940d0216eabaa,,pending,,,,5
img_00005867,images/img_00005867.jpg,02_deepfirearm,deepfirearm,e57bcd85f63da33f868e6abd02a4b7aae8f445acc79b73751f4a1585ace9bfec,,pending,,,,5
img_00005868,images/img_00005868.jpg,02_deepfirearm,deepfirearm,85ad0ad7b9706076879cda6912f1728939402f9f034752c7b332e4089f9bf78f,,pending,,,,5
img_00005869,images/img_00005869.jpg,02_deepfirearm,deepfirearm,c7b6bfa3881881360c726271824c68a63a9c37d413fb8a7c4ecb2edf733c47fd,,pending,,,,5
img_00005870,images/img_00005870.jpg,02_deepfirearm,deepfirearm,5f164eebba26015371af8e517883014428e80cf05170bc8a5ba60cf0bd2110c9,,pending,,,,5
img_00005871,images/img_00005871.jpg,02_deepfirearm,deepfirearm,239889a19882c264650a69e52a20bc2e543c02d01a7062d72fa169643aaa7e04,,pending,,,,5
img_00005872,images/img_00005872.jpg,02_deepfirearm,deepfirearm,cbb61c7d0d7a6845ae590774a21135994c7b0029a74593a9e70130e9bc5108c5,,pending,,,,5
img_00005873,images/img_00005873.jpg,02_deepfirearm,deepfirearm,53a8ed8d3999547343047238963dc310c982bd26a3a76adadc58e5201ec72926,,pending,,,,5
img_00005874,images/img_00005874.jpg,02_deepfirearm,deepfirearm,8cab10afd963afc284eda964fd716b699ded2893202ed2e23fa4fb2aa9d19896,,pending,,,,5
img_00005875,images/img_00005875.jpg,02_deepfirearm,deepfirearm,63e1a09d22de468bfb6442b77a5178500666724b5826b40e332c0c769bf6357a,,pending,,,,5
img_00005876,images/img_00005876.jpg,02_deepfirearm,deepfirearm,2ba3ab6906589c9fc66c8c5739e66d73a38387b65943042cb4bf6977ecf85748,,pending,,,,5
img_00005877,images/img_00005877.jpg,02_deepfirearm,deepfirearm,3e329519c347a19acd772ee54b32918518300b09aa92573401432400127f9c5b,,pending,,,,5
img_00005878,images/img_00005878.jpg,02_deepfirearm,deepfirearm,a48a11145d6af16ad1449f9b67d1ddfb1697c83ad795b385fe35f1baf4640df2,,pending,,,,5
img_00005879,images/img_00005879.jpg,02_deepfirearm,deepfirearm,494f4ff562c9a3b824151c2b16d953f06e6d13a9091c2a8e705b3f519a9003cb,,pending,,,,5
img_00005880,images/img_00005880.jpg,02_deepfirearm,deepfirearm,4fc819d594d30343ba310b939b53d3f912d74758ff87e1afdaf6e9eef155c6de,,pending,,,,5
img_00005881,images/img_00005881.jpg,02_deepfirearm,deepfirearm,eda5203a21b34fa481cd14c4ce2b6af2817d9f5c253302f596a0eefe253706cc,,pending,,,,5
img_00005882,images/img_00005882.jpg,02_deepfirearm,deepfirearm,f9b56a9b567b2e1148cff39e6d6d2bd1dcc3bb8979c26124c5a790bf27aaf5f4,,pending,,,,5
img_00005883,images/img_00005883.jpg,02_deepfirearm,deepfirearm,c91de544754e2fdf7700e7071c0d8b27cf77df62748dd4f8aecc975bd459e4db,,pending,,,,5
img_00005884,images/img_00005884.jpg,02_deepfirearm,deepfirearm,15d220d456fc8c85c8dff5dcac08ec42a826c7d77c32409e9b5b6439f1914ba2,,pending,,,,5
img_00005885,images/img_00005885.jpg,02_deepfirearm,deepfirearm,9ec08ec97dd8dab58b98af79ac46c0f1fd61a5a468256fe896a96d28db80ffa0,,pending,,,,5
img_00005886,images/img_00005886.jpg,02_deepfirearm,deepfirearm,0464cc2e8f979fa9c4e58a0d20a711ab07228a018f97ff0bcd48f9195437c96a,,pending,,,,5
img_00005887,images/img_00005887.jpg,02_deepfirearm,deepfirearm,dbaf14f1ac6271e8cb0d2288b08dda7a9a885532478162f17e94607cd3ca6851,,pending,,,,5
img_00005888,images/img_00005888.jpg,02_deepfirearm,deepfirearm,60a5c9dd63a832af1a9d3c26dabb86b6d71955d87db0beecfac20263313f9974,,pending,,,,5
img_00005889,images/img_00005889.jpg,02_deepfirearm,deepfirearm,114b62b545b58a920bf49cac3ac3b59dee33140edce024cbfa526cc6545ba59d,,pending,,,,5
img_00005890,images/img_00005890.jpg,02_deepfirearm,deepfirearm,1882fdcd4af38c3e5750b1e00318ff7afde8c3bdb7ff0ecff66b811d163c1c72,,pending,,,,5
img_00005891,images/img_00005891.jpg,02_deepfirearm,deepfirearm,ac2584b849fffbd33d859dc905d1ee567367d4cf4cc085627a6cdb4516870f08,,pending,,,,5
img_00005892,images/img_00005892.jpg,02_deepfirearm,deepfirearm,e250a4242ff151886af61f21eaa6cb88f795903fd23630358b49a6dac7f52919,,pending,,,,5
img_00005893,images/img_00005893.jpg,02_deepfirearm,deepfirearm,8fbcd6ea5b82f2dbac908b40996a810135e5c3ddfb6332f86237e3a3565c499e,,pending,,,,5
img_00005894,images/img_00005894.jpg,02_deepfirearm,deepfirearm,47b7c15eddc1640f730590f5e32f5a7815860936763c2b5114fd163005992442,,pending,,,,5
img_00005895,images/img_00005895.jpg,02_deepfirearm,deepfirearm,259e698e936a7a358f3e4bce49cda8ab64eb971b189f812c663914c4a1d7dab9,,pending,,,,5
img_00005896,images/img_00005896.jpg,02_deepfirearm,deepfirearm,26327efd61fe722ff0c19cf9beab89eb27ffaecbba0fffab741baeb9c419cf98,,pending,,,,5
img_00005897,images/img_00005897.jpg,02_deepfirearm,deepfirearm,9ca007eaf8af7927b7fc2bc3fc93494526d4fdab5b7447f13dd470158aaf4aa5,,pending,,,,5
img_00005898,images/img_00005898.jpg,02_deepfirearm,deepfirearm,21a44d2f1a3ac3347484c7c259629f8262274c155ca9413afdbee7f57853f585,,pending,,,,5
img_00005899,images/img_00005899.jpg,02_deepfirearm,deepfirearm,86a6a014c4e4282bdda880b77080a45f573afebaa1b52660f956b9b3fddfcae5,,pending,,,,5
img_00005900,images/img_00005900.jpg,02_deepfirearm,deepfirearm,7c04243a5d018b043a233fca8de3d55cade4b8ec074531af18c59a0f5a7f6f46,,pending,,,,5
img_00005901,images/img_00005901.jpg,02_deepfirearm,deepfirearm,ad688089ecef3f3e54e4b8db1fb1fc1afe37c92368458970c4adbc8b19581efe,,pending,,,,5
img_00005902,images/img_00005902.jpg,02_deepfirearm,deepfirearm,94fb734d5494f62867c13c89f92b5b84fea5ccc98a7080ab9c697af65ec68372,,pending,,,,5
img_00005903,images/img_00005903.jpg,02_deepfirearm,deepfirearm,2feb071d6b41c702f9e6edcba6d053cdc288ecdb1947ce8a7d2d2d76ebc29af8,,pending,,,,5
img_00005904,images/img_00005904.jpg,02_deepfirearm,deepfirearm,0f65f8273af5948d303c249d7792c9f7c15b3c78e586ed5ebc4f59c05d9c422e,,pending,,,,5
img_00005905,images/img_00005905.jpg,02_deepfirearm,deepfirearm,dbea40b4894635e14ef6c8ddf898f4c932be1d2b3fc898145150e23e6805985f,,pending,,,,5
img_00005906,images/img_00005906.jpg,02_deepfirearm,deepfirearm,70e1a4c1f74157801928ac29a429243620b4d8d861b13236e27298486bd6c735,,pending,,,,5
img_00005907,images/img_00005907.jpg,02_deepfirearm,deepfirearm,1defb13dd27dc8f7ad8c3c40e1016732acf2287748beb490828a9793825c8892,,pending,,,,5
img_00005908,images/img_00005908.jpg,02_deepfirearm,deepfirearm,2fdcbce24fca908d7e5311524e99b15b6fa21d292512dae2c1f8a6a95cd10f43,,pending,,,,5
img_00005909,images/img_00005909.jpg,02_deepfirearm,deepfirearm,85a989fc7cad86e1af43bb467bb1d5cedd8de912c83ecbe8e076985f68ac93f7,,pending,,,,5
img_00005910,images/img_00005910.jpg,02_deepfirearm,deepfirearm,abb998415e8d8957e9a2ca3df031c48b0a40b83d62b18bbfd4bb15c3ee48c23a,,pending,,,,5
img_00005911,images/img_00005911.jpg,02_deepfirearm,deepfirearm,e398c0b9ff947505c7d56f14b36d8ccc7db327e1f61b1be97fdf53de96b1029f,,pending,,,,5
img_00005912,images/img_00005912.jpg,02_deepfirearm,deepfirearm,172fba6cb1ff4f174dbf8e1d70ce695b151d629fe3fd1fda963ee0aca3c45ac9,,pending,,,,5
img_00005913,images/img_00005913.jpg,02_deepfirearm,deepfirearm,c1999fa78033d4774ef4ead857c0b8d7cab3e6a236775f54daa6c421c98ab1d1,,pending,,,,5
img_00005914,images/img_00005914.jpg,02_deepfirearm,deepfirearm,c1a2f90b86e02b079032c6e88117c7fd2808591a5c2a82180d3e0027325c9aa4,,pending,,,,5
img_00005915,images/img_00005915.jpg,02_deepfirearm,deepfirearm,5439b07d5672f7375b57b7b7a454f845d80d66814d0fff06b539c00c86796a4f,,pending,,,,5
img_00005916,images/img_00005916.jpg,02_deepfirearm,deepfirearm,706d2e7cfeb67b0fae5bf82f0823b115e248380b3951ec9a226de3665469f6c3,,pending,,,,5
img_00005917,images/img_00005917.jpg,02_deepfirearm,deepfirearm,32447f621cde4b0c634f61da0acafb298bea4a93bd07791a911576ac3b853cc6,,pending,,,,5
img_00005918,images/img_00005918.jpg,02_deepfirearm,deepfirearm,7e9bb87b12977c802d47b71d403d5e976c8f1e4d576c3a4bc3d3447025cefcb0,,pending,,,,5
img_00005919,images/img_00005919.jpg,02_deepfirearm,deepfirearm,aea678e14eb81fc7628aad7439d139b02efbba75ca5f5be682673c66a0cf2340,,pending,,,,5
img_00005920,images/img_00005920.jpg,02_deepfirearm,deepfirearm,e1ecef4ffc50210d3591c83806daebc4a61cb67fc85b0871b83afef4be1b2620,,pending,,,,5
img_00005921,images/img_00005921.jpg,02_deepfirearm,deepfirearm,a6b36027811b35e71680b99fbc5f92f89987fe6a58e2833dd78602709397d9b0,,pending,,,,5
img_00005922,images/img_00005922.jpg,02_deepfirearm,deepfirearm,5cb862d2317cb5e2546d1a7a4b95c77856e118c9c9c92b7decfbc836d52821f9,,pending,,,,5
img_00005923,images/img_00005923.jpg,02_deepfirearm,deepfirearm,c5c202decce3be32d1445719d6d8d05e12a6e2fc3bbad24992af62b0a9822b37,,pending,,,,5
img_00005924,images/img_00005924.jpg,02_deepfirearm,deepfirearm,9c44e89158994350bec5701371a1ee7c54b867699e029ea523a2314129d25a3f,,pending,,,,5
img_00005925,images/img_00005925.jpg,02_deepfirearm,deepfirearm,063ac2c2ca5af30ae927116f6c9621116be34918bc97ba855cf6cbc68e2d3c19,,pending,,,,5
img_00005926,images/img_00005926.jpg,02_deepfirearm,deepfirearm,dad639acbbc5d28c657c03cf18d7e6920191ddca9d9e32a9215e42a9a5ff2f14,,pending,,,,5
img_00005927,images/img_00005927.jpg,02_deepfirearm,deepfirearm,9db20d4396f8fa443c8e8e7949be1b578ed075aea6b2a349fbb8cfc36e72c6a3,,pending,,,,5
img_00005928,images/img_00005928.jpg,02_deepfirearm,deepfirearm,8b55b082e6628cd1e734f273a585e2d42b5b1c1e35b3f46c0e08899efc85f992,,pending,,,,5
img_00005929,images/img_00005929.jpg,02_deepfirearm,deepfirearm,994014cabd5ee8b9d1b0e9ee4de711c0627bc2d6e916ebe9222de29b3cc75b67,,pending,,,,5
img_00005930,images/img_00005930.jpg,02_deepfirearm,deepfirearm,02e9357de3b8e6dbb62cb272d2262a82f0f8fce194e1bf74287f922a640c6315,,pending,,,,5
img_00005931,images/img_00005931.jpg,02_deepfirearm,deepfirearm,049a47aad0b2b6fc2330c1ba7e6e94926fbae5b54b7cbc2def91ceb0220b09da,,pending,,,,5
img_00005932,images/img_00005932.jpg,02_deepfirearm,deepfirearm,cfe3b5ed26870a66c5ecfebadb1a865a54b29f6ecb23625219b09d0f172a0820,,pending,,,,5
img_00005933,images/img_00005933.jpg,02_deepfirearm,deepfirearm,5ea20d81c965cd65a11ee4e8533228a002c48e9faf53b878f6e40aa0dd831da0,,pending,,,,5
img_00005934,images/img_00005934.jpg,02_deepfirearm,deepfirearm,b5f931ef8983d364d7a0b95d913dbb586cbb6ac70488e9a4b74fc338a62ab4b0,,pending,,,,5
img_00005935,images/img_00005935.jpg,02_deepfirearm,deepfirearm,9ae07663917133b4dc57b087c68bfc6fc78f00c50a7b2c1f90041d7be679ec0a,,pending,,,,5
img_00005936,images/img_00005936.jpg,02_deepfirearm,deepfirearm,e93b6cbc769fb2d8c43fa80a8fb2f4b087471372a4a4da451ecc4f8c0bf460f9,,pending,,,,5
img_00005937,images/img_00005937.jpg,02_deepfirearm,deepfirearm,78ab5044a03be62b44b9b93d86bbe275ebf42125a2a09534f773d481b5ea0371,,pending,,,,5
img_00005938,images/img_00005938.jpg,02_deepfirearm,deepfirearm,bd62b0093a4597cbdbcc399fd35c37789fcfb193fc2fc7a08a34dccb4342725f,,pending,,,,5
img_00005939,images/img_00005939.jpg,02_deepfirearm,deepfirearm,c943d99078b1a076f87b2edd2c1602cfd35e3795997ac74b7a839360922a3d72,,pending,,,,5
img_00005940,images/img_00005940.jpg,02_deepfirearm,deepfirearm,bc01e349938054eb4188e085951921dc84e29d5261e9503a55bbe6d2e5452b4c,,pending,,,,5
img_00005941,images/img_00005941.jpg,02_deepfirearm,deepfirearm,69eb6587b695fb986ac5b7d08442cf36b39787d047a4e2254dcc77083701d14c,,pending,,,,5
img_00005942,images/img_00005942.jpg,02_deepfirearm,deepfirearm,0c71a60456fc4edf32942f6cbbe7a1953fd1d567d5b53e5e239bc295ae9d7f68,,pending,,,,5
img_00005943,images/img_00005943.jpg,02_deepfirearm,deepfirearm,169e4928b9c92a576c0fd79479000410efd1405a4e0d3f0c9177a8ac89834b19,,pending,,,,5
img_00005944,images/img_00005944.jpg,02_deepfirearm,deepfirearm,4490ff4cb1bb266aee5e88752f7e3e9930a25ed752c5a94136372137e27cdfa8,,pending,,,,5
img_00005945,images/img_00005945.jpg,02_deepfirearm,deepfirearm,8e3ad55d87e252e96b11eb44468bc33120fbc9cf5f468ae6bd27fbe805f86600,,pending,,,,5
img_00005946,images/img_00005946.jpg,02_deepfirearm,deepfirearm,dd14aab71d53892cb0285121f9a33a8eeacf7ea138ae8c52a423dbd73a6c9ace,,pending,,,,5
img_00005947,images/img_00005947.jpg,02_deepfirearm,deepfirearm,293bdd722d8c2b954f1a28156a6c836d01bf69fae32c0322655de8d17019dab0,,pending,,,,5
img_00005948,images/img_00005948.jpg,02_deepfirearm,deepfirearm,446f5a69da217394dbcbb2c19a8404b092c3ebdb6c7a87152ee49ef23561e83b,,pending,,,,5
img_00005949,images/img_00005949.jpg,02_deepfirearm,deepfirearm,2f00a9e5ad6eb0bf7f761a948dce4b06d85bf8e0245e9fd34f0c4d473db6da9f,,pending,,,,5
img_00005950,images/img_00005950.jpg,02_deepfirearm,deepfirearm,5511c2a7e0912234e5ae0c75e6d7f042ae180a6734ce6b01a0075e94a34d7031,,pending,,,,5
img_00005951,images/img_00005951.jpg,02_deepfirearm,deepfirearm,489e0abe3bbfe765eb5a9167c4b9bea77684b31907497a6540c88e4498b0dd1f,,pending,,,,5
img_00005952,images/img_00005952.jpg,02_deepfirearm,deepfirearm,3eb1528a77ac38589cf61ec03769264aec297b59b6a033a6fd0bf3f71702f100,,pending,,,,5
img_00005953,images/img_00005953.jpg,02_deepfirearm,deepfirearm,2c2771f5034084d2ab1a02f0421afe18ddb47c4e7fd3c8636eccc39536b4801e,,pending,,,,5
img_00005954,images/img_00005954.jpg,02_deepfirearm,deepfirearm,06dd55615bdf84f1ede4974801515a43b6fd19a18ba8046cf1cbaa70b1166c2d,,pending,,,,5
img_00005955,images/img_00005955.jpg,02_deepfirearm,deepfirearm,d779791d1f556294a066a9e5ec3832873819b5368ec8dcc8f8729166895d4455,,pending,,,,5
img_00005956,images/img_00005956.jpg,02_deepfirearm,deepfirearm,c419c273360541c79bc7f31ea1d9dd0d860fb011500d8a19f7ffa66760b1b80c,,pending,,,,5
img_00005957,images/img_00005957.jpg,02_deepfirearm,deepfirearm,d446c0d2700aea84459b0a08f2ebb424c790f7a279299411dd478e6d18b9dbd3,,pending,,,,5
img_00005958,images/img_00005958.jpg,02_deepfirearm,deepfirearm,efa4e2e7f57f3e9674eae31b5c5963c072a927eff7a1b793fabcab62ecdc2360,,pending,,,,5
img_00005959,images/img_00005959.jpg,02_deepfirearm,deepfirearm,3309dfbff8f503834aff6a93399638c84a3cca6b2c44b3cfff4e39a56bbc40a8,,pending,,,,5
img_00005960,images/img_00005960.jpg,02_deepfirearm,deepfirearm,6d5596d09ec1ab276cbc3f96bb19b757ae2449570f3178b0caafc7789e8b09c7,,pending,,,,5
img_00005961,images/img_00005961.jpg,02_deepfirearm,deepfirearm,ad6dbfdd93865f227d19609ea0e9fc4c045e61c154fd1def3436745b08b28a9e,,pending,,,,5
img_00005962,images/img_00005962.jpg,02_deepfirearm,deepfirearm,98b0dfe9c2d2728d42a1715736103b75169836d8585b587e37eea9c30c321a0b,,pending,,,,5
img_00005963,images/img_00005963.jpg,02_deepfirearm,deepfirearm,ee4fd259ba844b7cec86b9e38fb21f775c1aa86855100b81ec2ca8fb93075605,,pending,,,,5
img_00005964,images/img_00005964.jpg,02_deepfirearm,deepfirearm,52655120703864f05ec7b6490019d6bb448b3f99ac9d97839570859c3a5187a0,,pending,,,,5
img_00005965,images/img_00005965.jpg,02_deepfirearm,deepfirearm,3071a04e71f736b392213e62d0f0341676feabe49c0468046c201a590eade8ea,,pending,,,,5
img_00005966,images/img_00005966.jpg,02_deepfirearm,deepfirearm,952d4e80bd62eacde9d35106b935a822012904076701fda43b8db888ff17ba0b,,pending,,,,5
img_00005967,images/img_00005967.jpg,02_deepfirearm,deepfirearm,a89912bbc0c639ea0b97eb0976c2ebb958a44051054a7add51ec53901995662d,,pending,,,,5
img_00005968,images/img_00005968.jpg,02_deepfirearm,deepfirearm,5036601dc821f965b939c9efdae2458f0dc578d093e0227d53ea056ca68614ce,,pending,,,,5
img_00005969,images/img_00005969.jpg,02_deepfirearm,deepfirearm,4a940b5f6b1d601b90a5ceb61899ef75e9597d8e886e096e7270de88cd136ec0,,pending,,,,5
img_00005970,images/img_00005970.jpg,02_deepfirearm,deepfirearm,92c0dac1573b6b0f2e412e00eae0c0fe56dd94710c56432e7e42cb8dcd996240,,pending,,,,5
img_00005971,images/img_00005971.jpg,02_deepfirearm,deepfirearm,67540f82dd4b1bffcbf82d1515c6672baa96d66ac7e35c2f73009b34b67fea03,,pending,,,,5
img_00005972,images/img_00005972.jpg,02_deepfirearm,deepfirearm,b54d25468a04398bcb2eadbdd84dc7d5e76231f2ab70560b20c546902f8d3b93,,pending,,,,5
img_00005973,images/img_00005973.jpg,02_deepfirearm,deepfirearm,78939a7e745aa298e0dc6c11fef7c81e3a06075e554b74923fb36b4fdada668f,,pending,,,,5
img_00005974,images/img_00005974.jpg,02_deepfirearm,deepfirearm,9116e06d49373d1f8e4cf6dd31cf9879b67146778813ded9538c50674bb83741,,pending,,,,5
img_00005975,images/img_00005975.jpg,02_deepfirearm,deepfirearm,09da4c3eb6e4702cfd503fa3cc947fdbb66aa619feb94d4d127f4981dd4aa3f5,,pending,,,,5
img_00005976,images/img_00005976.jpg,02_deepfirearm,deepfirearm,cc30e3e6507ebf2bdc1c27fe5937d8cfa7e267a6c691313567284e6cb0adf205,,pending,,,,5
img_00005977,images/img_00005977.jpg,02_deepfirearm,deepfirearm,8efd2a8291a8ad3121449e1b037b4c5ee409c82796d7c7e9db6a09519677cb62,,pending,,,,5
img_00005978,images/img_00005978.jpg,02_deepfirearm,deepfirearm,a3efeeff1840ca7b484d14cab7e12a61aa87b96ed0372a93e5ca14fffad6cc0a,,pending,,,,5
img_00005979,images/img_00005979.jpg,02_deepfirearm,deepfirearm,a46506bbaae8b37ddf1edef57756c1077c7e4fb7730e7da882eb4a7c4c821fe6,,pending,,,,5
img_00005980,images/img_00005980.jpg,02_deepfirearm,deepfirearm,fecc9c1b5bb52cbb15a7575c468965963da0ce59f53a28fab0da7c66d18fc478,,pending,,,,5
img_00005981,images/img_00005981.jpg,02_deepfirearm,deepfirearm,52918a91d2db2a62a09e627b64bab1970f6e99f4a0ce93393a6df55ae8da136b,,pending,,,,5
img_00005982,images/img_00005982.jpg,02_deepfirearm,deepfirearm,976704a9c41114589c23d9a0230280f573fc4974621ac2cde65b2e680dfb4838,,pending,,,,5
img_00005983,images/img_00005983.jpg,02_deepfirearm,deepfirearm,386b9a90fd06eb25c9c5b6005390f57ab7bfcf6d2c15abc6db3885b1736f5077,,pending,,,,5
img_00005984,images/img_00005984.jpg,02_deepfirearm,deepfirearm,49d75c5fc89dc34b3acaa79c9c96d1a0dd4122b15fa7ce05cc9cf9c3bd0f58df,,pending,,,,5
img_00005985,images/img_00005985.jpg,02_deepfirearm,deepfirearm,228b19f941b8cccd8cc32cf57388880792e7afce48823440cc6a5395fc09f8ab,,pending,,,,5
img_00005986,images/img_00005986.jpg,02_deepfirearm,deepfirearm,b62ed554aedce089cb85f3ee5acb21e5bf3f5a712025265c6ac0376a5979172e,,pending,,,,5
img_00005987,images/img_00005987.jpg,02_deepfirearm,deepfirearm,1629f4cf847d36c89648a05eca31cc04c0e61731fdf5ea257ba7dbcf3788bd42,,pending,,,,5
img_00005988,images/img_00005988.jpg,02_deepfirearm,deepfirearm,f82d2f571381bc17d49b511a9ad21b5c71e9f67014fc14790d6a82cc4ab9f3fe,,pending,,,,5
img_00005989,images/img_00005989.jpg,02_deepfirearm,deepfirearm,82ba914e7926966a366a7f4e522e03315dee83df79ebeadc906c3cb031f73ba7,,pending,,,,5
img_00005990,images/img_00005990.jpg,02_deepfirearm,deepfirearm,a2118cc35e8ff07629c485423794484653fdfe76f6e6c57dcf3f77c0f41d6063,,pending,,,,5
img_00005991,images/img_00005991.jpg,02_deepfirearm,deepfirearm,2b277c38ec01eb64aa20578956eb85dd455747867aee32c08aab9b88ee13de5d,,pending,,,,5
img_00005992,images/img_00005992.jpg,02_deepfirearm,deepfirearm,40f2198f2f217e6ffbd0ceeb5eeae2b5bdfcf3ea1cb27446a9f6e2d570f18e4a,,pending,,,,5
img_00005993,images/img_00005993.jpg,02_deepfirearm,deepfirearm,6bb261e590d289129ffb99902963464a21a7f37ba393e7ac58b6d3410ebeadd3,,pending,,,,5
img_00005994,images/img_00005994.jpg,02_deepfirearm,deepfirearm,4461914975f2c59d03f3145529dfe4b84c44bc2159d2e9e27fedd89051ac77e1,,pending,,,,5
img_00005995,images/img_00005995.jpg,02_deepfirearm,deepfirearm,73b3a3edd2209e1c6a743badfe4a85fa674b36b34cfe36539c400c8844af94a2,,pending,,,,5
img_00005996,images/img_00005996.jpg,02_deepfirearm,deepfirearm,b5cc4a45da19f26a7ba602d410802df521512133889a3123d28895f2fc8ce247,,pending,,,,5
img_00005997,images/img_00005997.jpg,02_deepfirearm,deepfirearm,0b023c3ae13a7f6fb48a5a8c4105a99a76c821bccda788c1edd4343ad3b02037,,pending,,,,5
img_00005998,images/img_00005998.jpg,02_deepfirearm,deepfirearm,39d98ea1c971497bdf824afbb03bcf6810f8802b070b113c1e1ad62313db2b48,,pending,,,,5
img_00005999,images/img_00005999.jpg,02_deepfirearm,deepfirearm,09a4f5b122c9fa340b20571766ac05980d8b57c95e733c9a172d1a88fc678151,,pending,,,,5
img_00006000,images/img_00006000.jpg,02_deepfirearm,deepfirearm,27a7032463e337ba469950fa514a75cf82f6615621db78412fb4d1d7180dd60c,,pending,,,,5
img_00006001,images/img_00006001.jpg,02_deepfirearm,deepfirearm,52a1989f92c4d173b40b1a975a53978352b89426995b23e33a4413f74287b253,,pending,,,,5
img_00006002,images/img_00006002.jpg,02_deepfirearm,deepfirearm,29482de6930011e44b7e91b8b1aad451851c101de6638e4fa5404b3abe2525c5,,pending,,,,5
img_00006003,images/img_00006003.jpg,02_deepfirearm,deepfirearm,36662039e974c02b4743abc9e9ab80c330045c01236a29d1959c3bafd7546b96,,pending,,,,5
img_00006004,images/img_00006004.jpg,02_deepfirearm,deepfirearm,1532fcd233884e79d339de60f3610337130b7e97f8e7da2ff0323efdcfdd85c3,,pending,,,,5
img_00006005,images/img_00006005.jpg,02_deepfirearm,deepfirearm,77f2e47834fa42d0f849dbe209e500988f4c23908146eab5f6cfedf64df06737,,pending,,,,5
img_00006006,images/img_00006006.jpg,02_deepfirearm,deepfirearm,c39a65c4a485ad99e5b5381e7674492b02b1693f77458f4cb1e3a0b14a3e0658,,pending,,,,5
img_00006007,images/img_00006007.jpg,02_deepfirearm,deepfirearm,4ea6716e683237ac4e3bbbb6108613a7f3100a1c09c39f5307f7832d031c9fa8,,pending,,,,5
img_00006008,images/img_00006008.jpg,02_deepfirearm,deepfirearm,defae3451e27b1f9c9b6e70c2b6dab54f5a9afdb9036722e6e678de2e5263055,,pending,,,,5
img_00006009,images/img_00006009.jpg,02_deepfirearm,deepfirearm,13fd24966b847d9116e3b1e820ac6a9b01600bf8b97a1009209d2c15521cf33a,,pending,,,,5
img_00006010,images/img_00006010.jpg,02_deepfirearm,deepfirearm,8281a0b09f4c42ba92f4cd32ed15712a6b5dc3f62370cd9ea83361898eba18dc,,pending,,,,5
img_00006011,images/img_00006011.jpg,02_deepfirearm,deepfirearm,09b0545986d277d1c75f5338eea87d758e449c59db51be85c9ca52e1a84f1876,,pending,,,,5
img_00006012,images/img_00006012.jpg,02_deepfirearm,deepfirearm,e4a45641a37edafc8c9ea70f7113decc6880e9bd2a3a4da59e386208d5d4dfa3,,pending,,,,5
img_00006013,images/img_00006013.jpg,02_deepfirearm,deepfirearm,f3c6de139cd436998b2194fe86aa0b7893fa090b196a40ca10c4f8757fa9501e,,pending,,,,5
img_00006014,images/img_00006014.jpg,02_deepfirearm,deepfirearm,e372b9c6518d5e2aa57d24d28402514e6317548a5eef15c75786cc7b37052ed5,,pending,,,,5
img_00006015,images/img_00006015.jpg,02_deepfirearm,deepfirearm,4c01f6b5cd4faa592f3ac288267db4289c4ce4feb5e6bbdee918da36e018c018,,pending,,,,5
img_00006016,images/img_00006016.jpg,02_deepfirearm,deepfirearm,62e132fc9dd1b93c4cd9750fdc3fa05530da803746f7f21c50c61e50760c948b,,pending,,,,5
img_00006017,images/img_00006017.jpg,02_deepfirearm,deepfirearm,ed2a3c96da3d02d7e7a773f815b907a6ccc04990370f8c631a81598ab8f3a4db,,pending,,,,5
img_00006018,images/img_00006018.jpg,02_deepfirearm,deepfirearm,9595b23abbd1f0e4d5b9fd465f16a50c22afc648286b620c48d12b409f76a4cc,,pending,,,,5
img_00006019,images/img_00006019.jpg,02_deepfirearm,deepfirearm,029c4df17af5ca118b4738ee45a06d12b8813f0fd9241b9addfb26cede416cce,,pending,,,,5
img_00006020,images/img_00006020.jpg,02_deepfirearm,deepfirearm,13586a14736592639e9bf80b163acabfedddd2e94d767e5fd1d030789021c977,,pending,,,,5
img_00006021,images/img_00006021.jpg,02_deepfirearm,deepfirearm,f79be8f88151f2c3fb00be6d8ffd456178a195fccedfefc4103afeb6f2e52e89,,pending,,,,5
img_00006022,images/img_00006022.jpg,02_deepfirearm,deepfirearm,48ffe090f0694225ef1d1b1518d84ab5cd9919d957853a994769893d05c19c94,,pending,,,,5
img_00006023,images/img_00006023.jpg,02_deepfirearm,deepfirearm,184291e93288cf0e90f003fa074835842a35cf0a3e11a21e8781ca70a0bca358,,pending,,,,5
img_00006024,images/img_00006024.jpg,02_deepfirearm,deepfirearm,c0c82b567f1ae0b892bd40f2d8d8f290a622abdeec902d0d57449251cd9df0a2,,pending,,,,5
img_00006025,images/img_00006025.jpg,02_deepfirearm,deepfirearm,359d9f791565b752d8f403487de578708e3c4a0ff07bfc1d9169298a74c1c1f1,,pending,,,,5
img_00006026,images/img_00006026.jpg,02_deepfirearm,deepfirearm,5b84cacd4a7aab6ee5107114125c6fc5156b0694d3c4ba208dfd3645d3504b12,,pending,,,,5
img_00006027,images/img_00006027.jpg,02_deepfirearm,deepfirearm,362f36d46d02cbf13cad2fef11d57244d158cf41a9f539fafd98a864736a6f52,,pending,,,,5
img_00006028,images/img_00006028.jpg,02_deepfirearm,deepfirearm,2d431d609fd9bd171dd85c860d5975cdf23fcb648accd8f798827b229bb07905,,pending,,,,5
img_00006029,images/img_00006029.jpg,02_deepfirearm,deepfirearm,12c41509b806d309b199e7cc76d49f83a42c2a1c729c23827e6721daccad6517,,pending,,,,5
img_00006030,images/img_00006030.jpg,02_deepfirearm,deepfirearm,b42874424116e6b494441ef5a386d937a3168ff9c763dfd0f799312297211fb1,,pending,,,,5
img_00006031,images/img_00006031.jpg,02_deepfirearm,deepfirearm,f19653ae4d8b303cd38352635212b92f3d02fc59123fccd0de65dabba3663b5b,,pending,,,,5
img_00006032,images/img_00006032.jpg,02_deepfirearm,deepfirearm,182c2112756e97232050053f799559adec8018a767ee1f952764e8c7ca4fa04e,,pending,,,,5
img_00006033,images/img_00006033.jpg,02_deepfirearm,deepfirearm,70ff32ff9689a61718b89ad6d75d85520c90cae9a95a2d039de2231819547f4c,,pending,,,,5
img_00006034,images/img_00006034.jpg,02_deepfirearm,deepfirearm,53e3be6e86a70eb79e14a13190b2d2b64c50a205180fc87efaf1b2c0eaaad15e,,pending,,,,5
img_00006035,images/img_00006035.jpg,02_deepfirearm,deepfirearm,196b4ea708f488d7a62cb969bc2c5c6fa2f8fcffad18e83fab7d6ff66638a476,,pending,,,,5
img_00006036,images/img_00006036.jpg,02_deepfirearm,deepfirearm,dd5421c2295749a866588066364d7831f8e6373eef2399bff06186903cc387f1,,pending,,,,5
img_00006037,images/img_00006037.jpg,02_deepfirearm,deepfirearm,4fa3f07e23702bc7842d5a12c2a245cde01b47d195b2f3d2b7d9b9d74698f3e8,,pending,,,,5
img_00006038,images/img_00006038.jpg,02_deepfirearm,deepfirearm,9d5fbdde4c70fd07a977c8f5499899f1fdfcb40ce8e8f4883587cf0c96dc9139,,pending,,,,5
img_00006039,images/img_00006039.jpg,02_deepfirearm,deepfirearm,beac5ed3dd27fee8fd1892ba683263cd84e4a8acd106dd8cbafce86375c2b7f5,,pending,,,,5
img_00006040,images/img_00006040.jpg,02_deepfirearm,deepfirearm,9450d3d8d8cf7b83949e7855143028f83716abf7cf144ad10f349e50ed1f744c,,pending,,,,5
img_00006041,images/img_00006041.jpg,02_deepfirearm,deepfirearm,0bb4115c56798f54c12c0bfff5f4cc6a974171c0b30b3418462fbf7efeaa9f06,,pending,,,,5
img_00006042,images/img_00006042.jpg,02_deepfirearm,deepfirearm,df61039a7cca26cf6853c8d90ff75fa8936175f7bd41b99af6ada7cc262a0dd0,,pending,,,,5
img_00006043,images/img_00006043.jpg,02_deepfirearm,deepfirearm,5fe125ad0dff866a82274f6232a628a9475f1e65c62f8b7af0c66af85a2a61b9,,pending,,,,5
img_00006044,images/img_00006044.jpg,02_deepfirearm,deepfirearm,60f91e360f8c8d2abab915bf0e8159174af598db3b10aebcdb7848642289b7b3,,pending,,,,5
img_00006045,images/img_00006045.jpg,02_deepfirearm,deepfirearm,619ebd39817123a0b418c5f004891bd5ce914a230f47af5642b15f9009f0971f,,pending,,,,5
img_00006046,images/img_00006046.jpg,02_deepfirearm,deepfirearm,812594d0596f041175f48e96029dd95b0f900c20b4f66fd39be0b0ac8ecc72ec,,pending,,,,5
img_00006047,images/img_00006047.jpg,02_deepfirearm,deepfirearm,15e6e1b2bc9c16dc4d3c9c52dfc6e8d26a8d1e1ffd78ee089c04f4604a204410,,pending,,,,5
img_00006048,images/img_00006048.jpg,02_deepfirearm,deepfirearm,4f9433b0a8943b23b0797edbd7c48b0a0ca191ef1b8dfe5fe902e4af1ec10368,,pending,,,,5
img_00006049,images/img_00006049.jpg,02_deepfirearm,deepfirearm,c2a47279c802c1fed93e591010aec80df2848f94607720332932fdfe98891ced,,pending,,,,5
img_00006050,images/img_00006050.jpg,02_deepfirearm,deepfirearm,02b1256b43151cc90d508c17dfb1839f4e7df378ebd0a514a07969a2ab5873d5,,pending,,,,5
img_00006051,images/img_00006051.jpg,02_deepfirearm,deepfirearm,244c2d7bc89114e8eec454828db1d231367794ecd7144fcca979cf64288bac49,,pending,,,,5
img_00006052,images/img_00006052.jpg,02_deepfirearm,deepfirearm,02dd36f1ea83d10491c62997f1b93dcd9171b62539be087beb65806f458602e0,,pending,,,,5
img_00006053,images/img_00006053.jpg,02_deepfirearm,deepfirearm,61e7b92806a4a794d0d679299df8cf30e6b7a2a1dff5472565ea1cbe43817f18,,pending,,,,5
img_00006054,images/img_00006054.jpg,02_deepfirearm,deepfirearm,48380633638b5db46cf38007349c7f31c3388f7ed89fe74b28d41ef9af79658d,,pending,,,,5
img_00006055,images/img_00006055.jpg,02_deepfirearm,deepfirearm,0d4fdec1aef3d7bf651dc2dde17c0b02855c6fce6ab3cf06e83ac48d7d3dd16a,,pending,,,,5
img_00006056,images/img_00006056.jpg,02_deepfirearm,deepfirearm,1883e6e73364fc14848da2a4b24d81bdac8b3501be8696aef96ec372bfd0a47a,,pending,,,,5
img_00006057,images/img_00006057.jpg,02_deepfirearm,deepfirearm,15cb5c93b83377169bce628c747793910e510cbd92fe809bad16e43c6e78aa75,,pending,,,,5
img_00006058,images/img_00006058.jpg,02_deepfirearm,deepfirearm,fcbb9e30acaec14c0ec9d99bd085438825454467b4d2acac90e5c31225101b0b,,pending,,,,5
img_00006059,images/img_00006059.jpg,02_deepfirearm,deepfirearm,d5f8ff570ec96cf342ede96d2a519e7b0e84a4e378cade7e985f335ba65a1d5f,,pending,,,,5
img_00006060,images/img_00006060.jpg,02_deepfirearm,deepfirearm,8c66be1cf99e3eb34fa16a564593ef9d47e5f4768bedf7fec559b35d5b7d9774,,pending,,,,5
img_00006061,images/img_00006061.jpg,02_deepfirearm,deepfirearm,c076bfe1a0cf208c71d2e3d8219e62c6d5cbccf9905f0030af623be2b16eb43b,,pending,,,,5
img_00006062,images/img_00006062.jpg,02_deepfirearm,deepfirearm,2da9c2a465e03ec32949c553b6ec9ed36c3a68e329a7150f50e02c4bd65dc4c0,,pending,,,,5
img_00006063,images/img_00006063.jpg,02_deepfirearm,deepfirearm,6629f61ad3aaf49c1f362c763d0ae4678e9962de13606add20549b6efc961a8f,,pending,,,,5
img_00006064,images/img_00006064.jpg,02_deepfirearm,deepfirearm,615815c1e4c1e8cc4a52aadd48196dd31d66161c740896865327a97c3a001419,,pending,,,,5
img_00006065,images/img_00006065.jpg,02_deepfirearm,deepfirearm,0668e7b2447c83553191ea03d065641df006c754bbe230129984e4e8b01b420f,,pending,,,,5
img_00006066,images/img_00006066.jpg,02_deepfirearm,deepfirearm,ac4c3e3c3044ff7790cd861a13b0742b6018185d54ddda3dbbf430b9dbb7833c,,pending,,,,5
img_00006067,images/img_00006067.jpg,02_deepfirearm,deepfirearm,3c525387af22987e425e91538e5f0bcef71010f37a8bd2568bd3fa4e497d96d1,,pending,,,,5
img_00006068,images/img_00006068.jpg,02_deepfirearm,deepfirearm,01ec3f0f2a71351f440d64b0b02abd0f8042f86c541c9a9988c45f16feffeadb,,pending,,,,5
img_00006069,images/img_00006069.jpg,02_deepfirearm,deepfirearm,1a0f412ab623718d02c218fbcf4c32fd3affc91975d93ce1e91fff38da4627f0,,pending,,,,5
img_00006070,images/img_00006070.jpg,02_deepfirearm,deepfirearm,e804bfefa94f19b1910fa5d34c0971cc43859c23dd1ed8f462d7f44840d316b9,,pending,,,,5
img_00006071,images/img_00006071.jpg,02_deepfirearm,deepfirearm,bbc51085178990607f53f50acc9f31def28192a39f5e2698352702cd3fd41a3b,,pending,,,,5
img_00006072,images/img_00006072.jpg,02_deepfirearm,deepfirearm,6abb1851b1c104b64e1d706e75c7f0679e5900b33a84ae0019dba028dc167458,,pending,,,,5
img_00006073,images/img_00006073.jpg,02_deepfirearm,deepfirearm,62b027c317a7d6a4dc072b34fb9e8e3948a46302dcb2118fd9bb08840e4c7e08,,pending,,,,5
img_00006074,images/img_00006074.jpg,02_deepfirearm,deepfirearm,1ff38b33ec4e40957056f98f46b7f2a0df2a000d8d8012f084616de07c262b0e,,pending,,,,5
img_00006075,images/img_00006075.jpg,02_deepfirearm,deepfirearm,2cf652014999b7caffc27d5cfa21ec1983b88b7ce2ae08e6d0941cf6236149c0,,pending,,,,5
img_00006076,images/img_00006076.jpg,02_deepfirearm,deepfirearm,3efa9f2080b03a2c255c33f9740b92209c939833e9858ada1bdaa2af01390348,,pending,,,,5
img_00006077,images/img_00006077.jpg,02_deepfirearm,deepfirearm,d5c8ca70e0d5eb747be0ab4a78654ee5679f610799776c3df270f642b2866e11,,pending,,,,5
img_00006078,images/img_00006078.jpg,02_deepfirearm,deepfirearm,0f415018e499cf9d284e25345aeb29e1c2f4f6f1f7617c05102393d54a3ea654,,pending,,,,5
img_00006079,images/img_00006079.jpg,02_deepfirearm,deepfirearm,ab2e06fe4b8444b315518af24cfd439ad2fe5c41d4be8cc290885aa45800dad8,,pending,,,,5
img_00006080,images/img_00006080.jpg,02_deepfirearm,deepfirearm,925a279796eaf82ccb731ec739643ee9cd6fe0c2c9bbf9f9efbee7ede14e6066,,pending,,,,5
img_00006081,images/img_00006081.jpg,02_deepfirearm,deepfirearm,93eebe5762b686f85d4fccbc2acf6b1790634fa81e252b53f3397539c5788f7d,,pending,,,,5
img_00006082,images/img_00006082.jpg,02_deepfirearm,deepfirearm,26d31f807ed88f97155e9b20afff6fc785d9e83c2a6e2417b78f6e8c4033d32d,,pending,,,,5
img_00006083,images/img_00006083.jpg,02_deepfirearm,deepfirearm,6038bceb6281106beaf8c92e64392f443361d5ee4c6d25e79a07b908a2a613ac,,pending,,,,5
img_00006084,images/img_00006084.jpg,02_deepfirearm,deepfirearm,60bd9cf441e7fa0583b1e9d63163ebba874eaf60ca70ca17025e43f8988c269d,,pending,,,,5
img_00006085,images/img_00006085.jpg,02_deepfirearm,deepfirearm,5cc55aea50d1bb893c9bc1a038ed0373e23c712ece9caa48602bef8f3f3d9148,,pending,,,,5
img_00006086,images/img_00006086.jpg,02_deepfirearm,deepfirearm,a1f6a75585e9a3014797de6b0b3e724ce3432aacaa9c71cea489a59a128a53e5,,pending,,,,5
img_00006087,images/img_00006087.jpg,02_deepfirearm,deepfirearm,9a497c733d10e79f33f86d8979997ffdf4cb3cba6499ba3ab5e9005fa5f54eca,,pending,,,,5
img_00006088,images/img_00006088.jpg,02_deepfirearm,deepfirearm,2854e9d3c84b669327a64fd1e3de47a0b1ca348c892ebd70380333e8f6ca508a,,pending,,,,5
img_00006089,images/img_00006089.jpg,02_deepfirearm,deepfirearm,e8346ba079627ae08ada1bf06232b2b729f2b2710986dfc0baf60d9f29e7b83a,,pending,,,,5
img_00006090,images/img_00006090.jpg,02_deepfirearm,deepfirearm,9f51fda57ed1afbc9459ca2d9bfb8398a951c7f0a967cb313b320e19f6f97095,,pending,,,,5
img_00006091,images/img_00006091.jpg,02_deepfirearm,deepfirearm,8bd0c2e4975a1ece8ee014fcdbc691737448387f087a8367e2d5681ac19c7a5b,,pending,,,,5
img_00006092,images/img_00006092.jpg,02_deepfirearm,deepfirearm,7077f24ba29f78533cb2dced5d1021e6f3d92c4a30bc31f9c97963f812e8970e,,pending,,,,5
img_00006093,images/img_00006093.jpg,02_deepfirearm,deepfirearm,bfb6620dd357eccb87ea68f3a5aa4b1b7fc76588b9c7bec259ea090158494169,,pending,,,,5
img_00006094,images/img_00006094.jpg,02_deepfirearm,deepfirearm,541a1842e6ba920bbd6bbb11695c253790627607ce9c1b06548293582264a98f,,pending,,,,5
img_00006095,images/img_00006095.jpg,02_deepfirearm,deepfirearm,af2ee172bd00679e8ca98c738dd4300c9330a1be7acac926232e261bc4cd95d5,,pending,,,,5
img_00006096,images/img_00006096.jpg,02_deepfirearm,deepfirearm,827f8a1a984ecd080fb508d317e0b38430e20d86db4923798ad1a5aed2a772f9,,pending,,,,5
img_00006097,images/img_00006097.jpg,02_deepfirearm,deepfirearm,6a48456fca117cbaae6a1c892735ffbd57f605a1211c8c92d3c5288edfb5c182,,pending,,,,5
img_00006098,images/img_00006098.jpg,02_deepfirearm,deepfirearm,751975d4b502b7477507a251ba79d67ddaa58f85206e3bec0effb73ae5aa4ac9,,pending,,,,5
img_00006099,images/img_00006099.jpg,02_deepfirearm,deepfirearm,1589e296a517bcc25b44fae6e1bd317e0c5130c6888cb09dec4f7a1e55afb7eb,,pending,,,,5
img_00006100,images/img_00006100.jpg,02_deepfirearm,deepfirearm,3151b92ba16ea9de3026f95731e0f5df03b26e3fd9faff6dee21d9e1b3accdee,,pending,,,,5
img_00006101,images/img_00006101.jpg,02_deepfirearm,deepfirearm,14b711372fd847444a39a7d566b593238fbc4220c7d5349ee8c950b16a168619,,pending,,,,5
img_00006102,images/img_00006102.jpg,02_deepfirearm,deepfirearm,2e94a2ab4c867e3d5564f46d7ad1eba31cdd3b92fc49af65fd40f38181a92bac,,pending,,,,5
img_00006103,images/img_00006103.jpg,02_deepfirearm,deepfirearm,468a4c2482652d45e6b5e52e9aab65711e5cd0f711ab8af2f06492c1ab47f8ac,,pending,,,,5
img_00006104,images/img_00006104.jpg,02_deepfirearm,deepfirearm,ce46a0976b606a65c50763810d49e322d6d3d0efcdf99bafa7a2088dfa2f0229,,pending,,,,5
img_00006105,images/img_00006105.jpg,02_deepfirearm,deepfirearm,dac51950f1439fa9f61d75c525f83a515b320c29f834ca6857133ff12fd3f80d,,pending,,,,5
img_00006106,images/img_00006106.jpg,02_deepfirearm,deepfirearm,f2107a958672182ff185a4b15ddced8417bb0999de39b2237e7023f9a847bb97,,pending,,,,5
img_00006107,images/img_00006107.jpg,02_deepfirearm,deepfirearm,64e075c3f39a47ef57fe9b7d2cbfa1a20d328a3e8f416d9e839e24b70382b2fb,,pending,,,,5
img_00006108,images/img_00006108.jpg,02_deepfirearm,deepfirearm,4939701d2f3db5fed61914e71e2e284e8f6993d73939e65bf6f1dbb0eaa78da2,,pending,,,,5
img_00006109,images/img_00006109.jpg,02_deepfirearm,deepfirearm,2d71d5dafd0d88edbb5e79cfd5db43a34c707a2a1290c2dbf83119e3e95f0287,,pending,,,,5
img_00006110,images/img_00006110.jpg,02_deepfirearm,deepfirearm,3ed14d4b9c78df696f05b4cca1132f86f5c924cbe1cbc993dca77eb47cc0243d,,pending,,,,5
img_00006111,images/img_00006111.jpg,02_deepfirearm,deepfirearm,1fff43b39aa0fe0200fc9d3b2bb6210ced275c5b000a6defd0e6ca0105a09050,,pending,,,,5
img_00006112,images/img_00006112.jpg,02_deepfirearm,deepfirearm,97e42181baed7211297966dc7095f923cebfe015933282e026adb1184bc3ccd4,,pending,,,,5
img_00006113,images/img_00006113.jpg,02_deepfirearm,deepfirearm,f4d7bf992877d3bad5d5fa6b1226fea51fd62e3f21a1c6cba1ea4adbad6d544d,,pending,,,,5
img_00006114,images/img_00006114.jpg,02_deepfirearm,deepfirearm,f87e2ed638b6c8b5eba2e31c6ba58453087af755f2004e3fa8a1f52d4ecc63d0,,pending,,,,5
img_00006115,images/img_00006115.jpg,02_deepfirearm,deepfirearm,cec030eb6f545275e6fdb6e2d03946a4ff46066b40947b492a3eef600ce90709,,pending,,,,5
img_00006116,images/img_00006116.jpg,02_deepfirearm,deepfirearm,60750cdc85886aac2c952d6925873c5079d873a8b23b42271f2fa04cfe7842ff,,pending,,,,5
img_00006117,images/img_00006117.jpg,02_deepfirearm,deepfirearm,c91d3c154f60a655152de97c6ff0a4e735ddd332cd18d4b482c314fe441ac397,,pending,,,,5
img_00006118,images/img_00006118.jpg,02_deepfirearm,deepfirearm,d6ac4dd086c55cfa1a5f9d7e8252afc227829a47306e873af47bbc1f4e01fc4f,,pending,,,,5
img_00006119,images/img_00006119.jpg,02_deepfirearm,deepfirearm,477cd7d7b3c81a591a7a3c2a962875d951e6fc5505b7d98c2b913de469ac6aa2,,pending,,,,5
img_00006120,images/img_00006120.jpg,02_deepfirearm,deepfirearm,9cd5e29361fde05bbb604500da0d1836003cdd9a8511e6a22457039e3d8b6ab5,,pending,,,,5
img_00006121,images/img_00006121.jpg,02_deepfirearm,deepfirearm,e1db9634ed876a205528b6c47f4f12d03440050c4ad1f6bd532b71ddc923f919,,pending,,,,5
img_00006122,images/img_00006122.jpg,02_deepfirearm,deepfirearm,9d4494c02dc8bd9cd852a71221827836de45dc004b292124bcdf04358db25808,,pending,,,,5
img_00006123,images/img_00006123.jpg,02_deepfirearm,deepfirearm,b2ea372ead28eeb764b4b67b55a0c9c4682f3f840616474c8e80dfaf5fb4ea73,,pending,,,,5
img_00006124,images/img_00006124.jpg,02_deepfirearm,deepfirearm,7395fcc94d89fc3acaaad3bd4d118b1ed990603624177030ebf7b314e6cee614,,pending,,,,5
img_00006125,images/img_00006125.jpg,02_deepfirearm,deepfirearm,e955706a1ec563456be8b5cebdb663ff51b045bcaab625a8abde04e163d01efa,,pending,,,,5
img_00006126,images/img_00006126.jpg,02_deepfirearm,deepfirearm,6eaba724f40c831a6b72e2255a82b2d29d389ad5f5851d8b182827306854abad,,pending,,,,5
img_00006127,images/img_00006127.jpg,02_deepfirearm,deepfirearm,d781f65fbcfb6133dcf464c923b93ca5b2dcc041045566e6da68a1e316c89b7f,,pending,,,,5
img_00006128,images/img_00006128.jpg,02_deepfirearm,deepfirearm,6b9e396722f1259bf1131f411ac00ca047eb81c8826d6cdf9ba88ff52c8ea6e5,,pending,,,,5
img_00006129,images/img_00006129.jpg,02_deepfirearm,deepfirearm,34c6f9bf0c85dcdbbeff25e901f84e0e526bc7c503b8c5b47f7221eba996af4c,,pending,,,,5
img_00006130,images/img_00006130.jpg,02_deepfirearm,deepfirearm,7fe0e3368b86ce921a9d3e04e6730ea8cb456546b4e5a33a675770a3769d07e8,,pending,,,,5
img_00006131,images/img_00006131.jpg,02_deepfirearm,deepfirearm,9712541a95eb0f023350bd3a599d8dd97d2cd1c28d7da925d3271baa9143e45f,,pending,,,,5
img_00006132,images/img_00006132.jpg,02_deepfirearm,deepfirearm,c956cc38590c27fe38e724b2e45089d6441dd38a0caf8da294f46aa4a76d7efd,,pending,,,,5
img_00006133,images/img_00006133.jpg,02_deepfirearm,deepfirearm,a8fa5d27a635b07519a3ad18b79a3bcede07893d2b822ace72f5d9e5979f470c,,pending,,,,5
img_00006134,images/img_00006134.jpg,02_deepfirearm,deepfirearm,2594c2092bb3e4ae786f3434acf45e6f933e361e69fef1cf1f9c632ef2fc25cc,,pending,,,,5
img_00006135,images/img_00006135.jpg,02_deepfirearm,deepfirearm,825ba45b3be4af46d7acdee80a4421993d644553a03365e160830972c0e578cb,,pending,,,,5
img_00006136,images/img_00006136.jpg,02_deepfirearm,deepfirearm,f725008cc8e0fb919623f2b3d1c423bcd7ab306448dbbaf0856fd7694b22995f,,pending,,,,5
img_00006137,images/img_00006137.jpg,02_deepfirearm,deepfirearm,3dbaa06b0324f6a04690ca378a76e7f6d82fe83c4ed611d1a664d6318869ff5b,,pending,,,,5
img_00006138,images/img_00006138.jpg,02_deepfirearm,deepfirearm,e2c026b056f4e5e146b2c388c61be66bec1cee702b641af9fea0ea62ff83c411,,pending,,,,5
img_00006139,images/img_00006139.jpg,02_deepfirearm,deepfirearm,71250da295afb5981283148a373f83c98ce87f9f4b3bf38253f3310e914bfe3c,,pending,,,,5
img_00006140,images/img_00006140.jpg,02_deepfirearm,deepfirearm,ce70f94cbc66a45c00fb23d9c75b93a03adf414370c04eb1a449e572faa1ca9a,,pending,,,,5
img_00006141,images/img_00006141.jpg,02_deepfirearm,deepfirearm,f971a24208bf17cc3ab23b00a456078b7e346d20fd7b55824aceeb2da81e2e5f,,pending,,,,5
img_00006142,images/img_00006142.jpg,02_deepfirearm,deepfirearm,cbd95a9ff814f46ecc2b565863b73f57afcc24e3169366ab04cf4256d858a16c,,pending,,,,5
img_00006143,images/img_00006143.jpg,02_deepfirearm,deepfirearm,96ce5212291c95b80bf401aa19608f171d010560fb86a92554274bf302fc6fbe,,pending,,,,5
img_00006144,images/img_00006144.jpg,02_deepfirearm,deepfirearm,a9d9e52decde0b39087054a3dc12b3b1a9e5942ff07c3953e5ec643e7970aab2,,pending,,,,5
img_00006145,images/img_00006145.jpg,02_deepfirearm,deepfirearm,0db2e9eda22aa2ec1f20e78e06a420bd8f0ca9cee484c288e3ed7070104b1e1a,,pending,,,,5
img_00006146,images/img_00006146.jpg,02_deepfirearm,deepfirearm,ce97fa2effb5e39dcd2404bba99c6b3d8b3d332272b65516a840f11f8f5f5293,,pending,,,,5
img_00006147,images/img_00006147.jpg,02_deepfirearm,deepfirearm,b0f9c1d5ccdf9bba63e7296cbdf3872247c8d083bc31ba068a7cb1a8cfefa108,,pending,,,,5
img_00006148,images/img_00006148.jpg,02_deepfirearm,deepfirearm,0e6414d0dd940d055b50665cbfd272bb29b773d9c6d00f4d0ed31b9c3b1d07fa,,pending,,,,5
img_00006149,images/img_00006149.jpg,02_deepfirearm,deepfirearm,996d103ea1f5bb4137a8c3e4adc443b61b1dd3b19e36d6d3db2e4c73bdb4b200,,pending,,,,5
img_00006150,images/img_00006150.jpg,02_deepfirearm,deepfirearm,3de57a930eda06547811dc9662b384f99f80da5843da682cbf15192f4c40d342,,pending,,,,5
img_00006151,images/img_00006151.jpg,02_deepfirearm,deepfirearm,6a17e85cfb6a2ceb2f5fb6533f4620fbfb4459d3679cb72bed254e38cc0b59db,,pending,,,,5
img_00006152,images/img_00006152.jpg,02_deepfirearm,deepfirearm,7adbe80229372acb9c4f668c3d4e39eed4ea77dee18429cf8383d3ab19be8ffc,,pending,,,,5
img_00006153,images/img_00006153.jpg,02_deepfirearm,deepfirearm,93b4510bbd368d03f1efc203b69a12aef736ab961182935d79a3936c3b0bac65,,pending,,,,5
img_00006154,images/img_00006154.jpg,02_deepfirearm,deepfirearm,9f04cfbfd85e4c34361d94eb36ade4a4eaf287b5dc34661053c5b8d708e9be55,,pending,,,,5
img_00006155,images/img_00006155.jpg,02_deepfirearm,deepfirearm,02076b0600dd27a33df1c08bbe55b95e2e8b07834777c489c042b4dd03e10bda,,pending,,,,5
img_00006156,images/img_00006156.jpg,02_deepfirearm,deepfirearm,ef7499401118284e6c547286e7de4cf5b381a0b352e602923e2054c69fefe704,,pending,,,,5
img_00006157,images/img_00006157.jpg,02_deepfirearm,deepfirearm,b85ceda894972bcb84338475ee31eec803cffc0df4666b5ad76042ea34a33280,,pending,,,,5
img_00006158,images/img_00006158.jpg,02_deepfirearm,deepfirearm,da100c8fa78e728e28067293a5cda657e7b7c238cd112406530808239b735cab,,pending,,,,5
img_00006159,images/img_00006159.jpg,02_deepfirearm,deepfirearm,256b5b53dfcd68c950f019b3ff9bc9a870ece7a73d734a775895dd9c3d5bad63,,pending,,,,5
img_00006160,images/img_00006160.jpg,02_deepfirearm,deepfirearm,85a189a98da470dd9f8a22b0363dee258775688898a0b5ccf68fc33430c5b768,,pending,,,,5
img_00006161,images/img_00006161.jpg,02_deepfirearm,deepfirearm,45ef3086b87cb483c91f2b705ed20189ecfa8f2b93193616e0e7e9c5aac4cb3d,,pending,,,,5
img_00006162,images/img_00006162.jpg,02_deepfirearm,deepfirearm,7d9874137977db28b85e55009a6b153ce0ac551f13743d28a8cccb3652b75ff9,,pending,,,,5
img_00006163,images/img_00006163.jpg,02_deepfirearm,deepfirearm,f23b093896fb9089e4569ab5e0a97d3673d8db412ac99b768cec783a1bbb6573,,pending,,,,5
img_00006164,images/img_00006164.jpg,02_deepfirearm,deepfirearm,20e3a61ca2a032f7df3dcf66d541a48efe5b498fac8a82748fbfb6cb2903c130,,pending,,,,5
img_00006165,images/img_00006165.jpg,02_deepfirearm,deepfirearm,8b4bceecf6bcc7543419b0b720a1280a99a097e833119cbada9c076aa0ac2cbc,,pending,,,,5
img_00006166,images/img_00006166.jpg,02_deepfirearm,deepfirearm,45fd9f7c399407a5bb35725a3147e59a09ee41992029daed5688f60cab0c0b0d,,pending,,,,5
img_00006167,images/img_00006167.jpg,02_deepfirearm,deepfirearm,599506cb69de0b7443990dcf287d71fbd2c890c5cbac5a5bde1c8a39ae663f1d,,pending,,,,5
img_00006168,images/img_00006168.jpg,02_deepfirearm,deepfirearm,081fadf66db643bcb3f2145c004b37aecb7c3b2aa7e8965dda501176fb7fd347,,pending,,,,5
img_00006169,images/img_00006169.jpg,02_deepfirearm,deepfirearm,c705fb5b715ac7b1e86281c7de3f78d66de26b10e379473025cceebfb639e95e,,pending,,,,5
img_00006170,images/img_00006170.jpg,02_deepfirearm,deepfirearm,d0a3eef90b63ed00614157acd4316c7ca3f5d1fd34daf7385222dd787b3f14a5,,pending,,,,5
img_00006171,images/img_00006171.jpg,02_deepfirearm,deepfirearm,2ea4ce82fd75be4b32a8e50ca6aed8778061e2fa93e43e50166f46da72e2ffe0,,pending,,,,5
img_00006172,images/img_00006172.jpg,02_deepfirearm,deepfirearm,efbbe42567182da7a69a90aa4558a21930a9839a5ff5915ff8edb3298b3ca31c,,pending,,,,5
img_00006173,images/img_00006173.jpg,02_deepfirearm,deepfirearm,1c285677bca8d37a12a0f962fa78c8fdd1d98fe91bcc90055a34ed4f6643ff4e,,pending,,,,5
img_00006174,images/img_00006174.jpg,02_deepfirearm,deepfirearm,a227afa619211603a8dbbc1e6099c2fa8a359a48f011cbbcd85056e2cc0ff8dc,,pending,,,,5
img_00006175,images/img_00006175.jpg,02_deepfirearm,deepfirearm,5a9b8e766352189999d4ff65c68b368ee41c07a2b07d1a320b8f76426eea2952,,pending,,,,5
img_00006176,images/img_00006176.jpg,02_deepfirearm,deepfirearm,e32d7c8c73b5fa1a97cb3b5bf536aedb3faae57a63210c1f483a91a289e53217,,pending,,,,5
img_00006177,images/img_00006177.jpg,02_deepfirearm,deepfirearm,2f0dd577efe3827115f3d9ffc5cb096a18d17f3d91ef42281a492183bc4a694b,,pending,,,,5
img_00006178,images/img_00006178.jpg,02_deepfirearm,deepfirearm,fa76a29ca907145f1775add9d4618df4eb6d06ea51aaeaac0ea1927e1f374cd5,,pending,,,,5
img_00006179,images/img_00006179.jpg,02_deepfirearm,deepfirearm,29461002c8394c8984b3a3dd89b46bd4e76f3790d24953e7d386b45935b2d293,,pending,,,,5
img_00006180,images/img_00006180.jpg,02_deepfirearm,deepfirearm,d63b907faa85020ea9872d449e0f1f5e1968596a7fb4a2ae95b74a44372a5e67,,pending,,,,5
img_00006181,images/img_00006181.jpg,02_deepfirearm,deepfirearm,8ecf668726d230715caecea61df2f5a2c7f911486ca19b37a27d74d79a557afb,,pending,,,,5
img_00006182,images/img_00006182.jpg,02_deepfirearm,deepfirearm,e9c3363c34c7b0eb7dcbb68a5c66aa5f6cc73d324fe8b5f20bfb69b69086c51c,,pending,,,,5
img_00006183,images/img_00006183.jpg,02_deepfirearm,deepfirearm,9eb52cf8062ab4c6d24ec480ab2f2675c5831885f0e5625ae3cf0d628ea4de7f,,pending,,,,5
img_00006184,images/img_00006184.jpg,02_deepfirearm,deepfirearm,5f6d6c5540a24262bcc7f43806a1fab6e6d3ad992691ceaad1b67ab15fce8ed8,,pending,,,,5
img_00006185,images/img_00006185.jpg,02_deepfirearm,deepfirearm,ee2b14a651dddd0197cd50d7c95c16d751fa84108e3579e44be2585f73442a79,,pending,,,,5
img_00006186,images/img_00006186.jpg,02_deepfirearm,deepfirearm,8e23f56264abd6a50dee5ad55d5857ebefefeee0ecb598c95121b504d35eaeb6,,pending,,,,5
img_00006187,images/img_00006187.jpg,02_deepfirearm,deepfirearm,7389a2e002d17a015b363edc2dd87792e2a95721d41b4bee18784ec4a780db3e,,pending,,,,5
img_00006188,images/img_00006188.jpg,02_deepfirearm,deepfirearm,2e8df9abca9a8f5d71d4f6fda660a3efad46736478654825d26ab993142e28ec,,pending,,,,5
img_00006189,images/img_00006189.jpg,02_deepfirearm,deepfirearm,589d50f29d7745ba098d7b2006299b285ece80f8b3c9c836b05846ed3339f2ba,,pending,,,,5
img_00006190,images/img_00006190.jpg,02_deepfirearm,deepfirearm,fc2e63400361152cee96fb0185b0adc11962fee01bf3696f0047646b76ffda4d,,pending,,,,5
img_00006191,images/img_00006191.jpg,02_deepfirearm,deepfirearm,d14520109e60db7433461446594fdaa5c377aa0998c71d8e0753deef8a40e434,,pending,,,,5
img_00006192,images/img_00006192.jpg,02_deepfirearm,deepfirearm,0dbcc84e13634ed0a4dae53f0c0475c1e28a6d1f8fddfb42e623a42b13287238,,pending,,,,5
img_00006193,images/img_00006193.jpg,02_deepfirearm,deepfirearm,f5fc8d090b1b26d86f6731051849326d35c1a64c9f879e2b5d3611d1998eed08,,pending,,,,5
img_00006194,images/img_00006194.jpg,02_deepfirearm,deepfirearm,56e60d8698b402d9e19e8fca78689da7e89f4bde255af2d6c4914bb654e53e29,,pending,,,,5
img_00006195,images/img_00006195.jpg,02_deepfirearm,deepfirearm,17a3e10e5a58b0a7b218bae42ed7bbc90f6f4e2ad00f2ce29a42e0184c476aa5,,pending,,,,5
img_00006196,images/img_00006196.jpg,02_deepfirearm,deepfirearm,34ed1898e3dab6d1f43024f2bb0e4eb44e87abaafd37e1be5f1debe628d5f53f,,pending,,,,5
img_00006197,images/img_00006197.jpg,02_deepfirearm,deepfirearm,9fd9af684f76aa0ed98e6b9e91a1742f16968cb77f42925d929830b06f0cad42,,pending,,,,5
img_00006198,images/img_00006198.jpg,02_deepfirearm,deepfirearm,6527ae8538add58faa1278bf08899e68476690332a66c85fbe6939f62af9d75f,,pending,,,,5
img_00006199,images/img_00006199.jpg,02_deepfirearm,deepfirearm,685d6c5585e49ea6126374670abd8e081a3f43651ac245d73da239338fca3069,,pending,,,,5
img_00006200,images/img_00006200.jpg,02_deepfirearm,deepfirearm,7995ecda7f3e8ac26c8d5a981dcf2c4b236d25e5a94c9fde295af103dda4edc3,,pending,,,,5
img_00006201,images/img_00006201.jpg,02_deepfirearm,deepfirearm,a4ae71959d1b8fd94b805ba4af5499dcd5830cf32776dc4e46bb160588dd7e03,,pending,,,,5
img_00006202,images/img_00006202.jpg,02_deepfirearm,deepfirearm,b29b056ade39cb59fd0c157183e200462dc29a46d78c886321aaa67fec5cae00,,pending,,,,5
img_00006203,images/img_00006203.jpg,02_deepfirearm,deepfirearm,880620be58143db004509fb9aa3fc2d037d8d69c21111e5421e1a2df99b90def,,pending,,,,5
img_00006204,images/img_00006204.jpg,02_deepfirearm,deepfirearm,c826189dee92643d37bedfb8ea3d438aed5ed03e2c12e169ed5816a6cc14e100,,pending,,,,5
img_00006205,images/img_00006205.jpg,02_deepfirearm,deepfirearm,279033eec869138953668f3fab7ee3f0184eb8da86c8b8f6c15b36950903ab97,,pending,,,,5
img_00006206,images/img_00006206.jpg,02_deepfirearm,deepfirearm,e20b08c588fb8edf7bf594ddb92449f118661907ac1af5700fe6625f4c5fdcfe,,pending,,,,5
img_00006207,images/img_00006207.jpg,02_deepfirearm,deepfirearm,497a763bd5819486a8189c9b41559fa4c0a44169d51fb432b86a1ce8f9bc587f,,pending,,,,5
img_00006208,images/img_00006208.jpg,02_deepfirearm,deepfirearm,407a7d809d329a516fd3e4dc440b075b92f10e7054cd5499504c19cfecf7e276,,pending,,,,5
img_00006209,images/img_00006209.jpg,02_deepfirearm,deepfirearm,0542a81eab30e6655a1aeb93a07081c1e860e62b8af368d60251c8b4095b4a6c,,pending,,,,5
img_00006210,images/img_00006210.jpg,02_deepfirearm,deepfirearm,79ae4a74c94e0911cd063bb973be4e6b6360919c355a07b1c27ef7651649f492,,pending,,,,5
img_00006211,images/img_00006211.jpg,02_deepfirearm,deepfirearm,2982c3ec1863eaee47bc5af2d1f54b6622e6cf347d51e802cca795eeaf79793f,,pending,,,,5
img_00006212,images/img_00006212.jpg,02_deepfirearm,deepfirearm,d4c43c442b252323144b6d5ca442dbec1f94f1fcfe6b50d197eb456ce5432467,,pending,,,,5
img_00006213,images/img_00006213.jpg,02_deepfirearm,deepfirearm,e99a6939859017b39cc10f95c3e349527fe625ae4a1cee1418513b709eee409a,,pending,,,,5
img_00006214,images/img_00006214.jpg,02_deepfirearm,deepfirearm,dcf566170d1e77bef372f41a7e5727cbdd77b0d9505495d752c3da060aa5bdfb,,pending,,,,5
img_00006215,images/img_00006215.jpg,02_deepfirearm,deepfirearm,050fe8e2b86e7bcd753fbf5c320ebf5511f90ad82657a90d213d39df8ae9efa6,,pending,,,,5
img_00006216,images/img_00006216.jpg,02_deepfirearm,deepfirearm,fd1deaaebe96ece3c0a1b15050fb142a558443469a12dffb1a1b720c88558bc9,,pending,,,,5
img_00006217,images/img_00006217.jpg,02_deepfirearm,deepfirearm,9d3f0263b5a6ca2dcb861f07c87d1258f5ef49468d9f6c1a0e41dc2d00913294,,pending,,,,5
img_00006218,images/img_00006218.jpg,02_deepfirearm,deepfirearm,8b45cb5d58d4598330b364fce848cfa12adbaa16d9e98dbbb8776aea77f0f0b5,,pending,,,,5
img_00006219,images/img_00006219.jpg,02_deepfirearm,deepfirearm,f6752f507e57bfdb5ba47694d7ede163ab61fe21b255e59d25db91f78f2e7407,,pending,,,,5
img_00006220,images/img_00006220.jpg,02_deepfirearm,deepfirearm,7876739b13019a696dd23524d674ec2a5344415560a8e4f4ebfeab1a7d241cc4,,pending,,,,5
img_00006221,images/img_00006221.jpg,02_deepfirearm,deepfirearm,91bb9f5ac96d0067cb684ca3acd7a275e9ee078b15894d4341f6cacc3228121e,,pending,,,,5
img_00006222,images/img_00006222.jpg,02_deepfirearm,deepfirearm,ab7f89176bd697a4c28d1c6332c7c45367333fa4718cc3c87b2a8219644139de,,pending,,,,5
img_00006223,images/img_00006223.jpg,02_deepfirearm,deepfirearm,edc39d6c499a865b4bf36ddc24737c80355240788b1ca08ba5db287432868ee1,,pending,,,,5
img_00006224,images/img_00006224.jpg,02_deepfirearm,deepfirearm,42eea22cbbb14d8e08b09f8a2008cebb66b1ddd2a18cdfb970b1a3e2824b06b3,,pending,,,,5
img_00006225,images/img_00006225.jpg,02_deepfirearm,deepfirearm,11b1ec3bfdeafd02abcf0ab3933dc2f338d2e0098a3688aa1fb4a423f5ce2893,,pending,,,,5
img_00006226,images/img_00006226.jpg,02_deepfirearm,deepfirearm,1b4834d84710abaaf1b43646a7b226fdcf80bea9459a569d810fcc00da024214,,pending,,,,5
img_00006227,images/img_00006227.jpg,02_deepfirearm,deepfirearm,69a52e41b56e93f713237fffa2b63861f99d8b1608354af8967bd517318995b1,,pending,,,,5
img_00006228,images/img_00006228.jpg,02_deepfirearm,deepfirearm,0d77496875dccc24035cc4b98b8983f48c17d709b58e0cdf13a090899835f424,,pending,,,,5
img_00006229,images/img_00006229.jpg,02_deepfirearm,deepfirearm,12bf948e7da144cf303a4f080efbf49e4706c00c168db235b0ecec7282a804d0,,pending,,,,5
img_00006230,images/img_00006230.jpg,02_deepfirearm,deepfirearm,d42f79db3db11c0d62f97a6a90d4236b9bbfe597407c8bbfdd1621a6bce0f151,,pending,,,,5
img_00006231,images/img_00006231.jpg,02_deepfirearm,deepfirearm,71f5303d32683ea40865f3dc3746752ebde31f7350675eb59ff7c124c0acb529,,pending,,,,5
img_00006232,images/img_00006232.jpg,02_deepfirearm,deepfirearm,c61442d38815f47237ac83b0598bded4667f99da321fd1203ca0ab2228b505af,,pending,,,,5
img_00006233,images/img_00006233.jpg,02_deepfirearm,deepfirearm,7b2609df4086be43e6e8bff72e445010db84ca092defaf8ec88b16a27887d509,,pending,,,,5
img_00006234,images/img_00006234.jpg,02_deepfirearm,deepfirearm,6ad166021ef730abe3ecd75a11585cc27240f42a209488c054acc68c4f09499f,,pending,,,,5
img_00006235,images/img_00006235.jpg,02_deepfirearm,deepfirearm,b52991040d2b08782a3531bc129f4ad33ee7cbbfa0421eb637e2fe97299f2728,,pending,,,,5
img_00006236,images/img_00006236.jpg,02_deepfirearm,deepfirearm,443f7ada9c0b736aec62940d7fe265cb37a2014776ec8e3ba4a86dc65fe3f4ed,,pending,,,,5
img_00006237,images/img_00006237.jpg,02_deepfirearm,deepfirearm,5316bcd5581f712455254a3a87e08576254745acf29c9ff4d0bbff27b62312af,,pending,,,,5
img_00006238,images/img_00006238.jpg,02_deepfirearm,deepfirearm,46bca3237760bf90b34208ce41007156274d60497c87ba7a2af4ffec17c3a74a,,pending,,,,5
img_00006239,images/img_00006239.jpg,02_deepfirearm,deepfirearm,ad5dcf6318a908f27159f5413cbb1ece5bc2e0f15fcd2f2a6ad316e7c3f0ff6f,,pending,,,,5
img_00006240,images/img_00006240.jpg,02_deepfirearm,deepfirearm,8917aac059b0c7ae97caf824d3870a0b787bf73415fafebb4ba4509e94c7cd50,,pending,,,,5
img_00006241,images/img_00006241.jpg,02_deepfirearm,deepfirearm,5d87e755feaf21d12d4615c33c19d9035b36e6b8ef98dc3bf7533cbc19291171,,pending,,,,5
img_00006242,images/img_00006242.jpg,02_deepfirearm,deepfirearm,ebd668ca501bf1039631894c469ef97ea83e5e5774ba68607699107d4860ab57,,pending,,,,5
img_00006243,images/img_00006243.jpg,02_deepfirearm,deepfirearm,72d33e307273587e2a6e9eec649755a75833082754af5e2de61c6cf8214aa928,,pending,,,,5
img_00006244,images/img_00006244.jpg,02_deepfirearm,deepfirearm,038bb605309a2c8339926f4dfe8e2658ef2dddfdc7432597d47cfc8b62a65b6d,,pending,,,,5
img_00006245,images/img_00006245.jpg,02_deepfirearm,deepfirearm,33c09c5bfe3f5046962d76e8c82ccb53c4e52b99d79af7d6bcb74ec155272eeb,,pending,,,,5
img_00006246,images/img_00006246.jpg,02_deepfirearm,deepfirearm,c3c996aa63805b17187c205ae3a2ee2ad147206e8a2f0497cf30c74efedc54a7,,pending,,,,5
img_00006247,images/img_00006247.jpg,02_deepfirearm,deepfirearm,76997e9444b1a1e432e12f8b49d201d9eb3aa234c2de9df69744d3600fbd8c74,,pending,,,,5
img_00006248,images/img_00006248.jpg,02_deepfirearm,deepfirearm,17cab9e1f24ae3ee99ee03d9d8db19e2f15f18e443637ec87b04b322fdc3ce03,,pending,,,,5
img_00006249,images/img_00006249.jpg,02_deepfirearm,deepfirearm,fb34f17e1a6cafcf52b9799fc8df522f97ba03454f54dc2962c131689c582481,,pending,,,,5
img_00006250,images/img_00006250.jpg,02_deepfirearm,deepfirearm,63e4b14866abb46b36f6fcd6bf2a9b7c811589a229b099ac3eafaf8a9bda95ad,,pending,,,,5
img_00006251,images/img_00006251.jpg,02_deepfirearm,deepfirearm,909367891d86c424460bd15fd583592699091cd1ecd5386255118dcdd7f064e1,,pending,,,,5
img_00006252,images/img_00006252.jpg,02_deepfirearm,deepfirearm,cc996a212f58a98b93dd5b1ef35f941839947332d5bf2cde836c3d0cd41fafd5,,pending,,,,5
img_00006253,images/img_00006253.jpg,02_deepfirearm,deepfirearm,1ea39c548ba17d7bf71daeb4e4a2966f0d2fb7808832d97f31b1ac44860c0d61,,pending,,,,5
img_00006254,images/img_00006254.jpg,02_deepfirearm,deepfirearm,f7c5069f52cc911a85f9f80f0c77a5384c576e55d5465569e95c99cee10c232f,,pending,,,,5
img_00006255,images/img_00006255.jpg,02_deepfirearm,deepfirearm,679dc70ff1f8381605d6f4f72040c9e6ab11ed8fa34bcd15fc72b02185a62ca5,,pending,,,,5
img_00006256,images/img_00006256.jpg,02_deepfirearm,deepfirearm,b4b6b393cfabd608c7b0e27f044878e011a5987563b8e9b0469aec0548c26490,,pending,,,,5
img_00006257,images/img_00006257.jpg,02_deepfirearm,deepfirearm,00d740ddeadbb90dc5bf10200b2c23b172e454be6fe0821c53143cd43ef31e8c,,pending,,,,5
img_00006258,images/img_00006258.jpg,02_deepfirearm,deepfirearm,11577c140f9aa3a983f7fd5a88d9fd0f4c63e5732951f3fc6a2890ec5ccab025,,pending,,,,5
img_00006259,images/img_00006259.jpg,02_deepfirearm,deepfirearm,72e731eb93689345f46162f12b7aca24f1e3a4724e7100ca756ba97e45d9c984,,pending,,,,5
img_00006260,images/img_00006260.jpg,02_deepfirearm,deepfirearm,443412a47a120569d2b64552e5f3974e555c2d1098a7cb158c8795b2251d114c,,pending,,,,5
img_00006261,images/img_00006261.jpg,02_deepfirearm,deepfirearm,76d285584f2cbaa7a4dcbd8d91a281445e1944dd6123f0b0db21257595cc75c0,,pending,,,,5
img_00006262,images/img_00006262.jpg,02_deepfirearm,deepfirearm,f31242aa8ffe6e12739123b0afab35c4a87bc3d0fd1537054537d85a27a1118a,,pending,,,,5
img_00006263,images/img_00006263.jpg,02_deepfirearm,deepfirearm,68271dbbb540143e1cd23c7dbab551033e36ad4211584b62a04614ab03dbadaa,,pending,,,,5
img_00006264,images/img_00006264.jpg,02_deepfirearm,deepfirearm,6e492d8be54787824d67443e1cabdb760fc579ec083861848b8375c3ae5b70f3,,pending,,,,5
img_00006265,images/img_00006265.jpg,02_deepfirearm,deepfirearm,27de5f0fb9f469d9dd310f985150dd7be47cc9e72b20b571f6130f683338dc24,,pending,,,,5
img_00006266,images/img_00006266.jpg,02_deepfirearm,deepfirearm,c00187eaee6903d2096c56a67c4917ebdcb8d76bcb2948d7c794bfb6b53a58b4,,pending,,,,5
img_00006267,images/img_00006267.jpg,02_deepfirearm,deepfirearm,dbbf6d4a379fc697f9d8e2842dd127edbda4754bf2ea488db5ce40a500e673cc,,pending,,,,5
img_00006268,images/img_00006268.jpg,02_deepfirearm,deepfirearm,6d8fa7047fad3a045b5874e76b41c129037763e9c19fc14a88d60547c5b37892,,pending,,,,5
img_00006269,images/img_00006269.jpg,02_deepfirearm,deepfirearm,bcbfea2da990f00acf4d07e74b2afe10a516d21d8956c273c42b2c7e75a2ddfe,,pending,,,,5
img_00006270,images/img_00006270.jpg,02_deepfirearm,deepfirearm,157662af9c7f5e16fd9f10106fb151ade7a52835e850d5f5b71789997ffb5093,,pending,,,,5
img_00006271,images/img_00006271.jpg,02_deepfirearm,deepfirearm,452243eacae2704f044b1d324b5da0b34676da652d783538291b5932277bef77,,pending,,,,5
img_00006272,images/img_00006272.jpg,02_deepfirearm,deepfirearm,cc38ccc142c99d61281e944acb8f56edf5345573da3cceb7d710b49a43935285,,pending,,,,5
img_00006273,images/img_00006273.jpg,02_deepfirearm,deepfirearm,2819ed1aee19a6848937911fdbb06caacb0b0e0950e0214ffb1189c3cb25cf02,,pending,,,,5
img_00006274,images/img_00006274.jpg,02_deepfirearm,deepfirearm,c321a4d39773265ff9a9eb2aa5aa888c99be31d676ce9f5202e7b79e658f28b5,,pending,,,,5
img_00006275,images/img_00006275.jpg,02_deepfirearm,deepfirearm,0c4b6b2fc065e83b9085adda37e728c104a178008bb3ffee6e0b327d5cea1b4a,,pending,,,,5
img_00006276,images/img_00006276.jpg,02_deepfirearm,deepfirearm,00273fc402a46b682963208a35abaf12bf53bad89f20fbae02ff9eca316c8a8a,,pending,,,,5
img_00006277,images/img_00006277.jpg,02_deepfirearm,deepfirearm,2f931cddf3ac8a3d90844247ec61b04582f4c7697922f7b722f586a8c1046e04,,pending,,,,5
img_00006278,images/img_00006278.jpg,02_deepfirearm,deepfirearm,ef85947c9a2800073e31e6650b10580ce54219f75009f18145f0db2b1153e218,,pending,,,,5
img_00006279,images/img_00006279.jpg,02_deepfirearm,deepfirearm,b60209cc85a19cf0237a8e34d741a8f1ef3b687f21d1b9efd4761f9a65a39f11,,pending,,,,5
img_00006280,images/img_00006280.jpg,02_deepfirearm,deepfirearm,52046d7d3e913657b9a034726720db20a6298d234b343a0ea43bfd4677245527,,pending,,,,5
img_00006281,images/img_00006281.jpg,02_deepfirearm,deepfirearm,f9d46be0ee591dc6671d69b7146e3ee1a76e345beb86184dc97c03ba6a383511,,pending,,,,5
img_00006282,images/img_00006282.jpg,02_deepfirearm,deepfirearm,7e50a498fa44610f037cec1e53de37be910118d6a246c2a091149f3cc6bc9f2e,,pending,,,,5
img_00006283,images/img_00006283.jpg,02_deepfirearm,deepfirearm,648b9fc6563973aff8c977df6164dd6bd8e150d540693c0fa58b827f43544eef,,pending,,,,5
img_00006284,images/img_00006284.jpg,02_deepfirearm,deepfirearm,21870372bf704651f4297b8c2f9255539e2de8bf8855ac76cb632a549850c795,,pending,,,,5
img_00006285,images/img_00006285.jpg,02_deepfirearm,deepfirearm,28974c5de51ab0e3871fc192f562337fdc0d40fa12090144af690b470ca9471b,,pending,,,,5
img_00006286,images/img_00006286.jpg,02_deepfirearm,deepfirearm,cb3698c9efb68237afb8db823aac669a27d297b86bc1de69c0c5db822b8cdb1c,,pending,,,,5
img_00006287,images/img_00006287.jpg,02_deepfirearm,deepfirearm,417fbe769d846f10db3e7ca5f3443eecb4319752a20a377335e0b15ace66e51c,,pending,,,,5
img_00006288,images/img_00006288.jpg,02_deepfirearm,deepfirearm,931d34b9cc8e83184b1f3df67def4559cbd9b4295b23cc5a071ad39bf81fce09,,pending,,,,5
img_00006289,images/img_00006289.jpg,02_deepfirearm,deepfirearm,0bc1562e3625779bdb3265846345c31c6ad5bf217906345bf2eaf2ee4f7419ea,,pending,,,,5
img_00006290,images/img_00006290.jpg,02_deepfirearm,deepfirearm,99e75d24339f366b6d0f8b3745c3ad06620f39de260645a3706ac1a5ae36d983,,pending,,,,5
img_00006291,images/img_00006291.jpg,02_deepfirearm,deepfirearm,208b4e0afb42327a9ce0ec3a844a54a215984410d7c46b964f7c41dcc210a259,,pending,,,,5
img_00006292,images/img_00006292.jpg,02_deepfirearm,deepfirearm,e31fa0940c3d98b809038d7d5e6ec44f008d6c39597c578495a3164c229dcba4,,pending,,,,5
img_00006293,images/img_00006293.jpg,02_deepfirearm,deepfirearm,f57f71d16a6722a6c4752fd8a31745748d0b60ac7fa92ce70c4d99e80b330073,,pending,,,,5
img_00006294,images/img_00006294.jpg,02_deepfirearm,deepfirearm,eeb4e3a6bb6049629cf9ec2d4e71b8356c44a5740567c36d22869f5049793df0,,pending,,,,5
img_00006295,images/img_00006295.jpg,02_deepfirearm,deepfirearm,51524dfe8125a64976b5cde68e74d5baf9d4d4d2407f641c85d9ebd5bd5a8576,,pending,,,,5
img_00006296,images/img_00006296.jpg,02_deepfirearm,deepfirearm,9737ebea2987967cfe5000f46b9cd89ed4a7a021bdeff47f4ebe1846ba691eb6,,pending,,,,5
img_00006297,images/img_00006297.jpg,02_deepfirearm,deepfirearm,bf44373e728c81e9635ea599a7d73812b5d89dd67840f9aaa59a95016d0f4d2b,,pending,,,,5
img_00006298,images/img_00006298.jpg,02_deepfirearm,deepfirearm,9d27d745ce5a64b7469c06fa3929e501a9b7ab3b538dcc373942362de83949f6,,pending,,,,5
img_00006299,images/img_00006299.jpg,02_deepfirearm,deepfirearm,c0a94c12d7bf367073ba152986544bfe88b55d907d1897e990b542dbd7ba8483,,pending,,,,5
img_00006300,images/img_00006300.jpg,02_deepfirearm,deepfirearm,60da326843cfbe032b09eb63935519b699d35d1925dc5d8752a25e13c2cc1f22,,pending,,,,5
img_00006301,images/img_00006301.jpg,02_deepfirearm,deepfirearm,86dc7637a56d89cb06f68124b198dab800f55f11a2fbf30cc28195535ac021bf,,pending,,,,5
img_00006302,images/img_00006302.jpg,02_deepfirearm,deepfirearm,f69a5e9389da215334edee50a678d5ca23623c8c398a615843fc91439d40db0b,,pending,,,,5
img_00006303,images/img_00006303.jpg,02_deepfirearm,deepfirearm,d4e2effdeb8ceccd14be7efb0d0bb825c4ca26128c454ebfb1aae75ccb901d44,,pending,,,,5
img_00006304,images/img_00006304.jpg,02_deepfirearm,deepfirearm,c91180a509467f6bcb6be39418f4712613ed2673ef037ae31fb6c2188b0a50b5,,pending,,,,5
img_00006305,images/img_00006305.jpg,02_deepfirearm,deepfirearm,942152fb8114eb5e36e768c810523404c6ba24832b7fc1f0de46570cb6c72a43,,pending,,,,5
img_00006306,images/img_00006306.jpg,02_deepfirearm,deepfirearm,2e9f06e859f981deef2643c12aa3488158db3cae585831e21c083fedc3f8a97d,,pending,,,,5
img_00006307,images/img_00006307.jpg,02_deepfirearm,deepfirearm,d2efeedfb7cc41b45a021aa63bcd79e24d18608499f10dd5d37983d9c4042916,,pending,,,,5
img_00006308,images/img_00006308.jpg,02_deepfirearm,deepfirearm,ccd91228962976c55b12723807b6b667d3a84589749b3041c86eb90fdd892881,,pending,,,,5
img_00006309,images/img_00006309.jpg,02_deepfirearm,deepfirearm,3961f3649577e863c62eb9e22f612dce708167c0fe058c5234e893f3fb108e6c,,pending,,,,5
img_00006310,images/img_00006310.jpg,02_deepfirearm,deepfirearm,4b3e2c9a06f6923355ca169b61274759a9ba012572907a225357e4a090d3d8fb,,pending,,,,5
img_00006311,images/img_00006311.jpg,02_deepfirearm,deepfirearm,0c4ffd78b0c32f4b086f0093a34dba625bff52a46383acd5860137dd2f03a024,,pending,,,,5
img_00006312,images/img_00006312.jpg,02_deepfirearm,deepfirearm,5cee623328aaef1ef1a1859774cb552a4b2d569fffae241797484613391b9eb4,,pending,,,,5
img_00006313,images/img_00006313.jpg,02_deepfirearm,deepfirearm,5ae7b4fa3ac8a3852f861b2e6aa3abfac7d721c9294c6f3b381163a0789c688e,,pending,,,,5
img_00006314,images/img_00006314.jpg,02_deepfirearm,deepfirearm,456ad41c35e36c88f341ab4086f1b5725b6a388604ab6c3c9ae81317154da85b,,pending,,,,5
img_00006315,images/img_00006315.jpg,02_deepfirearm,deepfirearm,0451c3432e4602588358b4a3b57c489584c08c50f407a157e04e49c7703ee8b6,,pending,,,,5
img_00006316,images/img_00006316.jpg,02_deepfirearm,deepfirearm,782c7231d7055a9452cd6fb648fca9343b3c22f7aaf46b7699ecedd2af052401,,pending,,,,5
img_00006317,images/img_00006317.jpg,02_deepfirearm,deepfirearm,9abe42a2129d9c7864ad2941fb52f986b2c3d4da406aa3f8ed8a147e44dad870,,pending,,,,5
img_00006318,images/img_00006318.jpg,02_deepfirearm,deepfirearm,7a25dcb367f833f649768210eac9976c669fe347a24970f4eed0b5a0e13d3c28,,pending,,,,5
img_00006319,images/img_00006319.jpg,02_deepfirearm,deepfirearm,c3e906f64faafa7706ef36b7e1c01fa1c762719fafbfacbad431eb19594f4c75,,pending,,,,5
img_00006320,images/img_00006320.jpg,02_deepfirearm,deepfirearm,3b03a4a4c078005bfb2ca5693828077ed25a7e6a94df3c7cc97b15b764874f47,,pending,,,,5
img_00006321,images/img_00006321.jpg,02_deepfirearm,deepfirearm,d5f4ccbe4a70d53dff74c623bfa73e3bb0eadc8915caf1ae9661407eb8989b9b,,pending,,,,5
img_00006322,images/img_00006322.jpg,02_deepfirearm,deepfirearm,4a9f13c18419ce4083ca11996582581b6750887420328b045ed672d94ed1636d,,pending,,,,5
img_00006323,images/img_00006323.jpg,02_deepfirearm,deepfirearm,09ab9efd893f30e34621b9dab1c7dd79d7bcd50b875501bd47df8ab2db090016,,pending,,,,5
img_00006324,images/img_00006324.jpg,02_deepfirearm,deepfirearm,88835ee007ac8278f00a10e898f49d949baa1f8dce68f95973cb9b4986403543,,pending,,,,5
img_00006325,images/img_00006325.jpg,02_deepfirearm,deepfirearm,6a3542deb39c6428fe2920250b4ff8d882b86db28adae7363a95c35e4828d587,,pending,,,,5
img_00006326,images/img_00006326.jpg,02_deepfirearm,deepfirearm,3f20f025dd0a372d95a752ecd77f516f924eeaf8d7e7a030b5a52ce420859268,,pending,,,,5
img_00006327,images/img_00006327.jpg,02_deepfirearm,deepfirearm,3fe0afbc93f1f9b5530af88343ec68ee62f6b84733781c1ffc0cc3ee376b8397,,pending,,,,5
img_00006328,images/img_00006328.jpg,02_deepfirearm,deepfirearm,73852e9010fe6be5e67efeaad28063c16b91e8286d1c67690ca4681062e0dae5,,pending,,,,5
img_00006329,images/img_00006329.jpg,02_deepfirearm,deepfirearm,caf0dd36297d2b5eff554a787412a9ec28aad74cf2d6f2ce939215778f6741d5,,pending,,,,5
img_00006330,images/img_00006330.jpg,02_deepfirearm,deepfirearm,84944749c3dfec0856e610cbb4b04526712362400d9dbddfacda400edd203ebf,,pending,,,,5
img_00006331,images/img_00006331.jpg,02_deepfirearm,deepfirearm,5109db95823608fe41bfd593fb788cdd1b24bacad79b13cf24c5ae223381a40c,,pending,,,,5
img_00006332,images/img_00006332.jpg,02_deepfirearm,deepfirearm,05f5e8e201c85a47405ff6dc2003992955884e8e49f1eb090e50a8fabb8f3cfd,,pending,,,,5
img_00006333,images/img_00006333.jpg,02_deepfirearm,deepfirearm,8d8fe7d0b37fb3ecc9d2f81a16038468c403cab947c423fc79a3029241a1b8c1,,pending,,,,5
img_00006334,images/img_00006334.jpg,02_deepfirearm,deepfirearm,7cf52afc86fecf124d9822e08c5fe306b1e59e4db6717230004bc97eec08b7f9,,pending,,,,5
img_00006335,images/img_00006335.jpg,02_deepfirearm,deepfirearm,92e37d833d646c25ad75cbdb9c707b38b3a312c7b7cdfb7adbcff390c803cf21,,pending,,,,5
img_00006336,images/img_00006336.jpg,02_deepfirearm,deepfirearm,b74a0dafadeff43a9bee5fbf552875ef9d02fac46ae4eee7070721156ee0d99d,,pending,,,,5
img_00006337,images/img_00006337.jpg,02_deepfirearm,deepfirearm,b90b8ccc281c94012060a06f4c2648a67d1e902f7074fc99f4cc2c05ec956436,,pending,,,,5
img_00006338,images/img_00006338.jpg,02_deepfirearm,deepfirearm,a8ae1336c63ddc4721df40ba20359476b255d3ca1983ab4b00712e8cce229d8b,,pending,,,,5
img_00006339,images/img_00006339.jpg,02_deepfirearm,deepfirearm,40a7c01e3367fb40c50caea8f5622ff214b26ba50a628105c886913a47e82d8d,,pending,,,,5
img_00006340,images/img_00006340.jpg,02_deepfirearm,deepfirearm,27dad995dfb943d2558fe943be60747c08c7afadbb680b54e3c991782125ac03,,pending,,,,5
img_00006341,images/img_00006341.jpg,02_deepfirearm,deepfirearm,e87dda6b0947200e030cad4e594f82eceaf5f1f8ee9e1cdad4be0cab34f25963,,pending,,,,5
img_00006342,images/img_00006342.jpg,02_deepfirearm,deepfirearm,0bef5aa4397fd70842c583811f0549d80622b0a5dbc922824073d78b5c9d7489,,pending,,,,5
img_00006343,images/img_00006343.jpg,02_deepfirearm,deepfirearm,a1b73cb2ff7efbef9e257952640ef8e4093747f51e52f648765e5b51e3dbf9b4,,pending,,,,5
img_00006344,images/img_00006344.jpg,02_deepfirearm,deepfirearm,0b9784654a1848f213f432bf89b8ba4af782c9dbfcce8d690ead6ba44ff65ecc,,pending,,,,5
img_00006345,images/img_00006345.jpg,02_deepfirearm,deepfirearm,e9782c10cebaac9dbda0496251569a641759485d1f0a972b111effeb9f033353,,pending,,,,5
img_00006346,images/img_00006346.jpg,02_deepfirearm,deepfirearm,0be6ee81ff06198410e5e29522298660f9e04fcc8f621c70bf660f999bd1f8a3,,pending,,,,5
img_00006347,images/img_00006347.jpg,02_deepfirearm,deepfirearm,cfdda4ef9992592e031aa47faaa535cb69c32bc85c550a437cda76ff9369d51c,,pending,,,,5
img_00006348,images/img_00006348.jpg,02_deepfirearm,deepfirearm,a90bfa821ab243b649f7af71695b831c02caa9d3fb70a5a20b5cf7abec3525fd,,pending,,,,5
img_00006349,images/img_00006349.jpg,02_deepfirearm,deepfirearm,c85aa3aa694aeafca1b507fedcf0156888d4e39a0252b946dec775ef6a329b57,,pending,,,,5
img_00006350,images/img_00006350.jpg,02_deepfirearm,deepfirearm,ec8e5d715f5e88724ee072bc51630a9c7acb428820b34bf235f47552096a5b12,,pending,,,,5
img_00006351,images/img_00006351.jpg,02_deepfirearm,deepfirearm,f90b333ebd7ee98d37a3318ad00f60d6424a02609518e59e0187f3e1844dc355,,pending,,,,5
img_00006352,images/img_00006352.jpg,02_deepfirearm,deepfirearm,db9df5a2be2b0f83d2c0abdfbf4c1014a91bac96f501f7af45343ac1cfe5f7e0,,pending,,,,5
img_00006353,images/img_00006353.jpg,02_deepfirearm,deepfirearm,96e669df95151a89c9098c82c928abfb760fcff9545ab50f941c93b2b887eb4a,,pending,,,,5
img_00006354,images/img_00006354.jpg,02_deepfirearm,deepfirearm,830908d7a09a4f521d162d77366c83c899364e816b6d6abc7645e9eec35d8825,,pending,,,,5
img_00006355,images/img_00006355.jpg,02_deepfirearm,deepfirearm,f4dc3084533178a6251fd11b6d7f1aec7b3be130c5db41f6aa0ada107130d9a0,,pending,,,,5
img_00006356,images/img_00006356.jpg,02_deepfirearm,deepfirearm,364ea8d2d11bc1b535ee0b125806a600b84b5d765962d467a07462df1ffcc3ac,,pending,,,,5
img_00006357,images/img_00006357.jpg,02_deepfirearm,deepfirearm,52b7d239d7e8a5e2f8775e77bbfaee1cb49b97dd431d33a412c9f37db4039daf,,pending,,,,5
img_00006358,images/img_00006358.jpg,02_deepfirearm,deepfirearm,6f04e0d2008a7fa34242dca2fac4536adf66b23bf7378b9cff70cfe3fdf40765,,pending,,,,5
img_00006359,images/img_00006359.jpg,02_deepfirearm,deepfirearm,0590171de7dc6d5c97ffa5ead20f452ee7c6d9feeff34ef9913310166944b31d,,pending,,,,5
img_00006360,images/img_00006360.jpg,02_deepfirearm,deepfirearm,ea6f9b4c742abd7556f44102c7a7da63c9dba40b32e026e912d6595ed0330f4b,,pending,,,,5
img_00006361,images/img_00006361.jpg,02_deepfirearm,deepfirearm,0e43980f3472a3e2764e6ba519d41f48a8ce29307cb1e42d164f1fd3f091436f,,pending,,,,5
img_00006362,images/img_00006362.jpg,02_deepfirearm,deepfirearm,000714423ccae10e3a037ad1c67d46dffd5b9e392535f556eb2c004a60807125,,pending,,,,5
img_00006363,images/img_00006363.jpg,02_deepfirearm,deepfirearm,1fe9fac75675d34c810da8e8a93b6391f16684030a9458454c04555e68b5a25d,,pending,,,,5
img_00006364,images/img_00006364.jpg,02_deepfirearm,deepfirearm,c1fd7f02b9c72955c8e9db3bf155a646c7bb81d43f0fe0a13e884e7654612f5d,,pending,,,,5
img_00006365,images/img_00006365.jpg,02_deepfirearm,deepfirearm,31f43038a4129848367625801760f10b5402ad8b2b7d262ade5752d8aa52930a,,pending,,,,5
img_00006366,images/img_00006366.jpg,02_deepfirearm,deepfirearm,082fe6b7808ae670938e785ec6c4e124aca27d01fad2e38dd8498f36008dd2cb,,pending,,,,5
img_00006367,images/img_00006367.jpg,02_deepfirearm,deepfirearm,2090e9aef1e96dce96a3c36ad8159517f2f72b567297f488b3f5eb227d2f8181,,pending,,,,5
img_00006368,images/img_00006368.jpg,02_deepfirearm,deepfirearm,9786bde77a0a37ff412843ad2c3a7dfd98b1cfa8e25cee978ba701a4c76f8c62,,pending,,,,5
img_00006369,images/img_00006369.jpg,02_deepfirearm,deepfirearm,94f9915e6e3721fbfcd447d9640f4f86d46e200c2c5359655d00ec0d73dd6774,,pending,,,,5
img_00006370,images/img_00006370.jpg,02_deepfirearm,deepfirearm,190a1155532e39ebeb761d522957d24ada6cb8751bd401959573a90a6c2abf2a,,pending,,,,5
img_00006371,images/img_00006371.jpg,02_deepfirearm,deepfirearm,ae1f0bc981fbb680969b4c9fa39dcbfba1957c865b35fbcd40f767c10eb94d9a,,pending,,,,5
img_00006372,images/img_00006372.jpg,02_deepfirearm,deepfirearm,9cfe6c469d14203cb19d7aa5df519f938e95e25eae741175b0167a6eb2e34d20,,pending,,,,5
img_00006373,images/img_00006373.jpg,02_deepfirearm,deepfirearm,3b2ed355fa0faa922881232ca2d50b52a71b19013d44306e22da495f712b6893,,pending,,,,5
img_00006374,images/img_00006374.jpg,02_deepfirearm,deepfirearm,05798c54ed81b8d69a3120ea04eb09f6d08a546cc254c3033528635b6e8f2f04,,pending,,,,5
img_00006375,images/img_00006375.jpg,02_deepfirearm,deepfirearm,d3c0187c35e52fac1eefabfe55f7a3e3628fcb6d1e035150082f5bdcc6172318,,pending,,,,5
img_00006376,images/img_00006376.jpg,02_deepfirearm,deepfirearm,48ab6a3c5ffe89513a74f196a8d346c171be34ed1b52e25194318ff7aa1bcc98,,pending,,,,5
img_00006377,images/img_00006377.jpg,02_deepfirearm,deepfirearm,b8e7e7a471a7847481ecea3c3340a58fc8aca5dcc45ff97d9bd933c16861c858,,pending,,,,5
img_00006378,images/img_00006378.jpg,02_deepfirearm,deepfirearm,81fcda8ed845995ed5547a1efc791c4c4a3fc9fb424fbeb91c62f3429a9b015a,,pending,,,,5
img_00006379,images/img_00006379.jpg,02_deepfirearm,deepfirearm,990c0978fe349ee5f1a9f378268f48a105f0b078e0fa898adcbdc041bcacb417,,pending,,,,5
img_00006380,images/img_00006380.jpg,02_deepfirearm,deepfirearm,dbfbbba92b2c0ccb17f38e28868f84e1385af37402a77b36f63de3af3a633682,,pending,,,,5
img_00006381,images/img_00006381.jpg,02_deepfirearm,deepfirearm,b8ea6ac2019ac83f955acab3abef234bd0a8ce515f29586f9fe6876182cd6a7e,,pending,,,,5
img_00006382,images/img_00006382.jpg,02_deepfirearm,deepfirearm,41de03b289e435f61ee8dd62dfed8e8117a0e4974f15e225127049728c132daf,,pending,,,,5
img_00006383,images/img_00006383.jpg,02_deepfirearm,deepfirearm,9982f2e744f37ca9d2b27a9bec3d7280acfbe5e035e9685d71f5e7227a255182,,pending,,,,5
img_00006384,images/img_00006384.jpg,02_deepfirearm,deepfirearm,c1e2c3dd300124b7a0b4602310df2b21741540b16f3c16e3518d9557461d61d2,,pending,,,,5
img_00006385,images/img_00006385.jpg,02_deepfirearm,deepfirearm,045701caec20e93cd9d2849edda525b7e6a5fa5ebea367c345e8ae594ab42902,,pending,,,,5
img_00006386,images/img_00006386.jpg,02_deepfirearm,deepfirearm,302a3849423609a5ebfcd83b6701594ac0fe3946168de7d59e8eec08d80dc6cd,,pending,,,,5
img_00006387,images/img_00006387.jpg,02_deepfirearm,deepfirearm,54a1f808b1975ad42465da1c826517010640fec46e158c71b87aa2e037089ebe,,pending,,,,5
img_00006388,images/img_00006388.jpg,02_deepfirearm,deepfirearm,508912abb5b7035dbb7734016b8919531b7b7a136c55ef434f93483b118e0561,,pending,,,,5
img_00006389,images/img_00006389.jpg,02_deepfirearm,deepfirearm,cfa9419a2f56d431bcde0e903e25aae6278338005e32609d1eb1844bdb654a60,,pending,,,,5
img_00006390,images/img_00006390.jpg,02_deepfirearm,deepfirearm,2443949f19e7b8fbfa56ea8295deb6090e892126df9bc138531a3331ad766dd5,,pending,,,,5
img_00006391,images/img_00006391.jpg,02_deepfirearm,deepfirearm,8721fae195ec03a852d874c672da137993e520c80378ab5cb92953b0d5be84df,,pending,,,,5
img_00006392,images/img_00006392.jpg,02_deepfirearm,deepfirearm,00a7d284898ea1e5589f2b6a537653a14b5f5422e819334c4ac1974f3931b931,,pending,,,,5
img_00006393,images/img_00006393.jpg,02_deepfirearm,deepfirearm,85309c85463ed83811305fc8c5e77324cd4f847aeee8db887be93a83a0fa4094,,pending,,,,5
img_00006394,images/img_00006394.jpg,02_deepfirearm,deepfirearm,3effe98fcc811989d034745bdfb2f551fafed30652167b6a0cb66279f84f1493,,pending,,,,5
img_00006395,images/img_00006395.jpg,02_deepfirearm,deepfirearm,542491bc4f3b23f6e0e7eb565b302b7fd2609a0b785a97fa89ffe65f3f7125cb,,pending,,,,5
img_00006396,images/img_00006396.jpg,02_deepfirearm,deepfirearm,0c2ae247601f393254fadb89d4fa4d42414ec7038b5fd8f7f30098d1f433059c,,pending,,,,5
img_00006397,images/img_00006397.jpg,02_deepfirearm,deepfirearm,c88323cca84278c4b5a65ab9f08a0820c21bccc8a8007b078a93de3a7d533245,,pending,,,,5
img_00006398,images/img_00006398.jpg,02_deepfirearm,deepfirearm,39404f4bbc7c045bd7011fe5777c44d80b648a4c7abc41e0dc6afae6afeecedc,,pending,,,,5
img_00006399,images/img_00006399.jpg,02_deepfirearm,deepfirearm,b34bd4702d29ec09ace7489766eeadeef9b39bf9913005734ea34cbc9e9d16f4,,pending,,,,5
img_00006400,images/img_00006400.jpg,02_deepfirearm,deepfirearm,3efb4c2ee4ed30e7eb4f01a722203765e90fbadbac65077ea314f249f8073ea4,,pending,,,,5
img_00006401,images/img_00006401.jpg,02_deepfirearm,deepfirearm,458a24f3584cf78553917529bec617bc3e886b469774324d9745c611beae71c5,,pending,,,,5
img_00006402,images/img_00006402.jpg,02_deepfirearm,deepfirearm,1bc8e230990353caf3d16e4595e7333f1aeba00ce6e8307453f89572a7363e9b,,pending,,,,5
img_00006403,images/img_00006403.jpg,02_deepfirearm,deepfirearm,5ba19708567effb61cef2917b92b6a7fdc7464d1f69856133c73766f07d6bb74,,pending,,,,5
img_00006404,images/img_00006404.jpg,02_deepfirearm,deepfirearm,bbc2369e4faeac456358e69ae77c855ca8dcd14032ca742f0aacf29dcc6866e4,,pending,,,,5
img_00006405,images/img_00006405.jpg,02_deepfirearm,deepfirearm,a1f7fd96ab833997c4c42226c0233ca17ae63a80e7ad0b23c78d2ccddafab37f,,pending,,,,5
img_00006406,images/img_00006406.jpg,02_deepfirearm,deepfirearm,0e66c8789d8bdbe033c5bf1f74f1c018fecea7705e2b58c0f409fde1d5224030,,pending,,,,5
img_00006407,images/img_00006407.jpg,02_deepfirearm,deepfirearm,fa3ccd1f7ed0608790a3bbce5f967efc3b4d664920d63f91e15d1e302b013e27,,pending,,,,5
img_00006408,images/img_00006408.jpg,02_deepfirearm,deepfirearm,8ba6c08454dbd292a9f192ec1cd4c52bdb3bfef247fae9c352f278ec1ae9503b,,pending,,,,5
img_00006409,images/img_00006409.jpg,02_deepfirearm,deepfirearm,8bf8886a7e0b01f1ab5e887e2e60e5069d572f2e6abdfbf1d6ed48d751a496a8,,pending,,,,5
img_00006410,images/img_00006410.jpg,02_deepfirearm,deepfirearm,859eb97248327dfd1e82eb172f9a7a478196db6b7ef9689318e6c51791b90be3,,pending,,,,5
img_00006411,images/img_00006411.jpg,02_deepfirearm,deepfirearm,9c77b1a07b8d94c2840389a6122c03d4f5f5071867b6f84936d14aa3e76617df,,pending,,,,5
img_00006412,images/img_00006412.jpg,02_deepfirearm,deepfirearm,395c783a3ee02f2f19a3609e7eeb1b214b555af0bb4b0323e3d029df9befef20,,pending,,,,5
img_00006413,images/img_00006413.jpg,02_deepfirearm,deepfirearm,9aa1f9a1fe754ba9de63e3078e51123d04ea1c8a8b809d486a491dc224eb33d4,,pending,,,,5
img_00006414,images/img_00006414.jpg,02_deepfirearm,deepfirearm,89018736292e54ecba851ffca6e1ce561a7b96b0ec86e06f4d64c11c79e53beb,,pending,,,,5
img_00006415,images/img_00006415.jpg,02_deepfirearm,deepfirearm,1f9a95e372a0d9d2e613002c0e0e9072bbe704eb9417319aff4feff98d2772b1,,pending,,,,5
img_00006416,images/img_00006416.jpg,02_deepfirearm,deepfirearm,240e95271d0742882b76c76fe49589d7cbdf9ca0d6cbb02c84a98f6004128d26,,pending,,,,5
img_00006417,images/img_00006417.jpg,02_deepfirearm,deepfirearm,6edbc7f819e943937c0c0bfbafbaccaac7c2af0100218dd3528887a0df3ea187,,pending,,,,5
img_00006418,images/img_00006418.jpg,02_deepfirearm,deepfirearm,928179f4c8551dd050e2358e69f49fbf230ca08e84b241c046e22b785ae5fa3c,,pending,,,,5
img_00006419,images/img_00006419.jpg,02_deepfirearm,deepfirearm,05232d85843c2f74155b4a58edf35068715e14a15cf1ecc8fd0bdcf109c4666c,,pending,,,,5
img_00006420,images/img_00006420.jpg,02_deepfirearm,deepfirearm,a71c1293b2c23a5d143f5703214e6ba98c8b95d59afd37db5959cb5f4a04a75f,,pending,,,,5
img_00006421,images/img_00006421.jpg,02_deepfirearm,deepfirearm,3df11b5f6505445370c7185afe6c6c8a2b042d99260d69ca10d57a32ee347b2d,,pending,,,,5
img_00006422,images/img_00006422.jpg,02_deepfirearm,deepfirearm,239295fe20ba7c5afa78367f20b5d18d1a1c4af66abae97a16cf3f04d105ad5b,,pending,,,,5
img_00006423,images/img_00006423.jpg,02_deepfirearm,deepfirearm,ba7f52cf7bdcd9b3b3ee3d2866415f244efa7aef411e8ca325eb1b9b0e6a4f0a,,pending,,,,5
img_00006424,images/img_00006424.jpg,02_deepfirearm,deepfirearm,2ac2782a2638d248798ff66141f0793c685e6d9d37fe06514a92f307bd1c2ade,,pending,,,,5
img_00006425,images/img_00006425.jpg,02_deepfirearm,deepfirearm,8791b328edb42fd2e206a8578d6662f766a45d123fc1c95455b274cd4842cd40,,pending,,,,5
img_00006426,images/img_00006426.jpg,02_deepfirearm,deepfirearm,93e28d369cf7ee660ab28425be2286dc7da727feac7d4e66ed81aa191db215b8,,pending,,,,5
img_00006427,images/img_00006427.jpg,02_deepfirearm,deepfirearm,463eb8dc4c23783c1258b0cff5d6d5f6e534da62dd3d72a345c7e4a14f190ea4,,pending,,,,5
img_00006428,images/img_00006428.jpg,02_deepfirearm,deepfirearm,123d37a3cda6d45911624e6f13b4968a83a6153fd10d56d623ac649ecbaaca10,,pending,,,,5
img_00006429,images/img_00006429.jpg,02_deepfirearm,deepfirearm,f4c5d299f910637517edfdb345890c54fb3246a027557d0e1e5a895ba0954995,,pending,,,,5
img_00006430,images/img_00006430.jpg,02_deepfirearm,deepfirearm,f6770850877f235442cc65b00bab0074859a6cd2b6fa1dd3275e8b719b22edce,,pending,,,,5
img_00006431,images/img_00006431.jpg,02_deepfirearm,deepfirearm,73b8741f21df9f115198c78bd4b2cefaaecd98fd6e616523e97bf7820e7ec3a5,,pending,,,,5
img_00006432,images/img_00006432.jpg,02_deepfirearm,deepfirearm,83a76b42352a317c5665d0ef0c9877587dad8c2fc604d8f10c5aa2e8ffd04935,,pending,,,,5
img_00006433,images/img_00006433.jpg,02_deepfirearm,deepfirearm,d00e84d3e0a213b6b7671ac7e5b512fb019f99d7358805ab6b9cc19fd367a634,,pending,,,,5
img_00006434,images/img_00006434.jpg,02_deepfirearm,deepfirearm,680ff6df0ca28ed6409840dcded302bbdf5a9256228dce9ad767c431e8c4102e,,pending,,,,5
img_00006435,images/img_00006435.jpg,02_deepfirearm,deepfirearm,6e82198902c0117bee937c99c471e595ee61fb3e86c51b4aa321c29a5817c0f9,,pending,,,,5
img_00006436,images/img_00006436.jpg,02_deepfirearm,deepfirearm,59c81873a895d234d8285df28ed545d0859aa930b779db2146dcc8f97f09bc06,,pending,,,,5
img_00006437,images/img_00006437.jpg,02_deepfirearm,deepfirearm,6ab4fdd123c1a64dd54c4925a5cd2d9d0d6866efd1ae211cd12ea2633c61ee27,,pending,,,,5
img_00006438,images/img_00006438.jpg,02_deepfirearm,deepfirearm,4a45e9ac0392cd94301a3783f9f6063ef81a78239453df029c77320a4873776e,,pending,,,,5
img_00006439,images/img_00006439.jpg,02_deepfirearm,deepfirearm,da4635802a26f52f6df394a4e2016af13f165915884d736ca409d070709ce9ae,,pending,,,,5
img_00006440,images/img_00006440.jpg,02_deepfirearm,deepfirearm,bb7e0f1bd54051112a40153af1dc8c9fadf5ec517f37bef9b3e696cb1535720f,,pending,,,,5
img_00006441,images/img_00006441.jpg,02_deepfirearm,deepfirearm,168a63467a2b19d0587e3fbef59f98f141fe2b651bb14ebee3653609c1cee3d9,,pending,,,,5
img_00006442,images/img_00006442.jpg,02_deepfirearm,deepfirearm,7b1f453d811cf1b2ff6ddfec1581c78f4216d3139698c9362e9623b0d0697807,,pending,,,,5
img_00006443,images/img_00006443.jpg,02_deepfirearm,deepfirearm,8a913f96c1d22406570bb97cefaccbdab9989eed0369141592f6c9583e208f5b,,pending,,,,5
img_00006444,images/img_00006444.jpg,02_deepfirearm,deepfirearm,84c9c1cb325867107a90e822546b41ba984d32a800ac9d8877e276e2198678cf,,pending,,,,5
img_00006445,images/img_00006445.jpg,02_deepfirearm,deepfirearm,744aeb966c74623285c825e65216f3277acdde735529eeae016150ea92abae90,,pending,,,,5
img_00006446,images/img_00006446.jpg,02_deepfirearm,deepfirearm,e73e911edf502ab001914f07b6659c2a03d39d3e9e63fea323f6b280abf17042,,pending,,,,5
img_00006447,images/img_00006447.jpg,02_deepfirearm,deepfirearm,c5ce738fc58df5d12de9ce53e21a349f65cb832f54ba8e9c70a6a4e26b4ac2f4,,pending,,,,5
img_00006448,images/img_00006448.jpg,02_deepfirearm,deepfirearm,509c12e20339046e87ce6852315e3a070e827ea4d52638a198c964231f47a358,,pending,,,,5
img_00006449,images/img_00006449.jpg,02_deepfirearm,deepfirearm,457e9f98956e7e39f321f1bf21c539ad98469b3ed5626b551020acea5b6a86bf,,pending,,,,5
img_00006450,images/img_00006450.jpg,02_deepfirearm,deepfirearm,a354a010492d295ef48d2b35b6247a4178e9c7eb4e39a7423867ac0d4428cbda,,pending,,,,5
img_00006451,images/img_00006451.jpg,02_deepfirearm,deepfirearm,0ee05bec1e749a53342e40dfb9c1092033a647c389cded27ae7b5a14c753947a,,pending,,,,5
img_00006452,images/img_00006452.jpg,02_deepfirearm,deepfirearm,8407f988f095d5182b0921e99a77753a0cb0b834b74ea4c6fbe7f7ae14e6e854,,pending,,,,5
img_00006453,images/img_00006453.jpg,02_deepfirearm,deepfirearm,158e0316db5b0ba2d7b9aaadebb6f9f8dad83580cda4887e5b1c98706f5f5556,,pending,,,,5
img_00006454,images/img_00006454.jpg,02_deepfirearm,deepfirearm,7b221851243ee855ec87bfa76f0cc77a7b1c353a8f64e49b126a070b1d530cea,,pending,,,,5
img_00006455,images/img_00006455.jpg,02_deepfirearm,deepfirearm,55dcc0e3c6b4cdc5e4e56fb6a57940c500b14f9cdc7b9210f806b9c40724c982,,pending,,,,5
img_00006456,images/img_00006456.jpg,02_deepfirearm,deepfirearm,be409a1a7f80fb5798629d657db37761914c0096bd96cdbedfe1e699c30dc92c,,pending,,,,5
img_00006457,images/img_00006457.jpg,02_deepfirearm,deepfirearm,6719bc16eb29edf55b6e8b82ed24c3814c7be782067a3d294a52a5e44ab3a588,,pending,,,,5
img_00006458,images/img_00006458.jpg,02_deepfirearm,deepfirearm,1a81119c5e79d1845011ffb47cc60f4c8bc9990559d7667fda1fe22cbe381950,,pending,,,,5
img_00006459,images/img_00006459.jpg,02_deepfirearm,deepfirearm,379554df2f189c86029ac83709fb6b1d794c4a830caff60da3f432ae2680d119,,pending,,,,5
img_00006460,images/img_00006460.jpg,02_deepfirearm,deepfirearm,02fa183985dfd261c3e5258691f8bd4e38489c176b295661f170ea125eef2c18,,pending,,,,5
img_00006461,images/img_00006461.jpg,02_deepfirearm,deepfirearm,9bbde6439efc5f9f94ea3aeeac8ad7adaf43245a1c96d9b4186848fb589297db,,pending,,,,5
img_00006462,images/img_00006462.jpg,02_deepfirearm,deepfirearm,ac86d37f2209e2c268cd11dcd2e3761bb5175a7912f85b4df433bd69b7c7c804,,pending,,,,5
img_00006463,images/img_00006463.jpg,02_deepfirearm,deepfirearm,e6eba3e4b6baf1d821cc785c914a9a7cbdf591014ae2043310f4ad33e4353846,,pending,,,,5
img_00006464,images/img_00006464.jpg,02_deepfirearm,deepfirearm,631ada5c28d461b871476d0e5019f33a052d3c27ec2e6f6b9c63f681d78fbd47,,pending,,,,5
img_00006465,images/img_00006465.jpg,02_deepfirearm,deepfirearm,86950127556a86c236df5278b6426f2513bfab827540aca6ee05c38cad6ddc59,,pending,,,,5
img_00006466,images/img_00006466.jpg,02_deepfirearm,deepfirearm,c9c3b9a83b40e31d9f21a3e21d0f14144ef6c35cc49f62cde0050eb1c19dbe80,,pending,,,,5
img_00006467,images/img_00006467.jpg,02_deepfirearm,deepfirearm,b5b1d8e37e232438d951df839887e608d47f7ff9ae6655e6c09479e6a8de66ed,,pending,,,,5
img_00006468,images/img_00006468.jpg,02_deepfirearm,deepfirearm,dacf5b21a0f8cb93ccd1ef40800d8ac450b596ef39756aca184e579602d27ce3,,pending,,,,5
img_00006469,images/img_00006469.jpg,02_deepfirearm,deepfirearm,292fe421ec76fa123077769076b30fd3a67bf2fc82befdd135e6d4bcdbe289a0,,pending,,,,5
img_00006470,images/img_00006470.jpg,02_deepfirearm,deepfirearm,7358d4ecd06a59b0e6bd318ffb026cdf3e7906dfdeddd9fa9c76af0d9c677055,,pending,,,,5
img_00006471,images/img_00006471.jpg,02_deepfirearm,deepfirearm,02e87db92f91250fc2cd75574e8388ef8324c2f0f88aa8a7568857169adcdb44,,pending,,,,5
img_00006472,images/img_00006472.jpg,02_deepfirearm,deepfirearm,6d360ff83dca1ed4677a5f5928e481346dc1a1de6e20344d7c63b4bed833a2f1,,pending,,,,5
img_00006473,images/img_00006473.jpg,02_deepfirearm,deepfirearm,2c6cb59e05dc6797b2daf6125fffe8ccbbce1ef5bf2879ea8a3cf1ea9927a923,,pending,,,,5
img_00006474,images/img_00006474.jpg,02_deepfirearm,deepfirearm,877a9e7ef5906ea04f4197744943374ab0316b7e999ff86b664c039389d032a3,,pending,,,,5
img_00006475,images/img_00006475.jpg,02_deepfirearm,deepfirearm,acd17eb169b7af1e27e0dcb88ac67439d4ad0436e5969ade54176f1b2fc7ae2a,,pending,,,,5
img_00006476,images/img_00006476.jpg,02_deepfirearm,deepfirearm,edf80d2b293389ebcff7915a45ddb86797a142564f6c312b27c2368d9b94dac9,,pending,,,,5
img_00006477,images/img_00006477.jpg,02_deepfirearm,deepfirearm,992ef80cb4729344cde7560a26f6699793a6b09260fd6b25ce7dd4548665064f,,pending,,,,5
img_00006478,images/img_00006478.jpg,02_deepfirearm,deepfirearm,43023eaef072028b115b43b0f4e98f5090b2f037ff2ea50702f25971827c1245,,pending,,,,5
img_00006479,images/img_00006479.jpg,02_deepfirearm,deepfirearm,5ae340a23feef090e3f034b20e19c5fffba7011264950eedd159ec8201a1b230,,pending,,,,5
img_00006480,images/img_00006480.jpg,02_deepfirearm,deepfirearm,8824ed1fe4624121a237ed14124e2b195974e561e42d6a5ee5efdbb2a2a290c1,,pending,,,,5
img_00006481,images/img_00006481.jpg,02_deepfirearm,deepfirearm,57a75b5c0fd30a7eb71ec4b919de36952641a2bc1d9be2533e16c8d72ca5d448,,pending,,,,5
img_00006482,images/img_00006482.jpg,02_deepfirearm,deepfirearm,6f762f97f596cb7bca6ce3cb4af4f6a163c36a2a352300081c1765ac19029767,,pending,,,,5
img_00006483,images/img_00006483.jpg,02_deepfirearm,deepfirearm,a2791cc8e3a2375f1d6858026620e53bc4591a24027fcc08f99872a3b6d7a3dc,,pending,,,,5
img_00006484,images/img_00006484.jpg,02_deepfirearm,deepfirearm,44b062c9265d08a0e896ef000a3b6c079d39a1540fa37c0d9e0df53507b3cf72,,pending,,,,5
img_00006485,images/img_00006485.jpg,02_deepfirearm,deepfirearm,998d26780e82d47ad4c008a770444abd0143837477e602caf252e742e2564994,,pending,,,,5
img_00006486,images/img_00006486.jpg,02_deepfirearm,deepfirearm,73dfb537d0da69a90bd0d697fd579ad86607d7856f93bfce338ab81b63acf458,,pending,,,,5
img_00006487,images/img_00006487.jpg,02_deepfirearm,deepfirearm,24c8afc62ffc82ccc0433fc302c3218d2d29d380a5595124713a6dd6f5d22536,,pending,,,,5
img_00006488,images/img_00006488.jpg,02_deepfirearm,deepfirearm,235eddb15a136b8955783994cef9624f90ce1790e93882b236c4040dd4e4ee1f,,pending,,,,5
img_00006489,images/img_00006489.jpg,02_deepfirearm,deepfirearm,6626145fba0af8ebc88e856a81555b0d42d245c2a554767eecb16f60637ca34e,,pending,,,,5
img_00006490,images/img_00006490.jpg,02_deepfirearm,deepfirearm,d06b511dc57192eb16b87d237da77000574909ec462d61cefffcfa4498dce30a,,pending,,,,5
img_00006491,images/img_00006491.jpg,02_deepfirearm,deepfirearm,c8e976020d70e77b83f139af74c69ab880503659a3d49f1b9444d0344760e9a7,,pending,,,,5
img_00006492,images/img_00006492.jpg,02_deepfirearm,deepfirearm,eebf5bececf153a34cc3a5bf89b297f0bbe5f3d3f8a6b442bb72a50e2fa8041c,,pending,,,,5
img_00006493,images/img_00006493.jpg,02_deepfirearm,deepfirearm,0900f08ebb88efc5fbf59a976674f3f08b5ba0b04d5bac7936ae97bf49913191,,pending,,,,5
img_00006494,images/img_00006494.jpg,02_deepfirearm,deepfirearm,df70fcf26216791bb521d395ee939831ed64a90145df3653dd23e59185609f4e,,pending,,,,5
img_00006495,images/img_00006495.jpg,02_deepfirearm,deepfirearm,a4f58b59d91d6e9cf7688524c2708894b03222a9d426612a97db62d42b102452,,pending,,,,5
img_00006496,images/img_00006496.jpg,02_deepfirearm,deepfirearm,ee5a5a8c06e66ea157ca2dc1b01d4d2efcfb1c87355d9d824c2065a113ce2b1d,,pending,,,,5
img_00006497,images/img_00006497.jpg,02_deepfirearm,deepfirearm,5af30fed41ec533253c29f3fe90e70fe71413b0179c8c011831fe78fb080f3d8,,pending,,,,5
img_00006498,images/img_00006498.jpg,02_deepfirearm,deepfirearm,1e557cd6fb6f12f16ac5b55cc005cfef4a542ad3c6e0a9f28e0fee76f268c301,,pending,,,,5
img_00006499,images/img_00006499.jpg,02_deepfirearm,deepfirearm,986f3415160bb6d70ae06c4009184d751ba5a03117729d1f3dae77182c37aa7b,,pending,,,,5
img_00006500,images/img_00006500.jpg,02_deepfirearm,deepfirearm,a592de2cdb4aa55950cc8bf5b2a0d2893d40494902c387feb4fa4dc04c28c2cf,,pending,,,,5
img_00006501,images/img_00006501.jpg,02_deepfirearm,deepfirearm,3c2ce93fbb30f2813ef2eee545f2883d08d4ba524bbd6f78dd0afc586db7e6c4,,pending,,,,5
img_00006502,images/img_00006502.jpg,02_deepfirearm,deepfirearm,27313186ff4b732a2e2cb1f0bad8ae91e7393c9a216a00e36ff8e552d99aeec7,,pending,,,,5
img_00006503,images/img_00006503.jpg,02_deepfirearm,deepfirearm,d39bd87ab5e90822841f8be394e729e48e3107aeef03bd6008c2a715b8feaabe,,pending,,,,5
img_00006504,images/img_00006504.jpg,02_deepfirearm,deepfirearm,5c1adeecea716ab9d9852db9bf3317f06d115bf047b7b43a040518a0efc74936,,pending,,,,5
img_00006505,images/img_00006505.jpg,02_deepfirearm,deepfirearm,d2de2b05ff819b8975a92909615ea19bd970e9e15826997d113ab334b51d0999,,pending,,,,5
img_00006506,images/img_00006506.jpg,02_deepfirearm,deepfirearm,6376a89c71340c3892711281a127725a1f08355663a093ba61021ccd32397fec,,pending,,,,5
img_00006507,images/img_00006507.jpg,02_deepfirearm,deepfirearm,acbeb301ba1412e24390a74aa63330f39f93888b811fd1bac8257ecdfec0ea3b,,pending,,,,5
img_00006508,images/img_00006508.jpg,02_deepfirearm,deepfirearm,13ea53ce6ca665ba2710be27d41295450f755beee53f92c0676c43e3eaf02fe6,,pending,,,,5
img_00006509,images/img_00006509.jpg,02_deepfirearm,deepfirearm,c376e53f3bfb10b7bc489f85d1c485227216bbea5fb714da1ebed30a7eace2bf,,pending,,,,5
img_00006510,images/img_00006510.jpg,02_deepfirearm,deepfirearm,cdf98aa4eb52094c7f3d25661758e035d334fbcc5e834474c7cd531cc6641904,,pending,,,,5
img_00006511,images/img_00006511.jpg,02_deepfirearm,deepfirearm,e391f3183105da72ddbf07d2cf0f43324c40f04f35426102a2855df3bc65b811,,pending,,,,5
img_00006512,images/img_00006512.jpg,02_deepfirearm,deepfirearm,40f8d50890046b6806c3ca5c59149aebb450db1aee9e00a267f6aa4d38c99bda,,pending,,,,5
img_00006513,images/img_00006513.jpg,02_deepfirearm,deepfirearm,587b99b7d6396340ca6c24b80b86fe85eabe897a20338d1d9c1c68fe8bad413c,,pending,,,,5
img_00006514,images/img_00006514.jpg,02_deepfirearm,deepfirearm,3061e3445b3650d1c4fca8294232b5edd187ad0feee484544670a2765436386a,,pending,,,,5
img_00006515,images/img_00006515.jpg,02_deepfirearm,deepfirearm,3ec9753f985d419aed96419aaf700f86fa26edc50d88920fd9ed9402df5a97f4,,pending,,,,5
img_00006516,images/img_00006516.jpg,02_deepfirearm,deepfirearm,4a0d46ce12559e4a98911962763bf0ed4f9f95a1ae9876debffb8d03c0741339,,pending,,,,5
img_00006517,images/img_00006517.jpg,02_deepfirearm,deepfirearm,0041f5ef790572c4bf836e5c5238648e32128911e3f624d7a16151da5af3a253,,pending,,,,5
img_00006518,images/img_00006518.jpg,02_deepfirearm,deepfirearm,ee31b1e2a4ec3a721e2fd6bb5a61a77fbf43f704c6d967dd766ead0b3cb47364,,pending,,,,5
img_00006519,images/img_00006519.jpg,02_deepfirearm,deepfirearm,45930938f0744d810549992fee2a41a9c39b6b35e0d3a32419ce24d18701e159,,pending,,,,5
img_00006520,images/img_00006520.jpg,02_deepfirearm,deepfirearm,8fe2ad99c8037933f2ab38dfbabc5c7550851340d0e73eed8b6f0ae3e694715a,,pending,,,,5
img_00006521,images/img_00006521.jpg,02_deepfirearm,deepfirearm,1ccb43ec967029257d71174429b6e3aa8afb4eab1a83868348b5ca32a0e4c81c,,pending,,,,5
img_00006522,images/img_00006522.jpg,02_deepfirearm,deepfirearm,3721f47467476c8c22d2a9cbf92b1a7a96f069c32b78106ddad959feb84f3046,,pending,,,,5
img_00006523,images/img_00006523.jpg,02_deepfirearm,deepfirearm,f807896d8945a17a18ce79d213d55bb5a2f6b76fa17d9f79940ae0463d659fc9,,pending,,,,5
img_00006524,images/img_00006524.jpg,02_deepfirearm,deepfirearm,2b48a30de1a3fb429d6eba09c5f7b046254403d896c60b6a9c5f7b60a953cbcd,,pending,,,,5
img_00006525,images/img_00006525.jpg,02_deepfirearm,deepfirearm,cbeff21165dca5858c1f209627300770252592b23e15109f7196dc77cdd2984c,,pending,,,,5
img_00006526,images/img_00006526.jpg,02_deepfirearm,deepfirearm,88d2f07a65624b49f7f7035f4850671b86c91c07118407ceb16718942b62f0ac,,pending,,,,5
img_00006527,images/img_00006527.jpg,02_deepfirearm,deepfirearm,07b1a1039113a82af15561f24ede1fd215ce4c44f69f3e69f94eb58622a56fa9,,pending,,,,5
img_00006528,images/img_00006528.jpg,02_deepfirearm,deepfirearm,354ab00d897e747a49cc48e6bef22d34207b88ae481862ac524d1d243a07446c,,pending,,,,5
img_00006529,images/img_00006529.jpg,02_deepfirearm,deepfirearm,46f5ff3ecf6c396d65670301ef3806fa153660be29d7c314e7aefd7e79df850e,,pending,,,,5
img_00006530,images/img_00006530.jpg,02_deepfirearm,deepfirearm,4164e9f593bc67a6ad72c3ae4c9a5d65230af9633df92776aa3c4062a56dc51b,,pending,,,,5
img_00006531,images/img_00006531.jpg,02_deepfirearm,deepfirearm,950e24b21627dc026ca69aa99c0014243283a7144d8540a1c26e4e1a63a59e34,,pending,,,,5
img_00006532,images/img_00006532.jpg,02_deepfirearm,deepfirearm,9bb8efa697a1a0141b1950e448e02f38981a1680cf072e30fe5e2cd7b8842711,,pending,,,,5
img_00006533,images/img_00006533.jpg,02_deepfirearm,deepfirearm,3969fa6ade9b04c4238f560f9a9c9b3edb7632e248b807643b906885e2a3c1cb,,pending,,,,5
img_00006534,images/img_00006534.jpg,02_deepfirearm,deepfirearm,271b509719b7be9da8182068d90dbe25b07931cfab1c617d749539f256b02067,,pending,,,,5
img_00006535,images/img_00006535.jpg,02_deepfirearm,deepfirearm,f109bfbc32d535d2c0f7e8bd3e3d20d4ec6779e5189bcc77072bce292f29c986,,pending,,,,5
img_00006536,images/img_00006536.jpg,02_deepfirearm,deepfirearm,d64bdfc0b24734e98d8eb315923a28e58f7a9f8124dbad3eaa50e2aa2b3dad0c,,pending,,,,5
img_00006537,images/img_00006537.jpg,02_deepfirearm,deepfirearm,1b868ca2cd76079f2b53057accbb08d72803b09dc9b99a8b46f992aa1e3c1c32,,pending,,,,5
img_00006538,images/img_00006538.jpg,02_deepfirearm,deepfirearm,19a85035b35bc273423a9bf84743c0fb413a6fc45378a1d3d4dbf2ff5dc57956,,pending,,,,5
img_00006539,images/img_00006539.jpg,02_deepfirearm,deepfirearm,9f2a4faa6c7b1687701339e6255f34feb0f7a65fa39dff0a70efa2d1a54a862f,,pending,,,,5
img_00006540,images/img_00006540.jpg,02_deepfirearm,deepfirearm,68c970fdab2bf58c671a140cb603058e94777a9f3f5d10b2d891d512c43569b2,,pending,,,,5
img_00006541,images/img_00006541.jpg,02_deepfirearm,deepfirearm,0c8643320770c5c82b49af100889fe882cf9fb0e9e6d331912264c524f25c03a,,pending,,,,5
img_00006542,images/img_00006542.jpg,02_deepfirearm,deepfirearm,8faad39ccb82ab3d77d40ca775675e530f6528ad2d63ca2667ad3c9614c62fc7,,pending,,,,5
img_00006543,images/img_00006543.jpg,02_deepfirearm,deepfirearm,909d8e77e750491789ccfa62e3aec88f68036cd982450331cda26733fd8d237f,,pending,,,,5
img_00006544,images/img_00006544.jpg,02_deepfirearm,deepfirearm,308f25c7bc08c001ac6218aaaf7e35bf63a214e29d7913d311343b828db95311,,pending,,,,5
img_00006545,images/img_00006545.jpg,02_deepfirearm,deepfirearm,a08d3449d7d1909d7df9c9038d158e82fac1536e37ed586396ceaf389d1892f6,,pending,,,,5
img_00006546,images/img_00006546.jpg,02_deepfirearm,deepfirearm,4cc757a63dac3485548ed302e96816a5bd401e91490b764686e183dc71c0f38a,,pending,,,,5
img_00006547,images/img_00006547.jpg,02_deepfirearm,deepfirearm,415ed3b894862a8d79033ac1135d679e6f6990e9699c5d74ae4b79f54aa7d982,,pending,,,,5
img_00006548,images/img_00006548.jpg,02_deepfirearm,deepfirearm,2cbbe384d642ab63d9b7e6257e75ddcf2c01dd6f487d59a914ea07aced73ba3a,,pending,,,,5
img_00006549,images/img_00006549.jpg,02_deepfirearm,deepfirearm,f7df23c986620192fd023c7a15aec9fcf73bd2162880b5135bfed6750322848d,,pending,,,,5
img_00006550,images/img_00006550.jpg,02_deepfirearm,deepfirearm,d6f12d5b4585fe2a868eb78d9ca958b454c3a3a96dd3e2f506dbb7936d83acea,,pending,,,,5
img_00006551,images/img_00006551.jpg,02_deepfirearm,deepfirearm,6db738e5288f75f434e28e7efa0f32b69f1f876c15355bb474b294279d9a201c,,pending,,,,5
img_00006552,images/img_00006552.jpg,02_deepfirearm,deepfirearm,644fc853f470d0319f775966d195682301c02787dfd6804b550aee937173c1bc,,pending,,,,5
img_00006553,images/img_00006553.jpg,02_deepfirearm,deepfirearm,26d6ea2ef2794a3ce07cc21803784e5de62d9b5fac1ccc78dcae544292bee3f2,,pending,,,,5
img_00006554,images/img_00006554.jpg,02_deepfirearm,deepfirearm,dd001cd05750702749f0fd6d4c84ef69dae9ff4c92dec04c5dea2a8e1ac571df,,pending,,,,5
img_00006555,images/img_00006555.jpg,02_deepfirearm,deepfirearm,e747b4be93e66a2a9538cd835a0a871702ab57275badab651a674e9ac91ae8a1,,pending,,,,5
img_00006556,images/img_00006556.jpg,02_deepfirearm,deepfirearm,7780372df9ca36b5f1a6a9fcf06e7116f0495f7d8fe415615e792bfa234effad,,pending,,,,5
img_00006557,images/img_00006557.jpg,02_deepfirearm,deepfirearm,e5db4536cdcb20820897cc33baf8ef4edc7e111a57662ad326f11e5217363f6b,,pending,,,,5
img_00006558,images/img_00006558.jpg,02_deepfirearm,deepfirearm,1d1eaa2157fa1c7c2fee19330bcd79e1375f148c2425c9843a68d60bc6971a08,,pending,,,,5
img_00006559,images/img_00006559.jpg,02_deepfirearm,deepfirearm,ed76eabe534076f6485cb9e285bacd3f2efb2fd34471d124638629007d4d9392,,pending,,,,5
img_00006560,images/img_00006560.jpg,02_deepfirearm,deepfirearm,eaf52b0f2126dbeaba70351394948898166e4dddb5cae03142492c6e838f1d06,,pending,,,,5
img_00006561,images/img_00006561.jpg,02_deepfirearm,deepfirearm,cd2b3d615af18ce0af44b78667a19e92a3ae19950aeb298b6347e2cbc1caf530,,pending,,,,5
img_00006562,images/img_00006562.jpg,02_deepfirearm,deepfirearm,ff3ef0a244715d0e6512368d9f2c0a568d8d7640bf8d2fdc500bcd25bf3bf53d,,pending,,,,5
img_00006563,images/img_00006563.jpg,02_deepfirearm,deepfirearm,0a739967c32529aff660092b8ac91725f8360a6b733f5115b039751e66a39f88,,pending,,,,5
img_00006564,images/img_00006564.jpg,02_deepfirearm,deepfirearm,6438cfe6f543a400fa59e98acaca3e82864f147e355007ab10ff95031887df7a,,pending,,,,5
img_00006565,images/img_00006565.jpg,02_deepfirearm,deepfirearm,21d7b1f4410f9a52c6c1ae6f08b6a90680690bdc89da648ccf75f8e59e17a622,,pending,,,,5
img_00006566,images/img_00006566.jpg,02_deepfirearm,deepfirearm,54f890da9dea412af495d7e42a4961d46cf25ee1afa855210ad5c9eb602f268c,,pending,,,,5
img_00006567,images/img_00006567.jpg,02_deepfirearm,deepfirearm,4ef7ef78961a6ee5ccf5131762e49b66e5a6cafd2dc32f317dbda919f5d9f4e3,,pending,,,,5
img_00006568,images/img_00006568.jpg,02_deepfirearm,deepfirearm,72b9e5d1378bffae03cd2af269017ce49e94e458c8baf50cdacb271e727028f8,,pending,,,,5
img_00006569,images/img_00006569.jpg,02_deepfirearm,deepfirearm,e98776f5ca6931afe9969ed641a6b15989145450dfa37dbe7a92a123ec0ac525,,pending,,,,5
img_00006570,images/img_00006570.jpg,02_deepfirearm,deepfirearm,945993f126a42fdef9bf013d8526673672a3b5f7105d12d4c94017bb73cd489e,,pending,,,,5
img_00006571,images/img_00006571.jpg,02_deepfirearm,deepfirearm,6554cbe5cfa7576abce4a7f2eb82d6751cb18b16e4c978251a7f9a33406f6a0d,,pending,,,,5
img_00006572,images/img_00006572.jpg,02_deepfirearm,deepfirearm,f01b5c37067c5bef643689a3efee1312b44413a21f205e0ea5f8d2aacdf53fca,,pending,,,,5
img_00006573,images/img_00006573.jpg,02_deepfirearm,deepfirearm,0e6768e3b35fb03fa1228f1a9a3e43f01ca867b25b3969b004860f729bede256,,pending,,,,5
img_00006574,images/img_00006574.jpg,02_deepfirearm,deepfirearm,e32f4ff7a1b3a101d29929c84d4f6254d48995c5e0378a75196e90430d748fc9,,pending,,,,5
img_00006575,images/img_00006575.jpg,02_deepfirearm,deepfirearm,d5f178209e621edcb1c8b8b920cfdcc4916bb49ef50604615f57efddf670f3bd,,pending,,,,5
img_00006576,images/img_00006576.jpg,02_deepfirearm,deepfirearm,cdbc1bb66b4bc4cefdd814d9962be88af08f60d85d626a56cb38e83246bf5907,,pending,,,,5
img_00006577,images/img_00006577.jpg,02_deepfirearm,deepfirearm,4f1373031b48d4ece911aeb9aabc77e8ff2227e8def1735e389f4e6f428c84d1,,pending,,,,5
img_00006578,images/img_00006578.jpg,02_deepfirearm,deepfirearm,544907f66bd9d3cd3f4fedc014a59a9c76102305755f187cf2d1f6f31563d21a,,pending,,,,5
img_00006579,images/img_00006579.jpg,02_deepfirearm,deepfirearm,772f1115f5323b502c268cd3f577a7bd4c3e3ef56b351e0c5c614f8ce293c4f6,,pending,,,,5
img_00006580,images/img_00006580.jpg,02_deepfirearm,deepfirearm,aa81b92c38d0c89aa37ef8e1c1ba03dc78d7f1fa2d8f731780121cc6267fca08,,pending,,,,5
img_00006581,images/img_00006581.jpg,02_deepfirearm,deepfirearm,2c1e09515cc8cdd2dd43eedd175d5f83d0e872244a7b5ac4198ac5425833efbb,,pending,,,,5
img_00006582,images/img_00006582.jpg,02_deepfirearm,deepfirearm,aa27897ac10f2549ef8a925b6e4c959cb5ce004552374e5e4130fa7d3964dfa5,,pending,,,,5
img_00006583,images/img_00006583.jpg,02_deepfirearm,deepfirearm,a6717e0db177135ea7422bfbea096ae0b23609fee147c1fd76a6246158f850cf,,pending,,,,5
img_00006584,images/img_00006584.jpg,02_deepfirearm,deepfirearm,76c0d33f69ff68e8ee0193d9a3206846b38053d0c060b84c2f2d116deb034cc9,,pending,,,,5
img_00006585,images/img_00006585.jpg,02_deepfirearm,deepfirearm,c5bada9eadf49ecb06c3005e04b557af879b90e7e498393ce7edb91a26682e5f,,pending,,,,5
img_00006586,images/img_00006586.jpg,02_deepfirearm,deepfirearm,aa93762f3592553cf43b80a8cefe7339ee2ca725ab0625929d153539fa4afb28,,pending,,,,5
img_00006587,images/img_00006587.jpg,02_deepfirearm,deepfirearm,72e48354c20a4630d512c36173844b7b0b3fafc762fbe31232c6c4fafff04807,,pending,,,,5
img_00006588,images/img_00006588.jpg,02_deepfirearm,deepfirearm,1cdeb4bf403356ba86fc31a030d764397a7080cc3ef887b7256fe460980c4a09,,pending,,,,5
img_00006589,images/img_00006589.jpg,02_deepfirearm,deepfirearm,a1d8b7734282fccc1b73800fb3644da1d6a468a6ddb21a4afdacd8fe55a94c84,,pending,,,,5
img_00006590,images/img_00006590.jpg,02_deepfirearm,deepfirearm,b4b2aeacba452b143eb68c5e5d3d4b918fa4d4f9d6f416d6d98d0cd5d00204f0,,pending,,,,5
img_00006591,images/img_00006591.jpg,02_deepfirearm,deepfirearm,275ff84c8e5ed14669fdaa6cfd0c610886d86e80eb77f391dd44be8c8ac72f2b,,pending,,,,5
img_00006592,images/img_00006592.jpg,02_deepfirearm,deepfirearm,8cf9b7a3c9ccf4962861dd2e4ab00169745cb53deb0a0c92a47c4c199a737d40,,pending,,,,5
img_00006593,images/img_00006593.jpg,02_deepfirearm,deepfirearm,bdbbd258b19e9fd7065e31594400bf4f79ea8440da8ea330edc54e41eccd91ca,,pending,,,,5
img_00006594,images/img_00006594.jpg,02_deepfirearm,deepfirearm,2ebf8799c325c9b32951aef08466272641f6c0c227ee09a0ce68249848d86003,,pending,,,,5
img_00006595,images/img_00006595.jpg,02_deepfirearm,deepfirearm,0d6505a993f5c710dc7a638432df31d146a76514160707135f0c12308c70862a,,pending,,,,5
img_00006596,images/img_00006596.jpg,02_deepfirearm,deepfirearm,5ff9e25062906f3fc63c3c58cee7c8232b20d84459cd1841a0c001844680b589,,pending,,,,5
img_00006597,images/img_00006597.jpg,02_deepfirearm,deepfirearm,ef2ac27292b5075236a07bd12c04abdc6a52f2eb2b1c92c2bd917dfe36a05d5f,,pending,,,,5
img_00006598,images/img_00006598.jpg,02_deepfirearm,deepfirearm,6b78470c9c337b7680254cc7bb2bae18fff061cc6e9caa323360f6857eab686e,,pending,,,,5
img_00006599,images/img_00006599.jpg,02_deepfirearm,deepfirearm,4c40d628709289ce96dff6658f8d351f2f0edda937bf98520a05765466fa810f,,pending,,,,5
img_00006600,images/img_00006600.jpg,02_deepfirearm,deepfirearm,f157820ff89b80fa0282cd3d7aa2fedc9fffa221dddfb7147820f992a5f06352,,pending,,,,5
img_00006601,images/img_00006601.jpg,02_deepfirearm,deepfirearm,8347c13828a6ce95d50d780f4d48cd93d3e22257f7169cb912b3e886bbf60bef,,pending,,,,5
img_00006602,images/img_00006602.jpg,02_deepfirearm,deepfirearm,cf2fb799ce9179309a1cb39b9811aff418ace0eec6ede6509851c9adb53e1bb0,,pending,,,,5
img_00006603,images/img_00006603.jpg,02_deepfirearm,deepfirearm,68d6943e550843ac796acdc0916e2609fb088b97cdadc635ed1e804ee802caa1,,pending,,,,5
img_00006604,images/img_00006604.jpg,02_deepfirearm,deepfirearm,ba51c2ddc8aaac8fbed4a164dd07433d4dba0b77a377d674965362bd5e63e5f8,,pending,,,,5
img_00006605,images/img_00006605.jpg,02_deepfirearm,deepfirearm,4458ebd2e3f5ebb6114f812986c955a1203373428b6b7ec54a17e0b459b5d7d5,,pending,,,,5
img_00006606,images/img_00006606.jpg,02_deepfirearm,deepfirearm,1c4145464aba5e5088d3c33ed0e712b04e1649bdc5c90c29a5254cebb1edde79,,pending,,,,5
img_00006607,images/img_00006607.jpg,02_deepfirearm,deepfirearm,10d7c988c00cb15cc52b4b81b7f5961f63afdbeb6a41ba4bdfeb2db4bcb036cd,,pending,,,,5
img_00006608,images/img_00006608.jpg,02_deepfirearm,deepfirearm,499cad26ddc1d74abf7fa80316261d39a8194ea33152b3b1185c2e8360e8e606,,pending,,,,5
img_00006609,images/img_00006609.jpg,02_deepfirearm,deepfirearm,b73c203f91ef1be25e83b3af7d6c528c466bf1cf7e38a7c12bb2fdb3a76dff29,,pending,,,,5
img_00006610,images/img_00006610.jpg,02_deepfirearm,deepfirearm,09ae58eb4ed92f3fb5a86dd445fbdaa92db61881d406b743002115ea8fcaa4b4,,pending,,,,5
img_00006611,images/img_00006611.jpg,02_deepfirearm,deepfirearm,08e5f5e3d5767238fe52fe6fa50c443d51ddcdf4552a806bd5f3df8619798e93,,pending,,,,5
img_00006612,images/img_00006612.jpg,02_deepfirearm,deepfirearm,997db396a9711dde841bce7267c99f44eca193cdd105e335762515ec0925e874,,pending,,,,5
img_00006613,images/img_00006613.jpg,02_deepfirearm,deepfirearm,e7caca16db883baa9adad12a35dac127dbe9fa8e086e1fa80aa1639d046fad42,,pending,,,,5
img_00006614,images/img_00006614.jpg,02_deepfirearm,deepfirearm,2d33252f577c47a7561052b9c2afe0d387e5456388c09f2a2d2d36025f08edd1,,pending,,,,5
img_00006615,images/img_00006615.jpg,02_deepfirearm,deepfirearm,d48e02c3461b0390bd0761afceafe3451b46c7de82b07b4371d4924a04792865,,pending,,,,5
img_00006616,images/img_00006616.jpg,02_deepfirearm,deepfirearm,bb047fbc9908a9ea5069b77de13dec545d7784a5193e3a2201225290119ac462,,pending,,,,5
img_00006617,images/img_00006617.jpg,02_deepfirearm,deepfirearm,63c2e2e56da110721dbe6a094216ec2e96d28ce945f1f3d78d958c71a14e5447,,pending,,,,5
img_00006618,images/img_00006618.jpg,02_deepfirearm,deepfirearm,3bea42ecb800a50694052fef934030ee8e26ab6e26d57caf61081fddd9d5bd3a,,pending,,,,5
img_00006619,images/img_00006619.jpg,02_deepfirearm,deepfirearm,caae0df24740e6d75cf03404eb0d01628219e14e1137011229eb83aa1dfe2b95,,pending,,,,5
img_00006620,images/img_00006620.jpg,02_deepfirearm,deepfirearm,cdaea75c5a0c8a6617368bebbc1406aa1564e4a839c320fb1e9dec9834e2b794,,pending,,,,5
img_00006621,images/img_00006621.jpg,02_deepfirearm,deepfirearm,8065b0ed9c5321089cb6f65773f7b60c6dc0495a176aeac8c062513a76808fc4,,pending,,,,5
img_00006622,images/img_00006622.jpg,02_deepfirearm,deepfirearm,43cfdc595fd0991ed7dfbd38468cba05e7f2e2ae5d6d1b892da3e90bb7c8ebe9,,pending,,,,5
img_00006623,images/img_00006623.jpg,02_deepfirearm,deepfirearm,a78c80a6c0a36e7b00dd2b93d9976843b89526077f81a75147e6599e015b7f27,,pending,,,,5
img_00006624,images/img_00006624.jpg,02_deepfirearm,deepfirearm,9509c94364750a9aaf47078fde63ff77e5828c0df463a09082bbdc94ae40ef7c,,pending,,,,5
img_00006625,images/img_00006625.jpg,02_deepfirearm,deepfirearm,0ee67d0fbfab33a794d9588d83d2fed11f61dbcaaea4e6d9468ed818b7eb56d4,,pending,,,,5
img_00006626,images/img_00006626.jpg,02_deepfirearm,deepfirearm,ce0e1da373e76598a2bc325557a4b60cb7405bc1aaa8a2bef9dd7729e88e22ec,,pending,,,,5
img_00006627,images/img_00006627.jpg,02_deepfirearm,deepfirearm,4440faa6c7b9aeb4b6b7adbe2561bafb9858188e9cea8369fabfdb1c791a8770,,pending,,,,5
img_00006628,images/img_00006628.jpg,02_deepfirearm,deepfirearm,52b6f76c915fdc7f392c03b6464911dc636edd7de6f733b06f0d2b39aac38df0,,pending,,,,5
img_00006629,images/img_00006629.jpg,02_deepfirearm,deepfirearm,b8a799a3d7acf8e94afd9986b463797a0b1feab1757d16723911830d0633b203,,pending,,,,5
img_00006630,images/img_00006630.jpg,02_deepfirearm,deepfirearm,c495d500360693d2d9daf7d67516e5b43603e930b1f9f344041161987786117f,,pending,,,,5
img_00006631,images/img_00006631.jpg,02_deepfirearm,deepfirearm,7470a5920c361a4a340da4a9caf2b9d5e309b505ed4bffb50cb901b2e6a9b015,,pending,,,,5
img_00006632,images/img_00006632.jpg,02_deepfirearm,deepfirearm,9592b7fade1a3795d57d79f0c636fc63d034a63e913c48fc6a39b9229345b0fb,,pending,,,,5
img_00006633,images/img_00006633.jpg,02_deepfirearm,deepfirearm,d4e871b215ed968feb548766ac27ac95922ab80ed1ae1336d1f468fc0e86b190,,pending,,,,5
img_00006634,images/img_00006634.jpg,02_deepfirearm,deepfirearm,be3cbf34937bd62262be87b57b121e3eacb09f5357a9ba66630ed1d5aeac81e5,,pending,,,,5
img_00006635,images/img_00006635.jpg,02_deepfirearm,deepfirearm,9dae8af213d1e3305ace8d0b0aa497d12d7f1558f793bb75374653f6ea8a11e7,,pending,,,,5
img_00006636,images/img_00006636.jpg,02_deepfirearm,deepfirearm,6b1e6eaad2c78a5924d353b66512029ca016fa22cab3debf439af289fca67521,,pending,,,,5
img_00006637,images/img_00006637.jpg,02_deepfirearm,deepfirearm,819a23b55d20febd6078384bd5b79934da9a8a11515f5dad6da42540ac388c1d,,pending,,,,5
img_00006638,images/img_00006638.jpg,02_deepfirearm,deepfirearm,93cedcf82dd6dfc71ffc06285cff3577564bd5536b1b8a65cb27edcefc3d8bdb,,pending,,,,5
img_00006639,images/img_00006639.jpg,02_deepfirearm,deepfirearm,f072ef2eaaee56af9cb94863c5df8cf87a87b874a40068149a4de28fb0e7c4ad,,pending,,,,5
img_00006640,images/img_00006640.jpg,02_deepfirearm,deepfirearm,423ade93d4d01eb1f02ea16ef44dce06f70ec6ac8b9b9c11f8e27504bc96db1b,,pending,,,,5
img_00006641,images/img_00006641.jpg,02_deepfirearm,deepfirearm,eb784ef45edbb6c47dcd3e4354f401b16d5ee74ac637580a991071517fc091cc,,pending,,,,5
img_00006642,images/img_00006642.jpg,02_deepfirearm,deepfirearm,33786ebe743e217c366eeb7e3a61bf4637a8ff5db3fb841fc362d30e04155472,,pending,,,,5
img_00006643,images/img_00006643.jpg,02_deepfirearm,deepfirearm,b2569b57efc0951d94d04998135c8e87517f570200a29885b02665f6dbffd6e6,,pending,,,,5
img_00006644,images/img_00006644.jpg,02_deepfirearm,deepfirearm,1858c10a238b3dcd978b260da3d0433587e69b1851ee654de20d9245052c4250,,pending,,,,5
img_00006645,images/img_00006645.jpg,02_deepfirearm,deepfirearm,83a2496bc72233697b7706872c3062684d34aeda2f85a2125f2b64dec0456e57,,pending,,,,5
img_00006646,images/img_00006646.jpg,02_deepfirearm,deepfirearm,a8a0511bd0bda1bc78cf97cef92985437c96ab03c806604bd6316d38d718be9a,,pending,,,,5
img_00006647,images/img_00006647.jpg,02_deepfirearm,deepfirearm,fa6ad5eec8cc0d7308881f6f85f06ab3251910164d92b6421b61896e42383da0,,pending,,,,5
img_00006648,images/img_00006648.jpg,02_deepfirearm,deepfirearm,1bdfcbf622232290c7ce5717df5faa5cfbb5657315fa657adfec66df8443bb84,,pending,,,,5
img_00006649,images/img_00006649.jpg,02_deepfirearm,deepfirearm,2d970f8adb34895574ef0453cd3bb1eef76022b01028190885b2b4938fb74508,,pending,,,,5
img_00006650,images/img_00006650.jpg,02_deepfirearm,deepfirearm,0783191f95412c5165e0db8eaa0ea12e11d6d8e2adac3ca55e7d7323cbab9f54,,pending,,,,5
img_00006651,images/img_00006651.jpg,02_deepfirearm,deepfirearm,033062340f6dfc172ff6e1e8089e88581107c2fe8f4542f6219ea5e9f793e886,,pending,,,,5
img_00006652,images/img_00006652.jpg,02_deepfirearm,deepfirearm,fdcaa838a21b7c42f553b8ecd1dd911ebdd09110f36988889baf8ba782f14d32,,pending,,,,5
img_00006653,images/img_00006653.jpg,02_deepfirearm,deepfirearm,fd7b2fb8b99a1c33934497f7951bb9a71843f44c3e45a5f9e3f433c1ef5634b1,,pending,,,,5
img_00006654,images/img_00006654.jpg,02_deepfirearm,deepfirearm,126d77df303f7fb78178ac6602f712d46df225038da3171457a9b2b4ad672d9f,,pending,,,,5
img_00006655,images/img_00006655.jpg,02_deepfirearm,deepfirearm,d54f0ecf0a55673060b2902d33cadc51a6cf506de85d657101ec825db15460c0,,pending,,,,5
img_00006656,images/img_00006656.jpg,02_deepfirearm,deepfirearm,5b508be4a5260f3e3fcf8d69a9c57692e42f5327f5952c1bc964114e770b056d,,pending,,,,5
img_00006657,images/img_00006657.jpg,02_deepfirearm,deepfirearm,417e6cd830beec7989c79ba4caa98e0232f8bc9060bcd60bd79fcfc28e6258d5,,pending,,,,5
img_00006658,images/img_00006658.jpg,02_deepfirearm,deepfirearm,8e7c5e12471b2949dffc79baeecb0a711c619153f920a0679fd44513d7102d7c,,pending,,,,5
img_00006659,images/img_00006659.jpg,02_deepfirearm,deepfirearm,c0ce6d1db682db10ad82eefab79ce94d460a3dd71f07acf2c4f229c33b218525,,pending,,,,5
img_00006660,images/img_00006660.jpg,02_deepfirearm,deepfirearm,1dac3d6455761c453d7c4caa5b184eb07aa934839f8de2ad985378a21c3dabca,,pending,,,,5
img_00006661,images/img_00006661.jpg,02_deepfirearm,deepfirearm,d673965af4f19560857775b50af12ea0748a2753030b1cd33513b8573e97d4f0,,pending,,,,5
img_00006662,images/img_00006662.jpg,02_deepfirearm,deepfirearm,70d4d58eeb4609c2199ea688a3d922a9dbc75bc1b55c727da832adaac457aac7,,pending,,,,5
img_00006663,images/img_00006663.jpg,02_deepfirearm,deepfirearm,df530abb6059b31eda084e6d61709f2c5775a95e25569fce6b48473c122c2c36,,pending,,,,5
img_00006664,images/img_00006664.jpg,02_deepfirearm,deepfirearm,828d0c9561a1f5ba9c71f467208de13fbb51e5d50282555d813510172d1b0e08,,pending,,,,5
img_00006665,images/img_00006665.jpg,02_deepfirearm,deepfirearm,a401f558783613de38b7f1d5490ea9ef852d74bb33d5ffedc1837ba8ede44252,,pending,,,,5
img_00006666,images/img_00006666.jpg,02_deepfirearm,deepfirearm,5202b3cc1c2b6db58ca0b507d0219c255a0effec955fc7d2362305a6a7e3ed2f,,pending,,,,5
img_00006667,images/img_00006667.jpg,02_deepfirearm,deepfirearm,d90d66187aef6696bc71d3ce116cb1092304b759f71ff31437a5055f6d427ea9,,pending,,,,5
img_00006668,images/img_00006668.jpg,02_deepfirearm,deepfirearm,8e3778df616d73d05db1426de5c6a344e2abce198be5d35aae57a73ab199112f,,pending,,,,5
img_00006669,images/img_00006669.jpg,02_deepfirearm,deepfirearm,c949fd124fa605ed96bfbd114cc429c023de41db49ea42ca2f6f49b07754ede7,,pending,,,,5
img_00006670,images/img_00006670.jpg,02_deepfirearm,deepfirearm,17c9db1b7703ec328aa3cf9f5210ff99f65017bf0ca69a7178cc0bd4608bd3f0,,pending,,,,5
img_00006671,images/img_00006671.jpg,02_deepfirearm,deepfirearm,16bcf6f9086b537fe89de8915cba14fde87d43db4fdf7aa09c8092c8ac796dd6,,pending,,,,5
img_00006672,images/img_00006672.jpg,02_deepfirearm,deepfirearm,982eb3ac92bc09505d6cdec643677fa115876d1b921e30b9077212f95c6fbf1a,,pending,,,,5
img_00006673,images/img_00006673.jpg,02_deepfirearm,deepfirearm,a75ff49071712b9a6cb35b0bcf2235ddabbd13d85fd14798dfeaeea8a4b0fb7c,,pending,,,,5
img_00006674,images/img_00006674.jpg,02_deepfirearm,deepfirearm,dbd337737139c0daec5a7d9e3f33e937cf9c9fc6fd14aca18e2ebe443edf1e2b,,pending,,,,5
img_00006675,images/img_00006675.jpg,02_deepfirearm,deepfirearm,04c1a2955b3e14fb6c5f72e91d4349ab9305f02aeceaf484d2ca97818b98b243,,pending,,,,5
img_00006676,images/img_00006676.jpg,02_deepfirearm,deepfirearm,194922faf8306528da2a3f17a9b2d4ef8ab0fa2e1c525825c4edcd1117087587,,pending,,,,5
img_00006677,images/img_00006677.jpg,02_deepfirearm,deepfirearm,6ccff15863a1a04940c98b8640354cf2d0d8d97c6e78bb2cf71486ce60feb8b9,,pending,,,,5
img_00006678,images/img_00006678.jpg,02_deepfirearm,deepfirearm,7093c7cc0da195629334aa41802f9e447827a4d68dbd2ee71e16ad972c00597a,,pending,,,,5
img_00006679,images/img_00006679.jpg,02_deepfirearm,deepfirearm,fad1829180cc18233862f28a1d8e8e6d09a14123d81e87beaa1f408d666e884e,,pending,,,,5
img_00006680,images/img_00006680.jpg,02_deepfirearm,deepfirearm,a6062ec57615e305226dfffad49e2df476c6daef7bef5d2e46906740cd803b48,,pending,,,,5
img_00006681,images/img_00006681.jpg,02_deepfirearm,deepfirearm,ba0b714fe1de8e5294ff7398850e7b709e2e6e47a27e28627af6cf9f40cbf1db,,pending,,,,5
img_00006682,images/img_00006682.jpg,02_deepfirearm,deepfirearm,a01e35f178486068e22367687846cc2a028c05859fc12e47a73e38ca9e1184f7,,pending,,,,5
img_00006683,images/img_00006683.jpg,02_deepfirearm,deepfirearm,837264647b76f21811e1faee03eaf22dbc2282870faf3d8f030e2b70291f0489,,pending,,,,5
img_00006684,images/img_00006684.jpg,02_deepfirearm,deepfirearm,5cdbae73ee497d490b9e124c3626fd31c4ed29fb55f0306bcf15acc62666baab,,pending,,,,5
img_00006685,images/img_00006685.jpg,02_deepfirearm,deepfirearm,94d6d59b70d1aa48595f2987497dea9722e2729b54c0de6b725c741079087fbf,,pending,,,,5
img_00006686,images/img_00006686.jpg,02_deepfirearm,deepfirearm,d32e475e3ac9d9c4c575d42afed5be6928072d72f4eeef824edaf19da2ebdf17,,pending,,,,5
img_00006687,images/img_00006687.jpg,02_deepfirearm,deepfirearm,9ad8c520c0dda0064dafc86ee2757dfcb4119e4c88b5a591273b2479fdc2d944,,pending,,,,5
img_00006688,images/img_00006688.jpg,02_deepfirearm,deepfirearm,3255c63629b6dc607a7e91f58eb0c2826c0439a85b3ad2462cdcdc3ed15d2c9f,,pending,,,,5
img_00006689,images/img_00006689.jpg,02_deepfirearm,deepfirearm,63a8e55ff2663c6e74931be0b1da25757a25027c43babb3c23cd1a82d9d6dfb2,,pending,,,,5
img_00006690,images/img_00006690.jpg,02_deepfirearm,deepfirearm,8c5badf8a8051b2909fbaf76f5bdf1f9b6dcd723fe19ac11145f180e23823a19,,pending,,,,5
img_00006691,images/img_00006691.jpg,02_deepfirearm,deepfirearm,25f9f7e02f5b949e8bba155e03b6fab1b1a22ff633de47c5f8d1c857fa6ce666,,pending,,,,5
img_00006692,images/img_00006692.jpg,02_deepfirearm,deepfirearm,9772b8d8841d2fc6ef64f5b5d1cbfb1423c9b18a0937dc15b29352a194156e87,,pending,,,,5
img_00006693,images/img_00006693.jpg,02_deepfirearm,deepfirearm,980fd821cd001fec4402e3b6688d03a363aa71875c6a6e0d9d9bc70c69abbd86,,pending,,,,5
img_00006694,images/img_00006694.jpg,02_deepfirearm,deepfirearm,8728ae164922c2c861a44313e4743800121bbec53ff9b2d029e466f6d4825594,,pending,,,,5
img_00006695,images/img_00006695.jpg,02_deepfirearm,deepfirearm,b9492fe9b5c4d5a9d634de77f29abf9a3632a5423c894ab9c846b8ab12b27883,,pending,,,,5
img_00006696,images/img_00006696.jpg,02_deepfirearm,deepfirearm,9544df57358ddd0977ca885597e73084eae013e9fb1fa017138f15640560da4f,,pending,,,,5
img_00006697,images/img_00006697.jpg,02_deepfirearm,deepfirearm,4cc12c7ad8d974d0873921602fb8f207918e2ec4a979fae7589f54e988f495e5,,pending,,,,5
img_00006698,images/img_00006698.jpg,02_deepfirearm,deepfirearm,01cbae254d3675c8587c8d00387d18b8886371989b05f5ce562208b0d9584150,,pending,,,,5
img_00006699,images/img_00006699.jpg,02_deepfirearm,deepfirearm,0c0160e207cde07dfecbc1ae178b938fab3d9b074ef912f5c6ca98c0d8ca77e7,,pending,,,,5
img_00006700,images/img_00006700.jpg,02_deepfirearm,deepfirearm,6c9e9ce1221371021b139348c3e5e6103aefc56f095051291446113360403a63,,pending,,,,5
img_00006701,images/img_00006701.jpg,02_deepfirearm,deepfirearm,31d53f3fbc6f3dd8e79d34102e4deaf71aadc4a39e62185e09a158bd1d4217b4,,pending,,,,5
img_00006702,images/img_00006702.jpg,02_deepfirearm,deepfirearm,f7720abbf7941aa2aaeb1439e2886a6fccd9af744fc05bbf640121e8d51021c5,,pending,,,,5
img_00006703,images/img_00006703.jpg,02_deepfirearm,deepfirearm,17f60b199e8f65b7983cbf5d2d0976877ebcdb6b4fa12e368ce7d672c1c3b377,,pending,,,,5
img_00006704,images/img_00006704.jpg,02_deepfirearm,deepfirearm,3fa1435bcf9f111a20f4c58d79b0ec06c204e3c90e34d45bd30175f8711cfba5,,pending,,,,5
img_00006705,images/img_00006705.jpg,02_deepfirearm,deepfirearm,88902733f66ab229fe41735eb60e03f99deafc5c8812aa7271b9dd65c506c507,,pending,,,,5
img_00006706,images/img_00006706.jpg,02_deepfirearm,deepfirearm,99a0fc9d5010f3212aec763e69f812dae5453a88d77c1403a0c979b0af0ab775,,pending,,,,5
img_00006707,images/img_00006707.jpg,02_deepfirearm,deepfirearm,9bc235310e56ace9822dd3ac62acdb122f86fdbd33d09b26bda153a8c59513d7,,pending,,,,5
img_00006708,images/img_00006708.jpg,02_deepfirearm,deepfirearm,8de0f155b0cc3207b50742f43ef8000ce1fe19f17a86603e326e5f001374372b,,pending,,,,5
img_00006709,images/img_00006709.jpg,02_deepfirearm,deepfirearm,df827ef8eac5b29b2be0b540f4f394efff4b0e6c5e9e2cbbf8adb7c76b31f263,,pending,,,,5
img_00006710,images/img_00006710.jpg,02_deepfirearm,deepfirearm,e5ab34367845d28e38eeffe81a88218ed3db2796e53720601ace92d039ef5644,,pending,,,,5
img_00006711,images/img_00006711.jpg,02_deepfirearm,deepfirearm,7e3974f937d33dd55a2a58d129a9e6243912396ae850ff194aa9222e42575ee4,,pending,,,,5
img_00006712,images/img_00006712.jpg,02_deepfirearm,deepfirearm,02df8d1f7a7a95d6c375ffa25d9da85869e130ed5987b0027c00ea988b526107,,pending,,,,5
img_00006713,images/img_00006713.jpg,02_deepfirearm,deepfirearm,81f03f9ad4a14a1e362de130569969a320e6d9a4b2be4c77fd02e412ef286151,,pending,,,,5
img_00006714,images/img_00006714.jpg,02_deepfirearm,deepfirearm,d2698a98466299cbb3cc47f28dcda245a70e03fcecac771fcd3fd8cd5f4dd661,,pending,,,,5
img_00006715,images/img_00006715.jpg,02_deepfirearm,deepfirearm,bff97da4ce50cd4bfb3198aa87e1c11a7b5062cd688cc5ccfd74da490b939b70,,pending,,,,5
img_00006716,images/img_00006716.jpg,02_deepfirearm,deepfirearm,95ad02cf966c26859bd3a7fa202d3605a56f196067abbe25cd96ab0a08bbaf35,,pending,,,,5
img_00006717,images/img_00006717.jpg,02_deepfirearm,deepfirearm,2c02bb45bcc3440afe7958b1157a02afab392556938e548bc98e4c1b9e2530a2,,pending,,,,5
img_00006718,images/img_00006718.jpg,02_deepfirearm,deepfirearm,c4f88e711e9d11e27d14fc3b1124fdd14decc92f2cccaf4acf6ba88fd341354b,,pending,,,,5
img_00006719,images/img_00006719.jpg,02_deepfirearm,deepfirearm,38fe58c4744e7d9f03c7836d091f89ece98f7d2e5bc820ca2521fbbe8477744c,,pending,,,,5
img_00006720,images/img_00006720.jpg,02_deepfirearm,deepfirearm,f6bbfb5777d70d9a006126298be38226aca0cd2b6cf5a79afa5e903a75766438,,pending,,,,5
img_00006721,images/img_00006721.jpg,02_deepfirearm,deepfirearm,d721058981254d68fb9539e14ac1369a933eda6ac984d9f6647523a1c41c63c2,,pending,,,,5
img_00006722,images/img_00006722.jpg,02_deepfirearm,deepfirearm,dbc20ce704eb45d5cab6e3ec7add1c9694ed28882277a70d916d54a7cc385f76,,pending,,,,5
img_00006723,images/img_00006723.jpg,02_deepfirearm,deepfirearm,9eac3163012241e5b7d9123027d9e174006a9ffb15d3ece1879ab63d02d24fd5,,pending,,,,5
img_00006724,images/img_00006724.jpg,02_deepfirearm,deepfirearm,a857c18beba88943052a92977e5aeb385da6b717978668bcfd8c2a994fea4afb,,pending,,,,5
img_00006725,images/img_00006725.jpg,02_deepfirearm,deepfirearm,51a61047009f622cd2a52b71b6090278cc7df1936162c73c4fbdc1dfd4bc4740,,pending,,,,5
img_00006726,images/img_00006726.jpg,02_deepfirearm,deepfirearm,0e6e90d0d22922918c321ed2c38081b3e48711ab210803ab000901b7eb86699a,,pending,,,,5
img_00006727,images/img_00006727.jpg,02_deepfirearm,deepfirearm,eb789c98c2b3a19cb067f50ebd886949ac17f326474573401f0cda705c5fa609,,pending,,,,5
img_00006728,images/img_00006728.jpg,02_deepfirearm,deepfirearm,40b24f15f0f0ed3c81c91a9ecda289ecee5470947dc28220618c2309ac047362,,pending,,,,5
img_00006729,images/img_00006729.jpg,02_deepfirearm,deepfirearm,74ee672d8275878ffe2135cc8102e90d1b9a483f44f01a1f2c526c96ffa46b66,,pending,,,,5
img_00006730,images/img_00006730.jpg,02_deepfirearm,deepfirearm,862ba25df103e3fbd62eface78df4a519ced27e678d497217e8abf58e96b9a39,,pending,,,,5
img_00006731,images/img_00006731.jpg,02_deepfirearm,deepfirearm,16cecb258b492fcb0140a9f8164a161f953c13666c08fe4088255de641513b6c,,pending,,,,5
img_00006732,images/img_00006732.jpg,02_deepfirearm,deepfirearm,7013ae3a0e13e8e77ea7bca3cfe609efe041c31fe9518c62589ca83543465241,,pending,,,,5
img_00006733,images/img_00006733.jpg,02_deepfirearm,deepfirearm,450c677e51b25e55652e50483d0e638c40a6c8eda6e124f6da9b9a15ec51a9b9,,pending,,,,5
img_00006734,images/img_00006734.jpg,02_deepfirearm,deepfirearm,4bd975aae14051c5b5aae55924b8b65ee9bc583a0533ee2e3902c4f08fa235d4,,pending,,,,5
img_00006735,images/img_00006735.jpg,02_deepfirearm,deepfirearm,d0d48a2dc414b1ff069c6237cce35d0e02d2b80ff6d8865ff5ce09b23bab6c15,,pending,,,,5
img_00006736,images/img_00006736.jpg,02_deepfirearm,deepfirearm,e6132420bba1e384c97ec2c93d8bdbe1649be51db0fa7cced55bf5709907be8d,,pending,,,,5
img_00006737,images/img_00006737.jpg,02_deepfirearm,deepfirearm,c108d5cd213e988ba2b62ba5fd7044a8663c04d755933b12d964661c8f22e696,,pending,,,,5
img_00006738,images/img_00006738.jpg,02_deepfirearm,deepfirearm,09e6e7e5cc5c22ba35a33f8bee1bf08b6371a2bd2610ed1e359924dc42a1f61b,,pending,,,,5
img_00006739,images/img_00006739.jpg,02_deepfirearm,deepfirearm,f2f885127d5c209e15884b62e7cd827e95ea19a535084e789abf30dfee75e3b6,,pending,,,,5
img_00006740,images/img_00006740.jpg,02_deepfirearm,deepfirearm,615bfd9022a7d4245539fbb81324b23a62b39278f8c68d4d8963f58318e4d006,,pending,,,,5
img_00006741,images/img_00006741.jpg,02_deepfirearm,deepfirearm,bc4080857123b2248377c421dc5a2c2538c332ab1ad507ae2b6ce10a0f2b3853,,pending,,,,5
img_00006742,images/img_00006742.jpg,02_deepfirearm,deepfirearm,fe67e52bb694f46d676a1242e254984223988e2a211b4c42413c3ec7d2723ecc,,pending,,,,5
img_00006743,images/img_00006743.jpg,02_deepfirearm,deepfirearm,4b4076b428361544dd22f8b52a04a3bbedd33ea1da30ad1eaed43ef8a33191fc,,pending,,,,5
img_00006744,images/img_00006744.jpg,02_deepfirearm,deepfirearm,9f00b273e9d25ac2ce73208c86ec145687385334092d33264e16d8a348fd6365,,pending,,,,5
img_00006745,images/img_00006745.jpg,02_deepfirearm,deepfirearm,a1161c9e0220a5e14379ce14ca7433c5871beeead909ba98b33f03177a15f7ee,,pending,,,,5
img_00006746,images/img_00006746.jpg,02_deepfirearm,deepfirearm,02224770d61bcea49a1935b42f0248af4b2d63ec9e86080d4f08b4d30c45775c,,pending,,,,5
img_00006747,images/img_00006747.jpg,02_deepfirearm,deepfirearm,eeb3d066f638f4b36cfd9a55c1fa8e6fa2010595721f1cd4bda016b2b18b69c2,,pending,,,,5
img_00006748,images/img_00006748.jpg,02_deepfirearm,deepfirearm,34b60bbe082b151128d29e0e6224e951e6f6c2a3b8de93ea6d197072a7effe16,,pending,,,,5
img_00006749,images/img_00006749.jpg,02_deepfirearm,deepfirearm,6bf1d0f646e65bdea2fb8f26654d44f2827e4d6a4ff08788fe293030223f1feb,,pending,,,,5
img_00006750,images/img_00006750.jpg,02_deepfirearm,deepfirearm,8efd117a4be2778be3f0bec0c50cfe97c5ae5ae95d220bf87f71c85482fc4370,,pending,,,,5
img_00006751,images/img_00006751.jpg,02_deepfirearm,deepfirearm,8ca4882ed75fc10e7eba76f8a2d41a013f0bbf0b1f41cae8e5ec5ade40a2f661,,pending,,,,5
img_00006752,images/img_00006752.jpg,02_deepfirearm,deepfirearm,76ecf128e36fb932831f0dee9f9531ea217d9992903912bd78a78407a019b9e2,,pending,,,,5
img_00006753,images/img_00006753.jpg,02_deepfirearm,deepfirearm,fecec937b641a8c3b912121f8680678b231440a8b5929d62d9ab995b1f0ce91d,,pending,,,,5
img_00006754,images/img_00006754.jpg,02_deepfirearm,deepfirearm,82c9973270f82e795902870bd68b848bd7c9ca72723c47873d69ec32f074d542,,pending,,,,5
img_00006755,images/img_00006755.jpg,02_deepfirearm,deepfirearm,d49b1af1f1a9daf8590ff749cc67f107cacc79ef106cab7aa0f6911ad8c33d23,,pending,,,,5
img_00006756,images/img_00006756.jpg,02_deepfirearm,deepfirearm,a94e2e3b7e13d9dc15f71b71b16456f4c7206874034840f056200e6f3f6e2a96,,pending,,,,5
img_00006757,images/img_00006757.jpg,02_deepfirearm,deepfirearm,94723bb5740333c68cee6d151ad690097032d5b96e6c98ed63b3667864220ace,,pending,,,,5
img_00006758,images/img_00006758.jpg,02_deepfirearm,deepfirearm,53ae690e0840223b3cec998749b5a2e303c95251d1d53bf9c82d07e9dabafdf0,,pending,,,,5
img_00006759,images/img_00006759.jpg,02_deepfirearm,deepfirearm,8600e0a58a04678f2dd8726da2d38180f5026ae2fc6f496cf7b7564295d642d5,,pending,,,,5
img_00006760,images/img_00006760.jpg,02_deepfirearm,deepfirearm,1887bbeb544be5a9407802335104296694f161c08db518464200106d51e25408,,pending,,,,5
img_00006761,images/img_00006761.jpg,02_deepfirearm,deepfirearm,c1d241a754be5cf3817684dfb4a3f5eff6fc0821e19f84e631403f10f7c104cd,,pending,,,,5
img_00006762,images/img_00006762.jpg,02_deepfirearm,deepfirearm,43eac19653011f4fbdc01a0120b9d89efde976325038b403001994c0012ecf76,,pending,,,,5
img_00006763,images/img_00006763.jpg,02_deepfirearm,deepfirearm,8f2abf8cdd723809ee9aa8d7a07e92e6ebf34a36cf49ca276f0c25e930a58ebb,,pending,,,,5
img_00006764,images/img_00006764.jpg,02_deepfirearm,deepfirearm,8c5956d3b2ebaa1ee639690537c173f2c3a16bdf547192f408cb48c97c490b78,,pending,,,,5
img_00006765,images/img_00006765.jpg,02_deepfirearm,deepfirearm,0655b9f3a3baec1314ee5ec15c9014c193b9152b64a52ef24957b68ad2b71ed6,,pending,,,,5
img_00006766,images/img_00006766.jpg,02_deepfirearm,deepfirearm,1819df693876239158f15d6564a25b19bf398defc09d78f766b64d0967c1aef3,,pending,,,,5
img_00006767,images/img_00006767.jpg,02_deepfirearm,deepfirearm,d2f719c79a80349fddf5a5fc8a86e6a373ba02bf97b55630cbb7dfa9f721f2d9,,pending,,,,5
img_00006768,images/img_00006768.jpg,02_deepfirearm,deepfirearm,5ce354129bf31593372e59337837b2aad5bbeae18060e0e5a8997e744eeb7f3b,,pending,,,,5
img_00006769,images/img_00006769.jpg,02_deepfirearm,deepfirearm,6fbde511316d56c07fa6d3c62b6fc02fd2ac722c7fba0891e38576acb2640ccf,,pending,,,,5
img_00006770,images/img_00006770.jpg,02_deepfirearm,deepfirearm,78b7b57ae68e79b29d3114dab2ebf23b9b2890f407d3855e8f9e9b77e2bd1389,,pending,,,,5
img_00006771,images/img_00006771.jpg,02_deepfirearm,deepfirearm,455c4414fc069c840da9c769f87df2bb6409778b3617ad583bd3df4321a054b2,,pending,,,,5
img_00006772,images/img_00006772.jpg,02_deepfirearm,deepfirearm,2f286b11a85742f2619309445fedfcc4cf4fb833dcded0dd84a39d29c3f2abfd,,pending,,,,5
img_00006773,images/img_00006773.jpg,02_deepfirearm,deepfirearm,697b5c936ebbbacd7d898cbcaa59e61f6a32129d7a993879fa0eef4b95432918,,pending,,,,5
img_00006774,images/img_00006774.jpg,02_deepfirearm,deepfirearm,1296797b7bc9cd6deb459e852f731640a8b436c0872de068e917b31671b46e6c,,pending,,,,5
img_00006775,images/img_00006775.jpg,02_deepfirearm,deepfirearm,59f624490946c35aa21058aae1ac76d708bf2abd0420b71a0142143661e26a58,,pending,,,,5
img_00006776,images/img_00006776.jpg,02_deepfirearm,deepfirearm,de697d5be83f2a60a4508a2611427f82795ca7281374c30fc20194476d6e698f,,pending,,,,5
img_00006777,images/img_00006777.jpg,02_deepfirearm,deepfirearm,c01cd01b632f1a2ad0e3c186cb0ad351c609224dcab22441408290d777b8face,,pending,,,,5
img_00006778,images/img_00006778.jpg,02_deepfirearm,deepfirearm,88b5c3885c65b172cb465e31fb72c93239fd7883ade4e3d0f2c8cbbdce252ff8,,pending,,,,5
img_00006779,images/img_00006779.jpg,02_deepfirearm,deepfirearm,05d1ab021713ae83a1dd24aeb4f5c732127f7098ea1cc16cdf3af0f9aa993fdb,,pending,,,,5
img_00006780,images/img_00006780.jpg,02_deepfirearm,deepfirearm,11716af22e91222f40008894fcb5714156d78702391db1c473b487f02ad0ddc9,,pending,,,,5
img_00006781,images/img_00006781.jpg,02_deepfirearm,deepfirearm,3a2f7b3f98a48ac6b8592952671d1bd9d1ce86048e2268023bbf25ebb4931c66,,pending,,,,5
img_00006782,images/img_00006782.jpg,02_deepfirearm,deepfirearm,2f538bf6bd46fc6a8945aaf12abe93c0b98714d156528c63d106a288e7276616,,pending,,,,5
img_00006783,images/img_00006783.jpg,02_deepfirearm,deepfirearm,1ff0e5c6f29b47b4a88b53835c423a697c3561de75638929ad0f19bd583a2c22,,pending,,,,5
img_00006784,images/img_00006784.jpg,02_deepfirearm,deepfirearm,8f1dcab1b3c6a75e1983d49ec5fca576804fdade33bd0a17813ddd6abb93b27d,,pending,,,,5
img_00006785,images/img_00006785.jpg,02_deepfirearm,deepfirearm,9167b7aa0b987c0f69038f4e29d43e94ae726891a10f8ec8b9fd7142cf5e495a,,pending,,,,5
img_00006786,images/img_00006786.jpg,02_deepfirearm,deepfirearm,223070cb96dc7f786ee1fe895fbc9667b0923db8d5d0a895cecb11db91db9127,,pending,,,,5
img_00006787,images/img_00006787.jpg,02_deepfirearm,deepfirearm,916335ca92c2d07f924f7e1b53dc6befb2316969efdc5e1ecc1855f19a7599f8,,pending,,,,5
img_00006788,images/img_00006788.jpg,02_deepfirearm,deepfirearm,312e868f723057e50c1c05a8f5db01bfea6a2ebe5f22cd24ec7066ee40ebd351,,pending,,,,5
img_00006789,images/img_00006789.jpg,02_deepfirearm,deepfirearm,0ad4b4e4fa9bdf1d29dbb06f39a12589bbaa1c9da3d228fcc840e9261dfd90e5,,pending,,,,5
img_00006790,images/img_00006790.jpg,02_deepfirearm,deepfirearm,67f4b294007e32c461e9ba037c271ee4e3ac327b3aec37cfcc9f4dd369e0e6f6,,pending,,,,5
img_00006791,images/img_00006791.jpg,02_deepfirearm,deepfirearm,2693c89663173526743977b7a56c0b58fa5522d3d550920e2d8ff1a2886009c0,,pending,,,,5
img_00006792,images/img_00006792.jpg,02_deepfirearm,deepfirearm,07ffb11853567034ca949d06fa4d9826b17a16cd5bde565bd1a7020975ad141e,,pending,,,,5
img_00006793,images/img_00006793.jpg,02_deepfirearm,deepfirearm,2590b6b4a08b9ef0ff64f0784b156ff4be0b65a295ddd526343140a6821ce8b3,,pending,,,,5
img_00006794,images/img_00006794.jpg,02_deepfirearm,deepfirearm,e7b376e2476761ce67d2d4ca56feb6f2b86d2d7282982fd71428f5c12f24c82d,,pending,,,,5
img_00006795,images/img_00006795.jpg,02_deepfirearm,deepfirearm,17293f9c50ca67769c7b421f88c17121db74ba5edf58496a093a9a2247d6fd09,,pending,,,,5
img_00006796,images/img_00006796.jpg,02_deepfirearm,deepfirearm,ad6a275639500f46cce011fd4805e0fa037120d04d75f02507eb9a7046a108bc,,pending,,,,5
img_00006797,images/img_00006797.jpg,02_deepfirearm,deepfirearm,08e5a01d5e975539778f35bb8a7445a5345b41440788e221e7c2bc997d11817a,,pending,,,,5
img_00006798,images/img_00006798.jpg,02_deepfirearm,deepfirearm,10d4870c8821c34e7e270a0301db88eceeca7f6481b8ef2b5e13c0c1d700b864,,pending,,,,5
img_00006799,images/img_00006799.jpg,02_deepfirearm,deepfirearm,348d288cd5727861e5d350db2d6db6a694602b210bc44db16db795b6adf3234a,,pending,,,,5
img_00006800,images/img_00006800.jpg,02_deepfirearm,deepfirearm,e5b3b21b8008b95db2ae1cc2ea1e0c53101a10cfe7b0f208c69dc6eaa45e1444,,pending,,,,5
img_00006801,images/img_00006801.jpg,02_deepfirearm,deepfirearm,bf30b1cd6e77a97013814b7232b502db148db9b12f8272e7e7fcacb1e62b7337,,pending,,,,5
img_00006802,images/img_00006802.jpg,02_deepfirearm,deepfirearm,bc9de4f2438f3373383b3ba59a11de6b7d92f81e41ea35e1f60e061f52b93f94,,pending,,,,5
img_00006803,images/img_00006803.jpg,02_deepfirearm,deepfirearm,57345be2f5c20b1e1396324cdf33ee7de85f011d085eed9e57f814c85624c7c6,,pending,,,,5
img_00006804,images/img_00006804.jpg,02_deepfirearm,deepfirearm,735b2e45687e088fe7f92420ec1ddbf81f096969cb4e8069149d64660b68968e,,pending,,,,5
img_00006805,images/img_00006805.jpg,02_deepfirearm,deepfirearm,685b0abe133f178f14f4581e956c3e61d347b8346779f901a0222c44b3f395c5,,pending,,,,5
img_00006806,images/img_00006806.jpg,02_deepfirearm,deepfirearm,68c9e9b92726f2179301502bb039f00ff9e9fbcc1e344c3041bef7ef688add28,,pending,,,,5
img_00006807,images/img_00006807.jpg,02_deepfirearm,deepfirearm,cda888a8ed6daec0f4099aaa36e0bf46e7b537c805ffa6b3712cba0292f9e4cb,,pending,,,,5
img_00006808,images/img_00006808.jpg,02_deepfirearm,deepfirearm,fb1028fabcf6f6fe90eb0dcc69b8f16406cfffe9d0b60fbbd269038b6ad15bc5,,pending,,,,5
img_00006809,images/img_00006809.jpg,02_deepfirearm,deepfirearm,e825337bc8c4de495480216f0503eae65b47e2808669ca4e98721642f12c4bdd,,pending,,,,5
img_00006810,images/img_00006810.jpg,02_deepfirearm,deepfirearm,699d718d72090458f28b352d549d8a2c56cc79b5494810cdf747e5342db91a8c,,pending,,,,5
img_00006811,images/img_00006811.jpg,02_deepfirearm,deepfirearm,ee31aefd0e7b508c2fb20ad05a1dde92719b5d966497924e136578f7eac52b51,,pending,,,,5
img_00006812,images/img_00006812.jpg,02_deepfirearm,deepfirearm,8a177c4dd0a88dcb2d917877f59128f9e85d6f0385b8d9db0027fd2e14cc0fd1,,pending,,,,5
img_00006813,images/img_00006813.jpg,02_deepfirearm,deepfirearm,ad5d8a0df15d0a35faae04bc302e6a3feb7dedd90ec963cb080b38f2eb7acd39,,pending,,,,5
img_00006814,images/img_00006814.jpg,02_deepfirearm,deepfirearm,ff5919c3b40f3599336e8a8b59b41a00b1cd235195d4cd63e7618c549f37c869,,pending,,,,5
img_00006815,images/img_00006815.jpg,02_deepfirearm,deepfirearm,71bd505378e461056e1ef7889f042e3c81ce25f62827663d0739fcf3e726cf20,,pending,,,,5
img_00006816,images/img_00006816.jpg,02_deepfirearm,deepfirearm,20fc5ca8f10fca985b1965c0aac03b73bca7bbcc1ae9d5b3940157406152bbf7,,pending,,,,5
img_00006817,images/img_00006817.jpg,02_deepfirearm,deepfirearm,7d5fe291c269132c04a8f75d130d59db6079856df586adfb8d4b93af24ec33fc,,pending,,,,5
img_00006818,images/img_00006818.jpg,02_deepfirearm,deepfirearm,3824359d2ae6ff62c7362d31935872e78e975ba992510580228127fbdbcecd2c,,pending,,,,5
img_00006819,images/img_00006819.jpg,02_deepfirearm,deepfirearm,94081385d06ae19b46d68a76cfcc89c99d4f32da5a4ea67c1ebcb1c4d6486713,,pending,,,,5
img_00006820,images/img_00006820.jpg,02_deepfirearm,deepfirearm,d72a746d2e70faa9ec8835bfbe890cd3d82ae040bbee7a7bbf5926685ce0bbbc,,pending,,,,5
img_00006821,images/img_00006821.jpg,02_deepfirearm,deepfirearm,5ef49891cc9254a66c0e16fbfc32c769e642aaaff763909fac0061b5d34e2ee2,,pending,,,,5
img_00006822,images/img_00006822.jpg,02_deepfirearm,deepfirearm,df69a109a75b5f30fab3f16463e1f8e68e76b8f13b40b111a8b86749c14745f9,,pending,,,,5
img_00006823,images/img_00006823.jpg,02_deepfirearm,deepfirearm,d9a521ab97b453774243e600479b59cc4619bd6d69aee87f96e3d95b77494941,,pending,,,,5
img_00006824,images/img_00006824.jpg,02_deepfirearm,deepfirearm,6a9d40c6fa3b5a3209dc0a6db62b4aa02ea510f258e0e1218fb3417c89cf055d,,pending,,,,5
img_00006825,images/img_00006825.jpg,02_deepfirearm,deepfirearm,ecad3c43a78a5033f59260fffab5e060d3b8dafca23d7902045dcc78de13b35f,,pending,,,,5
img_00006826,images/img_00006826.jpg,02_deepfirearm,deepfirearm,ec603b22913e83ce4a28bb73eba96d9f7cfcda2cea9439a43851be652ebb1e30,,pending,,,,5
img_00006827,images/img_00006827.jpg,02_deepfirearm,deepfirearm,a886931349e6fd91faf49648300367f9b02dd6173cf2bced413a1370979653db,,pending,,,,5
img_00006828,images/img_00006828.jpg,02_deepfirearm,deepfirearm,7daddc90347cf28c359d3ed95802eb51c00e04115ee122731bc4c3fd64bd9e96,,pending,,,,5
img_00006829,images/img_00006829.jpg,02_deepfirearm,deepfirearm,0a28a9fdc23ccdf6c68baa5381c8e6a0c5099653c8a8176bbb6b630a653f5d9c,,pending,,,,5
img_00006830,images/img_00006830.jpg,02_deepfirearm,deepfirearm,0f027f63e475f24d35df085ed4a58c355e302a6a16d3c23df1a6032b94da6205,,pending,,,,5
img_00006831,images/img_00006831.jpg,02_deepfirearm,deepfirearm,11a1e3eff594cdbea6ac7a0f2cc13ffab96eb1a2e7c6f852ee93301cae908e2e,,pending,,,,5
img_00006832,images/img_00006832.jpg,02_deepfirearm,deepfirearm,224b3ffd6fbec1e03581c4dfebdf04ccfe78d09c46a3ec50dbee27d9ebac71fa,,pending,,,,5
img_00006833,images/img_00006833.jpg,02_deepfirearm,deepfirearm,dea932344634b487c7549de4ef14b454566da159fdcaa21cae89dae38629e1e2,,pending,,,,5
img_00006834,images/img_00006834.jpg,02_deepfirearm,deepfirearm,1b16692bc104cce889b7bf5f22ddf6af102cd28692ab380bf06c3dc6dc1b0144,,pending,,,,5
img_00006835,images/img_00006835.jpg,02_deepfirearm,deepfirearm,21695347c43f34f7bcd53cafdbf6e4f4f8c077337f5a4eaf739951fb12c665c4,,pending,,,,5
img_00006836,images/img_00006836.jpg,02_deepfirearm,deepfirearm,0bb1352b240da537ddc3a6965cceb64ca0d3c5439bcb3ee748344d8c8580c6d3,,pending,,,,5
img_00006837,images/img_00006837.jpg,02_deepfirearm,deepfirearm,9d2bebbd97c71525c007d92f1b5decdb9414080203c49773e70285a39e8d283c,,pending,,,,5
img_00006838,images/img_00006838.jpg,02_deepfirearm,deepfirearm,8aed601a1b0435402eab45f312b94eabba34cd8afb137ffde1c996a4daa56f83,,pending,,,,5
img_00006839,images/img_00006839.jpg,02_deepfirearm,deepfirearm,46d407306e82963f157a7e090cb7b219a4531cf4266decceff33b95f3599fbcb,,pending,,,,5
img_00006840,images/img_00006840.jpg,02_deepfirearm,deepfirearm,5efbc296e64120c310309443a875604f5bca88f27b25b3b364dda72caca30321,,pending,,,,5
img_00006841,images/img_00006841.jpg,02_deepfirearm,deepfirearm,ee612834b120792b2010330443b5cdb7887cf4a140d8cff06d15a59a9d717aef,,pending,,,,5
img_00006842,images/img_00006842.jpg,02_deepfirearm,deepfirearm,68f5e373116e158a25d10299640e4ed12a374adc308bec90c558ff71f65a7af7,,pending,,,,5
img_00006843,images/img_00006843.jpg,02_deepfirearm,deepfirearm,9153f2338fe33f094132db29cf833d171e75eb3ba7425a1a2d59a8e92734f2d4,,pending,,,,5
img_00006844,images/img_00006844.jpg,02_deepfirearm,deepfirearm,6ca71012526a07e66060f3eeb8f660e2c26d48dbb9b753d93ce64f05943b2dd9,,pending,,,,5
img_00006845,images/img_00006845.jpg,02_deepfirearm,deepfirearm,daf067c4f103487d39d6e0c44b697003ecb64838b95c21f910917b9bcddc7fdd,,pending,,,,5
img_00006846,images/img_00006846.jpg,02_deepfirearm,deepfirearm,bd1424b7cb89113529dab898ee3f2bfa651599ad4cc284470f604dc8baf4f0b9,,pending,,,,5
img_00006847,images/img_00006847.jpg,02_deepfirearm,deepfirearm,4ba1b84839e44018cc115989d5b029bbc066b25df7c482a376df8eb01af6b7ed,,pending,,,,5
img_00006848,images/img_00006848.jpg,02_deepfirearm,deepfirearm,af78ac172478dcc26afa8d7f13a2fe4079e17ef09598ec2793f72a09fec79ee2,,pending,,,,5
img_00006849,images/img_00006849.jpg,02_deepfirearm,deepfirearm,62c3c41abde45fe521fe5b17e039c1b72ad0eb5f904fc1d38749bcad1d707d29,,pending,,,,5
img_00006850,images/img_00006850.jpg,02_deepfirearm,deepfirearm,450429d375a2573c6d71c3587a23b001d863e3822bd7def7d57e3db465e8e4e2,,pending,,,,5
img_00006851,images/img_00006851.jpg,02_deepfirearm,deepfirearm,cca6aeacf41a93cd1002e2ebef071079e6ea69a09c5e4f02b9857b6435de8c98,,pending,,,,5
img_00006852,images/img_00006852.jpg,02_deepfirearm,deepfirearm,189945ea680097ebd3be7216c1f65c0b5a9c7c5e0f288de5c2f0e6bb2acb990f,,pending,,,,5
img_00006853,images/img_00006853.jpg,02_deepfirearm,deepfirearm,06489258b15e3a48326067e54f7f036b75d1c125fac5ba0054ca2cb1c07de13a,,pending,,,,5
img_00006854,images/img_00006854.jpg,02_deepfirearm,deepfirearm,3f92766ac92ff8de97f755a4deeb890a57824b076a3d4dcd122e265f5405e835,,pending,,,,5
img_00006855,images/img_00006855.jpg,02_deepfirearm,deepfirearm,e6f369c974d2378a26382982d674b60aa5af35bf80bb1cf0487a9008f66152ae,,pending,,,,5
img_00006856,images/img_00006856.jpg,02_deepfirearm,deepfirearm,a3230f4b726096919041c81b017b7458083342a0f825540ad7ce88d3b2be7a96,,pending,,,,5
img_00006857,images/img_00006857.jpg,02_deepfirearm,deepfirearm,66ea085a4fb24dd16516f816c788d3f674c452eb686bb00a7be86ef7dbceb599,,pending,,,,5
img_00006858,images/img_00006858.jpg,02_deepfirearm,deepfirearm,3557886733c864889f95e0b3d2ea15b4c658f61230ce3c6596226421ef3f77fd,,pending,,,,5
img_00006859,images/img_00006859.jpg,02_deepfirearm,deepfirearm,53854155b8b77180b1785092cd1af508c7383482b7c25bec2d0e25e713cb455d,,pending,,,,5
img_00006860,images/img_00006860.jpg,02_deepfirearm,deepfirearm,8954961a1bbaed228028169a7224b8162a588353cd6800f349faf1e3476cfc65,,pending,,,,5
img_00006861,images/img_00006861.jpg,02_deepfirearm,deepfirearm,f9e7a419cc84021179fb10849c848639ac1339f526da7d8ad99e2cdd69e771a6,,pending,,,,5
img_00006862,images/img_00006862.jpg,02_deepfirearm,deepfirearm,f976a28c481a73f86d5d8bc46546f19e927f662b3a2636334dd499bf6d6ac2c1,,pending,,,,5
img_00006863,images/img_00006863.jpg,02_deepfirearm,deepfirearm,ff1eeaf7f617ce2456ba15952a53ae205f0f4dcdf48e844e97bca98eec58bb07,,pending,,,,5
img_00006864,images/img_00006864.jpg,02_deepfirearm,deepfirearm,122651cc1b64be77670fef7e06ac0d981b5c26b3fe88afe182f8c83cdccf5059,,pending,,,,5
img_00006865,images/img_00006865.jpg,02_deepfirearm,deepfirearm,1234fa04caa6dfe648f504698673f2a58c874f4051af093fd87275bbc8b1f284,,pending,,,,5
img_00006866,images/img_00006866.jpg,02_deepfirearm,deepfirearm,8b0d351869012d106588db95033bb554b9587e661c31503cdfa98199c42d5d2c,,pending,,,,5
img_00006867,images/img_00006867.jpg,02_deepfirearm,deepfirearm,e0ba1a71850f504b4e507142bc8abadad47d4ba8956ed52b3dea77e688bce043,,pending,,,,5
img_00006868,images/img_00006868.jpg,02_deepfirearm,deepfirearm,494329ece024ab1ceac57c60aa693cbdc9d64c620696ae0889c71d04118bd2b6,,pending,,,,5
img_00006869,images/img_00006869.jpg,02_deepfirearm,deepfirearm,ecc96b66f283a3b64862a0b16a55463d5fbd668628943cb65744e0d75321f983,,pending,,,,5
img_00006870,images/img_00006870.jpg,02_deepfirearm,deepfirearm,eb41168490f332b95aa481b8df9373bd9950feea9ea649643738a2cdacc17f64,,pending,,,,5
img_00006871,images/img_00006871.jpg,02_deepfirearm,deepfirearm,dce8a46668059ab28c2f0997ce97a63323243d11af9700d7f4caf3a0ed61f64b,,pending,,,,5
img_00006872,images/img_00006872.jpg,02_deepfirearm,deepfirearm,864e0abd5de5cecbaf28bd8de602ac1baafda95dc74126ebb2d63e46b64bc5e6,,pending,,,,5
img_00006873,images/img_00006873.jpg,02_deepfirearm,deepfirearm,e007cbd25c56a85fa41af9740fdd0587c4462bbcf3e8719739f3a557930148ba,,pending,,,,5
img_00006874,images/img_00006874.jpg,02_deepfirearm,deepfirearm,bd292a41528a24e25dc37de98d5d70706b1114c0fb9b26049da76f99eb11dc4b,,pending,,,,5
img_00006875,images/img_00006875.jpg,02_deepfirearm,deepfirearm,605b22344b1acde18bc07fa7f45a68706a0b781e86e68e43473228e752d8028a,,pending,,,,5
img_00006876,images/img_00006876.jpg,02_deepfirearm,deepfirearm,0be740b96d58bd50d4660f380ff1b7e495149d873e76d96202c8c9b7f614f1e9,,pending,,,,5
img_00006877,images/img_00006877.jpg,02_deepfirearm,deepfirearm,0725b6b979a889bb2af90d9be79470535c207d4b75840aa38c30560d49f0992c,,pending,,,,5
img_00006878,images/img_00006878.jpg,02_deepfirearm,deepfirearm,59d9ff44b89c14bd84851c28f4b5c032127c427112f9739c7e5665740f02af7b,,pending,,,,5
img_00006879,images/img_00006879.jpg,02_deepfirearm,deepfirearm,5f9ecb397023d9ddd9fc33c98aaf5a490306df33b810557b37355e63c5169526,,pending,,,,5
img_00006880,images/img_00006880.jpg,02_deepfirearm,deepfirearm,98c0831c633a42f94b4d9b7ab2ff3830580baddd560e55dad9ef884e9c239405,,pending,,,,5
img_00006881,images/img_00006881.jpg,02_deepfirearm,deepfirearm,b47a27641c444346ffffdb4251ef2e68eac2e95940a9a4861bdfba903ab451fd,,pending,,,,5
img_00006882,images/img_00006882.jpg,02_deepfirearm,deepfirearm,2131573ba173f97086fd8bdc99ee5aeb4ce55c0e04747ece6557c2ba013f5425,,pending,,,,5
img_00006883,images/img_00006883.jpg,02_deepfirearm,deepfirearm,8cb25732d15b34eb1b2ec12be22b5a094672da36aa88586e2c4cd3aa111a5dbb,,pending,,,,5
img_00006884,images/img_00006884.jpg,02_deepfirearm,deepfirearm,ae5656af63fa7f1218a1adda9aa7c2e4940c600888a2876603517bdceb86906c,,pending,,,,5
img_00006885,images/img_00006885.jpg,02_deepfirearm,deepfirearm,fd8d20dd5ee81e1277b4b667c1a55c278a3a3f38a9df967cd6d214321da429ca,,pending,,,,5
img_00006886,images/img_00006886.jpg,02_deepfirearm,deepfirearm,0160c94a49e616444331a025decb843181dbb99a930ef6a2b42dd296b759eae9,,pending,,,,5
img_00006887,images/img_00006887.jpg,02_deepfirearm,deepfirearm,f89820b6bc289d4d92792d122763061d49d2c86a779d6790e2a50e121bfa2396,,pending,,,,5
img_00006888,images/img_00006888.jpg,02_deepfirearm,deepfirearm,b3a51ef39326e6380dfdb9ced9b5cfb90b32ef056c07a861137a1806a287e32d,,pending,,,,5
img_00006889,images/img_00006889.jpg,02_deepfirearm,deepfirearm,a96654429624a4a875100b773ed361744e69ee99573668bb384f3bf0f3bb9b84,,pending,,,,5
img_00006890,images/img_00006890.jpg,02_deepfirearm,deepfirearm,caec6e2f62aa656be289a93fcf47d2630bf4883686769543268b38e013c0473c,,pending,,,,5
img_00006891,images/img_00006891.jpg,02_deepfirearm,deepfirearm,768f1c3e79e00a8f4b0155a7e3dd5d12578fb01aa71d59d039ecf5ccc2c2fe20,,pending,,,,5
img_00006892,images/img_00006892.jpg,02_deepfirearm,deepfirearm,8c69ee96fb0c2df80ffbed0067864c9b401d433fca9208c35b37fe58576af9ac,,pending,,,,5
img_00006893,images/img_00006893.jpg,02_deepfirearm,deepfirearm,84f55a6a51dfcc2c0fd42dd863c761f1d06b021b339e02e46726723cb214cffb,,pending,,,,5
img_00006894,images/img_00006894.jpg,02_deepfirearm,deepfirearm,3311a30bc75130e6bf327dd6dfc378e3b9e1aca77dcf18df8810077b30d83e59,,pending,,,,5
img_00006895,images/img_00006895.jpg,02_deepfirearm,deepfirearm,8f01863a032c929fe8c17cd7d32c6a0897de229b53564f79587abba221abb920,,pending,,,,5
img_00006896,images/img_00006896.jpg,02_deepfirearm,deepfirearm,12d4ee7b62a8d420b49fc7feec5d610a6b5817d2d23aaf7081da8712142a051a,,pending,,,,5
img_00006897,images/img_00006897.jpg,02_deepfirearm,deepfirearm,cfa68083199f2b10f735cbaddd6970e276cba59f9844d6a659b5edf8e23faf61,,pending,,,,5
img_00006898,images/img_00006898.jpg,02_deepfirearm,deepfirearm,e952c8acf16c92d6ee80e6ab0cf0113b145a17e18cdde36b3284b45bf115e6b0,,pending,,,,5
img_00006899,images/img_00006899.jpg,02_deepfirearm,deepfirearm,58be33bd117024ba97564cb0710f977e6abc24a60b2b357584e3feec95e064c3,,pending,,,,5
img_00006900,images/img_00006900.jpg,02_deepfirearm,deepfirearm,ac0bbff8f6d7eaafa29d8f1882fd19f83b7103537bff72f7718cea6911891a69,,pending,,,,5
img_00006901,images/img_00006901.jpg,02_deepfirearm,deepfirearm,be37cb961213dd1fa1b74b1a1d6d909dd7250840ceb5ad1a9efa5a0ab0901100,,pending,,,,5
img_00006902,images/img_00006902.jpg,02_deepfirearm,deepfirearm,8d1a7dc39ee521c6a8cea5c79bf6b387fe52a51ce519b93738c2f9b79af492d9,,pending,,,,5
img_00006903,images/img_00006903.jpg,02_deepfirearm,deepfirearm,0fc619e3fbab3a4cfb311db4164c47148cbbac4a098372e891d53bec87cd07f9,,pending,,,,5
img_00006904,images/img_00006904.jpg,02_deepfirearm,deepfirearm,6a22ba1ac5140c366c69286e9326d5e45440147943672c69c016e4e5ecf6113f,,pending,,,,5
img_00006905,images/img_00006905.jpg,02_deepfirearm,deepfirearm,f70012be3e34b9d87c42e717cd25f43ee6a6d43f1bb802c7a7494363869c0fde,,pending,,,,5
img_00006906,images/img_00006906.jpg,02_deepfirearm,deepfirearm,44548bdc42a3ddcacfa5b6d4720369a0101b55927359248a2ae37fa76ecd5a96,,pending,,,,5
img_00006907,images/img_00006907.jpg,02_deepfirearm,deepfirearm,c478cfdfec045841c7b2a2e0e3e1838dd4a94a014f2a80bd68681d3cac5b3f3d,,pending,,,,5
img_00006908,images/img_00006908.jpg,02_deepfirearm,deepfirearm,c060d6f07565146d2facc575357e4a9b5f261b57a5021af28a38e2915786518a,,pending,,,,5
img_00006909,images/img_00006909.jpg,02_deepfirearm,deepfirearm,c5d1214ff5b96bf6a6840e80ecf3a45e355e4e82b6b7dc0f6b69d029e7819558,,pending,,,,5
img_00006910,images/img_00006910.jpg,02_deepfirearm,deepfirearm,107d59e4589570aae10adbb9bd9aedd18d66ed8e03152ed8bd3ff6a9f1055dff,,pending,,,,5
img_00006911,images/img_00006911.jpg,02_deepfirearm,deepfirearm,fefbd5e44ca06c428580102155a32cb16aa12a0c8e2389f60676aaa52da0852e,,pending,,,,5
img_00006912,images/img_00006912.jpg,02_deepfirearm,deepfirearm,86fb309a92dfdf0846a840f433186d12bdf435fcae4fd7bf831d1270c93eb10d,,pending,,,,5
img_00006913,images/img_00006913.jpg,02_deepfirearm,deepfirearm,f371559e1601176d13a8aad26522d021d3d2b17a8815123b91d3bf09b98e30d9,,pending,,,,5
img_00006914,images/img_00006914.jpg,02_deepfirearm,deepfirearm,91947859d7ec3b9d542c5d20e9337fa281520d266c56e06d782699d42ca96c57,,pending,,,,5
img_00006915,images/img_00006915.jpg,02_deepfirearm,deepfirearm,9c66bf3a4e28a2b59203dcfe5f8fe7f346bfcafd1d9a15833eccf479bbd1b2ae,,pending,,,,5
img_00006916,images/img_00006916.jpg,02_deepfirearm,deepfirearm,161971e119a608f3d14d644039c6858229721e671d2736e8ebcfe452cfcfb084,,pending,,,,5
img_00006917,images/img_00006917.jpg,02_deepfirearm,deepfirearm,6d946e28dc2d265d9fc78e728dbb80d92edb3f7f1697a61f7d949efabe409ed1,,pending,,,,5
img_00006918,images/img_00006918.jpg,02_deepfirearm,deepfirearm,904c1656b0e94ef2750bc45f6b75be78d9ec13d62f6f92d59ae730b1762a1b66,,pending,,,,5
img_00006919,images/img_00006919.jpg,02_deepfirearm,deepfirearm,06f74bf9310ce36675242d993963cb7620f0e5f8615d2a430038868aaba7ce74,,pending,,,,5
img_00006920,images/img_00006920.jpg,02_deepfirearm,deepfirearm,3ab1db10006d2e246bf093f36b01638e710efc17f26675631085f96d633dd3e6,,pending,,,,5
img_00006921,images/img_00006921.jpg,02_deepfirearm,deepfirearm,7057597faac6762b14a45241fb89044af58f0acdca28538e4e0a24b13d5f7ce9,,pending,,,,5
img_00006922,images/img_00006922.jpg,02_deepfirearm,deepfirearm,2e65f30b940940d451541ea05bfae7bdc4032b606be2be4de5e762b81b512ff5,,pending,,,,5
img_00006923,images/img_00006923.jpg,02_deepfirearm,deepfirearm,7e02abf31dae0f0aa08243f1078d1befda504a27d53a369703d03d6ec9885f42,,pending,,,,5
img_00006924,images/img_00006924.jpg,02_deepfirearm,deepfirearm,fe54ca81dc0ab07bf75277f2102678771619340166d464fcaebb0ea19de4b555,,pending,,,,5
img_00006925,images/img_00006925.jpg,02_deepfirearm,deepfirearm,1e9fbd4882f706d4f579a82f93f3fa11717a126b5ebe0ef35138eda87ed06329,,pending,,,,5
img_00006926,images/img_00006926.jpg,02_deepfirearm,deepfirearm,b42dfe40191851b239bae9500abbce21db6f01414248bca02ef22601bbfd3ad6,,pending,,,,5
img_00006927,images/img_00006927.jpg,02_deepfirearm,deepfirearm,cad0743e675bb6efa079d3589900b0f42ef3222fd74d13dcf5f5a42339c66c5d,,pending,,,,5
img_00006928,images/img_00006928.jpg,02_deepfirearm,deepfirearm,e8fbefe87e74325c94a4e2cacf1b17d82e8639ecff568ce7de1d287fb0867211,,pending,,,,5
img_00006929,images/img_00006929.jpg,02_deepfirearm,deepfirearm,18578a3bd80ab8f80a3864b23154959a98944962e5d7beb147546b8ede7f3770,,pending,,,,5
img_00006930,images/img_00006930.jpg,02_deepfirearm,deepfirearm,9211e2f06e6813f58a06e7b84798d6aea89de5d5123d23faa46b3d568bc1240b,,pending,,,,5
img_00006931,images/img_00006931.jpg,02_deepfirearm,deepfirearm,054f262e6e10366d7d7a263495fadd06c4f9392b204bf11bd9c948b5436ce176,,pending,,,,5
img_00006932,images/img_00006932.jpg,02_deepfirearm,deepfirearm,f89fc9bed8eea97f9b5bcd014f8ab184aa7bcf55efe987b36c03f33589e0c494,,pending,,,,5
img_00006933,images/img_00006933.jpg,02_deepfirearm,deepfirearm,4cd35371f3e94154f6dbb2969d81c5aa7b9cb09daa66c930e2c0ff9627d5d234,,pending,,,,5
img_00006934,images/img_00006934.jpg,02_deepfirearm,deepfirearm,219e7a3121689102f15a6d6f7e17a376bf17dd7db883e8467051ea0b37e7924d,,pending,,,,5
img_00006935,images/img_00006935.jpg,02_deepfirearm,deepfirearm,207b3a150b8f35cde5c3794785d30186dd2fd683b76110ddfb58d3770e7a9860,,pending,,,,5
img_00006936,images/img_00006936.jpg,02_deepfirearm,deepfirearm,544508e84a6ea1ca97dd7c10d2d1703c8b2589a6e415994aaa70f1c00c7da3a9,,pending,,,,5
img_00006937,images/img_00006937.jpg,02_deepfirearm,deepfirearm,0006deff58a08ca57fec6d3172e0555e8b2d5fabf9cf065ab2b54c2817a006e9,,pending,,,,5
img_00006938,images/img_00006938.jpg,02_deepfirearm,deepfirearm,f4d66f8887eaabd01f961b1dbe78c0bc4866421179492ded79addfc201b5de01,,pending,,,,5
img_00006939,images/img_00006939.jpg,02_deepfirearm,deepfirearm,90a913c9ef4275ce53a7252c56f3e0fc9e2360809597f2d02866f31d48b0428b,,pending,,,,5
img_00006940,images/img_00006940.jpg,02_deepfirearm,deepfirearm,1a6af388694f02ba54f78c8b7b52c65ebbedfc07d15accaa373b67c0c22321a3,,pending,,,,5
img_00006941,images/img_00006941.jpg,02_deepfirearm,deepfirearm,60e83f0cf5c43233b2498ccaa38bae9508eb283d42276ff07a945ec5d6f81e56,,pending,,,,5
img_00006942,images/img_00006942.jpg,02_deepfirearm,deepfirearm,25116aba1a2b68847182ec0e36466f1c964c43acab5386064a42189f4eb45b34,,pending,,,,5
img_00006943,images/img_00006943.jpg,02_deepfirearm,deepfirearm,e8ef4d8bfe4ab2ec0a4e397e80f6ae307c13803fbfcb2f212652b26c3d20536e,,pending,,,,5
img_00006944,images/img_00006944.jpg,02_deepfirearm,deepfirearm,fa8d9fc978c4c33a4313daf8a54979ec837c76e138f8a05af2e364c3e5e180b6,,pending,,,,5
img_00006945,images/img_00006945.jpg,02_deepfirearm,deepfirearm,d55e648ff28d32d2bd928ea1947915a0758af3460eff71505b11f39d4354a513,,pending,,,,5
img_00006946,images/img_00006946.jpg,02_deepfirearm,deepfirearm,4bf91c24c47d489e20ec214c66d2feb6ed80c1c2752c71d7d87e624e99fcab5c,,pending,,,,5
img_00006947,images/img_00006947.jpg,02_deepfirearm,deepfirearm,90c90901cbf72dd2c202452f42fcd36aa33297ecd1eff1174ca43acfe02a54b5,,pending,,,,5
img_00006948,images/img_00006948.jpg,02_deepfirearm,deepfirearm,7680cab27be8bcfa68b960eaac781ca238520ba1f9f2c568b4143bddb960b228,,pending,,,,5
img_00006949,images/img_00006949.jpg,02_deepfirearm,deepfirearm,c1e1f4a170e26d36050caa1bb96f97e1b2382ca891b696a596e2c557c3d72a28,,pending,,,,5
img_00006950,images/img_00006950.jpg,02_deepfirearm,deepfirearm,0b53e41a14950f25e4c5af5386f3afb781e948b37fb69b11dc1fba909a7651ba,,pending,,,,5
img_00006951,images/img_00006951.jpg,02_deepfirearm,deepfirearm,5f2506e91c8a12d9082b675c97d6125c55fd93b6ec930a6ae5430b29f2f640f8,,pending,,,,5
img_00006952,images/img_00006952.jpg,02_deepfirearm,deepfirearm,4195aedcce5162990c935674b8d23348ff08536ce797dc4176de44f05f304b06,,pending,,,,5
img_00006953,images/img_00006953.jpg,02_deepfirearm,deepfirearm,9f49fe3080c8e903d4d05407c17278ac524d6dd95d3456aabc6294d13aefa676,,pending,,,,5
img_00006954,images/img_00006954.jpg,02_deepfirearm,deepfirearm,b7dff8762af9b0506ca527ed70da8f9ed879a7f29291bd24dd865af1e53d189f,,pending,,,,5
img_00006955,images/img_00006955.jpg,02_deepfirearm,deepfirearm,c61d99f2b4ecf9f67cad7adca93738d7ec982b4282260d324ae2487bf9bff787,,pending,,,,5
img_00006956,images/img_00006956.jpg,02_deepfirearm,deepfirearm,82ecf805f8ce6bc5580307b9f236125686f5aabb5e9804a441341701f285a207,,pending,,,,5
img_00006957,images/img_00006957.jpg,02_deepfirearm,deepfirearm,569aa06ef85a98b7b3c2618c9f15d060f0732401a38a55e8c2ade5be598bff18,,pending,,,,5
img_00006958,images/img_00006958.jpg,02_deepfirearm,deepfirearm,c5042bda80a2d68c1d4daefb007a98b964db15fa59aa606ffb9529f5e5f0e4c1,,pending,,,,5
img_00006959,images/img_00006959.jpg,02_deepfirearm,deepfirearm,e9b4d932c15bf487faca02139feb537bcafa509956bbf3d52b46c207829d45d4,,pending,,,,5
img_00006960,images/img_00006960.jpg,02_deepfirearm,deepfirearm,6e8892c8fc2b20009ee4114e8a456603c960a2cc3bf2c3caebdaee4a8a1d1166,,pending,,,,5
img_00006961,images/img_00006961.jpg,02_deepfirearm,deepfirearm,fca1e508a92af19f7d13639ba5d23eb88135a81e119732b5aa0a4cf170ccff86,,pending,,,,5
img_00006962,images/img_00006962.jpg,02_deepfirearm,deepfirearm,f34ed9553b384b98c9bd0c78aa86d4301e9d24da3b202c41805054d1c4daf751,,pending,,,,5
img_00006963,images/img_00006963.jpg,02_deepfirearm,deepfirearm,345d08c34df2f9d3a1b6d4c949854822c34e1a358768140694f40d240337f537,,pending,,,,5
img_00006964,images/img_00006964.jpg,02_deepfirearm,deepfirearm,1028835544f95510c65684447a912bc474fb5539c3c99cdf712d1f27eabf6962,,pending,,,,5
img_00006965,images/img_00006965.jpg,02_deepfirearm,deepfirearm,172c23596f27e90d7b24378f8fbeeace76ae9a998052e5c63a6f2c9f5df0ba34,,pending,,,,5
img_00006966,images/img_00006966.jpg,02_deepfirearm,deepfirearm,a513af11926825c723837d8450f290f15fa5ba515d38201ff47d9211ab457850,,pending,,,,5
img_00006967,images/img_00006967.jpg,02_deepfirearm,deepfirearm,0bffc1c4da7570ac7d7f0b59bc3a00374b88464de1d268ba76733b18a88b3520,,pending,,,,5
img_00006968,images/img_00006968.jpg,02_deepfirearm,deepfirearm,3af3ffba508963b459cd82b88257355cfde26d4246eb4f21fe664d2df17ec0cd,,pending,,,,5
img_00006969,images/img_00006969.jpg,02_deepfirearm,deepfirearm,f0b6bd3e0077bfd6bbfcadb697f302a721d9cb624a24f52f658f201d234b632c,,pending,,,,5
img_00006970,images/img_00006970.jpg,02_deepfirearm,deepfirearm,a113e427a911ee5649c7c4e6865999cb20fd056cc45a7f08b5497e8fdffad428,,pending,,,,5
img_00006971,images/img_00006971.jpg,02_deepfirearm,deepfirearm,e19377a2083a8a13e4cc66aa9ac0cfb8f1e097b49f4dfc67c2f045577464bd93,,pending,,,,5
img_00006972,images/img_00006972.jpg,02_deepfirearm,deepfirearm,7d19118b369161c61b6b4e7107476e31dc6a9fa3881ca0bd5012a43ff73fbd55,,pending,,,,5
img_00006973,images/img_00006973.jpg,02_deepfirearm,deepfirearm,67175c4ad92b44d30e11a64497d00d59c8276ad348e5bb5cb5ff8c446c5fcead,,pending,,,,5
img_00006974,images/img_00006974.jpg,02_deepfirearm,deepfirearm,c19bba20b77546bcbbfea10b169ac052d44eb690c99a441982b0b9b871b70205,,pending,,,,5
img_00006975,images/img_00006975.jpg,02_deepfirearm,deepfirearm,e89bfa0340882284ee1550119502df12eec1519d4196212fb9aa9e828e6dd2fc,,pending,,,,5
img_00006976,images/img_00006976.jpg,02_deepfirearm,deepfirearm,82e3bebbeb13343c6430aa3efd6e7c1cc649879b4f949be1c1d72c76fda2da71,,pending,,,,5
img_00006977,images/img_00006977.jpg,02_deepfirearm,deepfirearm,14af43dcc0da89f46c064cff5088834a53f66aec3b84dff4d5d69a7b7293b8fc,,pending,,,,5
img_00006978,images/img_00006978.jpg,02_deepfirearm,deepfirearm,b5189c32569689aab9a034dc0dc22da01133733c3e5cd97b72631e07db23bd5b,,pending,,,,5
img_00006979,images/img_00006979.jpg,02_deepfirearm,deepfirearm,d9cbec4389fe347288315eb56cfab39d6cce7a6ccf21c7343ba65308ea0f9973,,pending,,,,5
img_00006980,images/img_00006980.jpg,02_deepfirearm,deepfirearm,4fba39ac98aec05d42b39833538a1f344b7e42baee7191b51c4bf97e93aeda85,,pending,,,,5
img_00006981,images/img_00006981.jpg,02_deepfirearm,deepfirearm,c48f559a091ddfbcf606b8890976fd5167d6cb584e63d29305abba7f61bf9218,,pending,,,,5
img_00006982,images/img_00006982.jpg,02_deepfirearm,deepfirearm,5a955877cdb010e19a91ef2db24cb00ff758302cf8309fa14b9ae23c8498cfe7,,pending,,,,5
img_00006983,images/img_00006983.jpg,02_deepfirearm,deepfirearm,b059772118b89620efde80f4b3825f34275d4690606eabb2674c1724ee893c5c,,pending,,,,5
img_00006984,images/img_00006984.jpg,02_deepfirearm,deepfirearm,a8ba8467d225160cc650ad1683be01971d69fd1a7a1642c35ee1340e8b34f263,,pending,,,,5
img_00006985,images/img_00006985.jpg,02_deepfirearm,deepfirearm,50394db157b69201434d14f214e5d3b52019d80f30af6389b2cadc1124c0ae99,,pending,,,,5
img_00006986,images/img_00006986.jpg,02_deepfirearm,deepfirearm,d773d3fde7e06e322f76a4e14715d9346cb2696b0773f187e20e41aafae89b65,,pending,,,,5
img_00006987,images/img_00006987.jpg,02_deepfirearm,deepfirearm,59a6f9aa770a8a1333b944cb8427f5721bd3258a4b3511c002ded564f6e2dee7,,pending,,,,5
img_00006988,images/img_00006988.jpg,02_deepfirearm,deepfirearm,3152c837de2a7053c78bc3df8aa0fba70a0d4fb97d11b8a49234aa9e7c1a92bd,,pending,,,,5
img_00006989,images/img_00006989.jpg,02_deepfirearm,deepfirearm,37e214b571df4534f9f90a9066d3283930986cba9c2d04e69c4ac3721f833931,,pending,,,,5
img_00006990,images/img_00006990.jpg,02_deepfirearm,deepfirearm,e77e9d088110d899897a44c9690547f0d1823cdd452796d0b96efe478fae6cdd,,pending,,,,5
img_00006991,images/img_00006991.jpg,02_deepfirearm,deepfirearm,31ff9ea8db716958e128eb01106aca995c2b66063f821a3b1fc48f3e01523e48,,pending,,,,5
img_00006992,images/img_00006992.jpg,02_deepfirearm,deepfirearm,6f43e57d02fd7d2c7e7cb92a2165d07ca0bbabe940b7b85fa8b2a4f402ac2d7f,,pending,,,,5
img_00006993,images/img_00006993.jpg,02_deepfirearm,deepfirearm,ab3d254c34c941de3d35438e2262a3a2e8dde9bc36563d70b1c5ee7b58a3e1ae,,pending,,,,5
img_00006994,images/img_00006994.jpg,02_deepfirearm,deepfirearm,e7ee1ca0fa6c364b420513fab915965cea4cc9289bf831fe4fbbec11f0b9f615,,pending,,,,5
img_00006995,images/img_00006995.jpg,02_deepfirearm,deepfirearm,20aeccfe4299c6685ff915060fa71f0c8161640aef1ea8e03d4c7912fa505f49,,pending,,,,5
img_00006996,images/img_00006996.jpg,02_deepfirearm,deepfirearm,7767de60dcf6e05068670fe563936426855535f0aaa9fcaecc99f8ed1bdd7683,,pending,,,,5
img_00006997,images/img_00006997.jpg,02_deepfirearm,deepfirearm,2fd19e4c010cc3a70ec18d31584faea807575037b673a494a9bba9d35caefc20,,pending,,,,5
img_00006998,images/img_00006998.jpg,02_deepfirearm,deepfirearm,7fd78c832828f652e7ac6be1baf79acb64005b15cb685d34d4bfba79b813e9b7,,pending,,,,5
img_00006999,images/img_00006999.jpg,02_deepfirearm,deepfirearm,f8ce87998144e7e939eb378ee019d1a1713ed385d445cbf34e4fec114e42e069,,pending,,,,5
img_00007000,images/img_00007000.jpg,02_deepfirearm,deepfirearm,b16bb414e22718d0ac77b49f7aabd7ab74ebbf703a9be0545ce9cca4a6bb933a,,pending,,,,5
img_00007001,images/img_00007001.jpg,02_deepfirearm,deepfirearm,2eb699e46b61f0bc2d4829a83e062085673369ac740d55360889e122efb99441,,pending,,,,5
img_00007002,images/img_00007002.jpg,02_deepfirearm,deepfirearm,cc6530934ee181433b2500fd57b6ee8b5bca06f3936b2a7cc562e2f68f20afc2,,pending,,,,5
img_00007003,images/img_00007003.jpg,02_deepfirearm,deepfirearm,444d4e72d1604301b3d35ae138d70e407400644b57749ce015e996a88771d04d,,pending,,,,5
img_00007004,images/img_00007004.jpg,02_deepfirearm,deepfirearm,dda13f2880ec090a2573e34a1405997f6b18183423c515af4cf6d60622e0f489,,pending,,,,5
img_00007005,images/img_00007005.jpg,02_deepfirearm,deepfirearm,8684adab63765ff78652801b943fdef0d8c5f232c618a44f4ef0e4e5b38ff2f8,,pending,,,,5
img_00007006,images/img_00007006.jpg,02_deepfirearm,deepfirearm,405b9254400f48d8496d5a223545670a45547ca025d46add1525872db263f2eb,,pending,,,,5
img_00007007,images/img_00007007.jpg,02_deepfirearm,deepfirearm,9fae16e1c1eb5a598612db5f1decc97c5a25a7e8b2eef50a4f94c03a03c1770f,,pending,,,,5
img_00007008,images/img_00007008.jpg,02_deepfirearm,deepfirearm,e686ffe54caabfe5acc2b36d26ad7edd38caa4dddb3c04a021169df80dd7e6df,,pending,,,,5
img_00007009,images/img_00007009.jpg,02_deepfirearm,deepfirearm,bc77bba55ae4a1d6591029415999ac2a38c8e60c5814b2a18fbb1715dfe2b786,,pending,,,,5
img_00007010,images/img_00007010.jpg,02_deepfirearm,deepfirearm,781e07ce6121a72b38aa44208fe7c04c1b83913b9e5b5fac543442af958fc9bf,,pending,,,,5
img_00007011,images/img_00007011.jpg,02_deepfirearm,deepfirearm,d317bcbb474a5f05f021b7bce0b4b6943fdcc695bd36a8e72b751d875682b64d,,pending,,,,5
img_00007012,images/img_00007012.jpg,02_deepfirearm,deepfirearm,3035d1bcd487ed361c10733e367a89912f3977d56acfdd1cdcfaaf2e3bc16a42,,pending,,,,5
img_00007013,images/img_00007013.jpg,02_deepfirearm,deepfirearm,f79d245b29a205e13a86bbc5332ab727f42d3a6ab2c7b2cdd7092d843579023c,,pending,,,,5
img_00007014,images/img_00007014.jpg,02_deepfirearm,deepfirearm,f6563c76d036ccc24f5d185429effa473f7e3b6dd3d5cc3ef79db905fc902abf,,pending,,,,5
img_00007015,images/img_00007015.jpg,02_deepfirearm,deepfirearm,1ab643c4e53a5108261910f19ec3c0145c5f97bbc5d2a543542a38df433a86de,,pending,,,,5
img_00007016,images/img_00007016.jpg,02_deepfirearm,deepfirearm,54f8a5af1e84f0f7aee11028e9f212e54067dd186efa3de2f2c42877d17b413f,,pending,,,,5
img_00007017,images/img_00007017.jpg,02_deepfirearm,deepfirearm,356984999ba0d229b1b46af2ddcf1e91ce8df1005168f39979bc407e12707254,,pending,,,,5
img_00007018,images/img_00007018.jpg,02_deepfirearm,deepfirearm,75d78d292db72364a9d4d8913d2fb468b398e584b6edc2f40d2afed28fe38424,,pending,,,,5
img_00007019,images/img_00007019.jpg,02_deepfirearm,deepfirearm,bdcbea2553c7177cc012b0a2f8639d4db8a7839b7fc685a148c17eb912802449,,pending,,,,5
img_00007020,images/img_00007020.jpg,02_deepfirearm,deepfirearm,7ff37e24f062274d3272cad69742fa148c14fea5ecd6e54d2d64b28a9fa31d12,,pending,,,,5
img_00007021,images/img_00007021.jpg,02_deepfirearm,deepfirearm,b2616b93fa392901737fa6131c6d3e5298794fe2e2650ddcf702ae712b9edb1f,,pending,,,,5
img_00007022,images/img_00007022.jpg,02_deepfirearm,deepfirearm,58cd6e3ff5ccd5039e0ccd515d86b33f9646bf503866da6393bd52a8e24615ee,,pending,,,,5
img_00007023,images/img_00007023.jpg,02_deepfirearm,deepfirearm,00f29ae21fafe7208e4f2a8571b40822db4e5864de01d289392c972beebe6999,,pending,,,,5
img_00007024,images/img_00007024.jpg,02_deepfirearm,deepfirearm,9c64e25c47f757e1aff24a8dd5724a4ee27cb0e946903fb6f08fbbecf4ce77c5,,pending,,,,5
img_00007025,images/img_00007025.jpg,02_deepfirearm,deepfirearm,5ffb662ed69c42c7d773dea4826c17d3f369b47e2ce22d3e896d816e69a0e439,,pending,,,,5
img_00007026,images/img_00007026.jpg,02_deepfirearm,deepfirearm,b29c855a5004fb117895f0c83fe0b3689c1ab26840e0f41be6e27217deb0c71e,,pending,,,,5
img_00007027,images/img_00007027.jpg,02_deepfirearm,deepfirearm,d055b86120c56c7c666e3b5b0c1dac0d60abe478e71fa9750c6f918323efdfa8,,pending,,,,5
img_00007028,images/img_00007028.jpg,02_deepfirearm,deepfirearm,49d80a5f13dfb99c5aaac60ceb22d175eed20b1a9134d5bf8b114fcad1692e72,,pending,,,,5
img_00007029,images/img_00007029.jpg,02_deepfirearm,deepfirearm,bcf7e7d26e5fddcaace2974ba197290b1273858d4d461d5965977328eb5c5c22,,pending,,,,5
img_00007030,images/img_00007030.jpg,02_deepfirearm,deepfirearm,a53c90494bd4bde06fc2249c9ac821b62707879c3a8b8fe0b88b47fd5575287a,,pending,,,,5
img_00007031,images/img_00007031.jpg,02_deepfirearm,deepfirearm,4c52468a4a102d549f04fb19943e4e4029d46d496617212d354933e8530b4524,,pending,,,,5
img_00007032,images/img_00007032.jpg,02_deepfirearm,deepfirearm,b833eacc9e7eb36909762e08bb5029930e190a4b46f86f2db08eef31a7133ddd,,pending,,,,5
img_00007033,images/img_00007033.jpg,02_deepfirearm,deepfirearm,cd9317df01e96893f60e7bebede75baa8fd2e3a9cd38608f1d40a721cffa0775,,pending,,,,5
img_00007034,images/img_00007034.jpg,02_deepfirearm,deepfirearm,7d3ab6c9be9d4995dcb40ad66af39a77af5d43b99336944e73574e9acd1af4a4,,pending,,,,5
img_00007035,images/img_00007035.jpg,02_deepfirearm,deepfirearm,a935840296d3ebe7a22e005b9ae26515632a98dc0b9a12af97b8abdb2096cf9e,,pending,,,,5
img_00007036,images/img_00007036.jpg,02_deepfirearm,deepfirearm,80de11840031b24bc9a2fe7e7eddc340c5f0bfd1859b6ab50c8c9d5c8bf03c30,,pending,,,,5
img_00007037,images/img_00007037.jpg,02_deepfirearm,deepfirearm,88d0720c5db59173f9639ce171d58714fbd960ccd6222baf989b1110b60f4a7a,,pending,,,,5
img_00007038,images/img_00007038.jpg,02_deepfirearm,deepfirearm,5c39e5466ba84ba9a08f0740727f1804d6f8c7edaf17739a6d07f9e7bd1999f7,,pending,,,,5
img_00007039,images/img_00007039.jpg,02_deepfirearm,deepfirearm,1a1ef844c3b8cffe9429f6047485e6db4d93983dc01b62876ee721ce5408a3dc,,pending,,,,5
img_00007040,images/img_00007040.jpg,02_deepfirearm,deepfirearm,2527e147b6fe22bed3728cb7dad1de3e314d564f7bb6c0f6b28558edc8560798,,pending,,,,5
img_00007041,images/img_00007041.jpg,02_deepfirearm,deepfirearm,4274c7e5f57bbd3baa0723f9a2772c395d855fcda7fd44f7d8906727c80505a8,,pending,,,,5
img_00007042,images/img_00007042.jpg,02_deepfirearm,deepfirearm,b330103a542018d3641985dce3fa8f717f967ea4370f2577d525becfa5380267,,pending,,,,5
img_00007043,images/img_00007043.jpg,02_deepfirearm,deepfirearm,9a86c3afce5555b369e351167b723e7d6bb5d1bc89ee7cbf4da21571340c5e40,,pending,,,,5
img_00007044,images/img_00007044.jpg,02_deepfirearm,deepfirearm,ad0c091484dc3d62a7a5bf53530ac974b3626f88643ac738caa420db24d90e9e,,pending,,,,5
img_00007045,images/img_00007045.jpg,02_deepfirearm,deepfirearm,9f8a2963e25116add91aa48948bfdc7a4fd6d03b7ea073d61a7a7ed4eb3ee1a0,,pending,,,,5
img_00007046,images/img_00007046.jpg,02_deepfirearm,deepfirearm,889caf0b9d941c23c487fa4e538fd4a41bd15bcb13f30a86ff3aa182d2bdd6a5,,pending,,,,5
img_00007047,images/img_00007047.jpg,02_deepfirearm,deepfirearm,4d0cc884961d92adf373b8206cb498a2c6cbc7c67ad7c6c5b8fc2c069a66c227,,pending,,,,5
img_00007048,images/img_00007048.jpg,02_deepfirearm,deepfirearm,795f837e65686a83ec7bae9e5616e3d6a8a1a9e9b121edfcd269df90fc82ba06,,pending,,,,5
img_00007049,images/img_00007049.jpg,02_deepfirearm,deepfirearm,f9cedb83672e8cb1a0e111c5414f14066c1e96f3dfc5a3b98fe55893ff0948d9,,pending,,,,5
img_00007050,images/img_00007050.jpg,02_deepfirearm,deepfirearm,73051e208f817eda5c01a091cc1a281dd57e2cd4570df97f4dd6a0dd45dce465,,pending,,,,5
img_00007051,images/img_00007051.jpg,02_deepfirearm,deepfirearm,5ae35a533f05d3f368405be4ffb3fb292c6cf78f4b12c8569c6b2f7448de89c6,,pending,,,,5
img_00007052,images/img_00007052.jpg,02_deepfirearm,deepfirearm,721517ed213143f040bbf63b9d9eb8caaa3c14e94d78d938a49f82755ff44314,,pending,,,,5
img_00007053,images/img_00007053.jpg,02_deepfirearm,deepfirearm,50b161be9df02fe920bb5ddc708fcfe9ba8f0391094aa38aa4ac6c83891e10c1,,pending,,,,5
img_00007054,images/img_00007054.jpg,02_deepfirearm,deepfirearm,7942f9ededf48d0a77807466149e9cd00f1dbe7252cfdf776cdc1022b9a99dce,,pending,,,,5
img_00007055,images/img_00007055.jpg,02_deepfirearm,deepfirearm,43d4de93b5bd3085091a0694be2d44aa6ca50a257beebde7154eaf6f01496029,,pending,,,,5
img_00007056,images/img_00007056.jpg,02_deepfirearm,deepfirearm,a12984632041f0a6489aad8446928dae9142b060f8f01152f40fdb10c334c06b,,pending,,,,5
img_00007057,images/img_00007057.jpg,02_deepfirearm,deepfirearm,616e1068804ddf8df33e8dd338b1383ca39343e554613fa7d714bae59bc38c44,,pending,,,,5
img_00007058,images/img_00007058.jpg,02_deepfirearm,deepfirearm,789801e656fd08126f561357fb5ffd5fb679cf58831dda521dc1380862194ddf,,pending,,,,5
img_00007059,images/img_00007059.jpg,02_deepfirearm,deepfirearm,0acb51a462dfc99df06796575fff53a4eefc18b3edf6a981355a05ebf1dc3660,,pending,,,,5
img_00007060,images/img_00007060.jpg,02_deepfirearm,deepfirearm,af3deae5eed42135e30d6e0f65c1a6f21ceff399e94f4a0607dec3d227025300,,pending,,,,5
img_00007061,images/img_00007061.jpg,02_deepfirearm,deepfirearm,03adca3174a97f22e9ef311e1b7abd6583f0f7cd16ccae0c5053b30c1128841a,,pending,,,,5
img_00007062,images/img_00007062.jpg,02_deepfirearm,deepfirearm,5d6927735b37ad1b696cf80ae90613118252a5c2f6a639d2de4aa653a76397ac,,pending,,,,5
img_00007063,images/img_00007063.jpg,02_deepfirearm,deepfirearm,501fc99548a887694b15ebaa18ca37ea175bc08db47e1e70e4f554d98af27cfd,,pending,,,,5
img_00007064,images/img_00007064.jpg,02_deepfirearm,deepfirearm,22be2b82b0784e944b428321ae605bb344a37e5462233010b6104834207ac677,,pending,,,,5
img_00007065,images/img_00007065.jpg,02_deepfirearm,deepfirearm,389b7417e4b6ee403dde514c152ce1f3481eaf7458471a68a3ac33073e708cf9,,pending,,,,5
img_00007066,images/img_00007066.jpg,02_deepfirearm,deepfirearm,8c4166199dae79681eb634eab97b2c0526736dd0879115625ea55cd97417b4ee,,pending,,,,5
img_00007067,images/img_00007067.jpg,02_deepfirearm,deepfirearm,dd1c690a5174753efd236d927b6649243d4ea95d52c809668f39c49d248604d9,,pending,,,,5
img_00007068,images/img_00007068.jpg,02_deepfirearm,deepfirearm,79861ecac262aa7e28e85ab5fe8893f7238f6829e8fced72eab76faf05a92e3b,,pending,,,,5
img_00007069,images/img_00007069.jpg,02_deepfirearm,deepfirearm,f8c2b20af569ad98a8f66a470d0329d4c63377753423e67e9f0f1bf6510c048d,,pending,,,,5
img_00007070,images/img_00007070.jpg,02_deepfirearm,deepfirearm,7cad15178883ef91ed2e7fd8e12dde82a8b989c7d25734ec036f01817d1ca82f,,pending,,,,5
img_00007071,images/img_00007071.jpg,02_deepfirearm,deepfirearm,eadb5a5d38df0fea86c192bb5a233e30008872e843680b639e761c2661f56e6e,,pending,,,,5
img_00007072,images/img_00007072.jpg,02_deepfirearm,deepfirearm,ca990b9b5fe777a316e6e4286d761c10010bcbc5ee32568eaa95504575676f66,,pending,,,,5
img_00007073,images/img_00007073.jpg,02_deepfirearm,deepfirearm,26e7ac17fb84ff02d4c8f36b040a27c430e9445b424a00e83f9d4574303bae67,,pending,,,,5
img_00007074,images/img_00007074.jpg,02_deepfirearm,deepfirearm,0b072f9309a4457688313b54ed0faa7c8bbf5074b62335684174d8a665cd2169,,pending,,,,5
img_00007075,images/img_00007075.jpg,02_deepfirearm,deepfirearm,5fbf6300d57aa58cfa7ef9faa11ebe695776d747122439111a8565ea631eae1e,,pending,,,,5
img_00007076,images/img_00007076.jpg,02_deepfirearm,deepfirearm,4798d5b1d5bd4e34627d76665d8ffb86b8d1120c09752802915f09074963cf24,,pending,,,,5
img_00007077,images/img_00007077.jpg,02_deepfirearm,deepfirearm,c0753fb474c714357209eff8c8b928b61c9d86c7043cff5a442c145baa08a15a,,pending,,,,5
img_00007078,images/img_00007078.jpg,02_deepfirearm,deepfirearm,16e334fe79cf0c42457e5fac07c009bd4c652a51d2d24772d84ace03c81bc80d,,pending,,,,5
img_00007079,images/img_00007079.jpg,02_deepfirearm,deepfirearm,6c138de534752f144164ff01ffbd01fb8b5baa12285a9926cbd10dc5aed78544,,pending,,,,5
img_00007080,images/img_00007080.jpg,02_deepfirearm,deepfirearm,77d3541260106185585a4575a0d08d4a1adbca30658e420ef2ceb746fb500a8d,,pending,,,,5
img_00007081,images/img_00007081.jpg,02_deepfirearm,deepfirearm,05bcf70c8743d717afb7fe6339aa7448c3ac043e6e1b372e991d68ad39cdce46,,pending,,,,5
img_00007082,images/img_00007082.jpg,02_deepfirearm,deepfirearm,6cc7090556377956a1f4f4fb4448ad7b5bf09f80bc955981123c3e2c221c4a27,,pending,,,,5
img_00007083,images/img_00007083.jpg,02_deepfirearm,deepfirearm,27528b309ebcb948eee5fdc3720c795ecfdc2fc70a99be7a78bbf26f53f5c484,,pending,,,,5
img_00007084,images/img_00007084.jpg,02_deepfirearm,deepfirearm,984e693b1c4f5eb1be66e88874f5c039db3d5bd592ddc30f96459e7062a09fcb,,pending,,,,5
img_00007085,images/img_00007085.jpg,02_deepfirearm,deepfirearm,d650800957b08a557f719f3fe62fa202f31d0155d645d8844b56eb40ee590ac9,,pending,,,,5
img_00007086,images/img_00007086.jpg,02_deepfirearm,deepfirearm,b824947a09681b4814c6a897a94c8fc160caa76ea5e5d9a83617737a5b80168f,,pending,,,,5
img_00007087,images/img_00007087.jpg,02_deepfirearm,deepfirearm,5c0c85f63a8961719aee8be3aec7854960596c5eec288c3fc18d9c3a213e7357,,pending,,,,5
img_00007088,images/img_00007088.jpg,02_deepfirearm,deepfirearm,ebc8ddca7dc27ad04e47176ee7cf0b1ea1ab62706ca7887f4f91602e7f0aef89,,pending,,,,5
img_00007089,images/img_00007089.jpg,02_deepfirearm,deepfirearm,808f5dfd686c6f38c1a02bb73017d6dc456fa66c4a5329f40385c93d6584ef3a,,pending,,,,5
img_00007090,images/img_00007090.jpg,02_deepfirearm,deepfirearm,cba0290b55f05ff03878e3cd3ef6e41135a5320d764494b60402b8a3379f4b08,,pending,,,,5
img_00007091,images/img_00007091.jpg,02_deepfirearm,deepfirearm,829c9208c5255f81845359bcb67917a4db8613345d77af34c0b4dd53db16cc3d,,pending,,,,5
img_00007092,images/img_00007092.jpg,02_deepfirearm,deepfirearm,5789ddd566a9fb456061751058d0e78081fc0a83981e9b61f22016ed8ed507e1,,pending,,,,5
img_00007093,images/img_00007093.jpg,02_deepfirearm,deepfirearm,c6e37654f96437025eb26f43a22d922c725634686305915e5ee076b340e5ce67,,pending,,,,5
img_00007094,images/img_00007094.jpg,02_deepfirearm,deepfirearm,9a77afc72fda957a4b566e94e662affc46fd42341b53a390390440b7f94a32e3,,pending,,,,5
img_00007095,images/img_00007095.jpg,02_deepfirearm,deepfirearm,2244d006be16db76984dcfae1e145102ea0b71815a84a2762574642ebc55a3a7,,pending,,,,5
img_00007096,images/img_00007096.jpg,02_deepfirearm,deepfirearm,2049f30c5ba160d2aaf4af14ad2a089ca3ea827c6d2910ab0f43fbef983f8b4b,,pending,,,,5
img_00007097,images/img_00007097.jpg,02_deepfirearm,deepfirearm,cfc89de4320418741e7b731ca9230ae1464eee23317b51a00b52e937f526db28,,pending,,,,5
img_00007098,images/img_00007098.jpg,02_deepfirearm,deepfirearm,cbd93499ec0731eaa9fef8deacbb3749c404953bf3ceff190fab6b9bd82b788f,,pending,,,,5
img_00007099,images/img_00007099.jpg,02_deepfirearm,deepfirearm,29cb942fa84efb83d269c42aadd3c2c325f8340204469e57024cbd8556f8ce7e,,pending,,,,5
img_00007100,images/img_00007100.jpg,02_deepfirearm,deepfirearm,891fbb6559d8f8a70cdaa3f050261a1e4b8d1145a77a895bf1b41bfc34e70c05,,pending,,,,5
img_00007101,images/img_00007101.jpg,02_deepfirearm,deepfirearm,f928244cad4a1e87dbde887dc15fff7aff62ea5b0b4f9b4985f03fd6ad96096c,,pending,,,,5
img_00007102,images/img_00007102.jpg,02_deepfirearm,deepfirearm,dff6a4798d8a4c4fc1070a84509ed8a1ab5255b4054ca01fe0a9779fac63e20e,,pending,,,,5
img_00007103,images/img_00007103.jpg,02_deepfirearm,deepfirearm,7ae620e269445fb1e19ef534084401a78541f0e692c1fb5710491aac9a6747f5,,pending,,,,5
img_00007104,images/img_00007104.jpg,02_deepfirearm,deepfirearm,8b299fcc82d28b288a8f36c1cc6f784800a85c210f4956d86b52f6a023f6a614,,pending,,,,5
img_00007105,images/img_00007105.jpg,02_deepfirearm,deepfirearm,286867fb2159a949442e71d544de0e804dffad86783b6448fb745ff1902af94e,,pending,,,,5
img_00007106,images/img_00007106.jpg,02_deepfirearm,deepfirearm,9ab1f8f405bc4890216cd1f29dda801f3405e8bd0a9e00af5cd31254cf9f607f,,pending,,,,5
img_00007107,images/img_00007107.jpg,02_deepfirearm,deepfirearm,77bf1fd9635471a5277a87bb0b259bc26ed92bb5addc29804ff52fdf6bb7fd6a,,pending,,,,5
img_00007108,images/img_00007108.jpg,02_deepfirearm,deepfirearm,b93a05f9a0fbe1a502a201534472be41d0550cded7d8cfa5ba5e9e5629f60b98,,pending,,,,5
img_00007109,images/img_00007109.jpg,02_deepfirearm,deepfirearm,668e8f28c128a193b6d83ef9274bc818e5e42026910878d7ed780888ce128ef6,,pending,,,,5
img_00007110,images/img_00007110.jpg,02_deepfirearm,deepfirearm,32b4632a21c4bd18c4c90162d2c5137799d2ffb4b6353d7e0a8b9a73cf589b41,,pending,,,,5
img_00007111,images/img_00007111.jpg,02_deepfirearm,deepfirearm,191891d6be99c6c79a1ac3612ac5131deb5dbb463afc97ca1a53eb251b39eba4,,pending,,,,5
img_00007112,images/img_00007112.jpg,02_deepfirearm,deepfirearm,f3c1b190af02f9c4dc0d89e2aef5c6cffb2277f2db1a7e55eec711e454f5df63,,pending,,,,5
img_00007113,images/img_00007113.jpg,02_deepfirearm,deepfirearm,081a40c8a254eb7cff63e749d4ca9cce7f19c66e4ee4e33dfdeb7e49d55912ea,,pending,,,,5
img_00007114,images/img_00007114.jpg,02_deepfirearm,deepfirearm,c3c95865e014a5e6db44e94f0247cbf813e6e54e8edf32eaf6ff49db9cbfc0a7,,pending,,,,5
img_00007115,images/img_00007115.jpg,02_deepfirearm,deepfirearm,94ce123a57b5e6603384e770b5ead47eb322319433e773af2e089b1ee003ec4c,,pending,,,,5
img_00007116,images/img_00007116.jpg,02_deepfirearm,deepfirearm,ec7b5dcc067e7990a6e91544b1174147e13e58e398a1f93e6b66c952b707823b,,pending,,,,5
img_00007117,images/img_00007117.jpg,02_deepfirearm,deepfirearm,2ea3f0ac4d585c9a108a4a74c6868293b5b00d62b1382457dba59f82379eb342,,pending,,,,5
img_00007118,images/img_00007118.jpg,02_deepfirearm,deepfirearm,e62b82573b424c67e6c10bd3c94f368facce6c0cf6622c9c605bf03cf698bcff,,pending,,,,5
img_00007119,images/img_00007119.jpg,02_deepfirearm,deepfirearm,aecea44e9bde4f3f924c62024ed702bdddfca53e905783928c7d1000141a27c9,,pending,,,,5
img_00007120,images/img_00007120.jpg,02_deepfirearm,deepfirearm,e635d5d186c9e5d6b306f18f559181e32a2d4855118d16bb945f2a32e58fb1bb,,pending,,,,5
img_00007121,images/img_00007121.jpg,02_deepfirearm,deepfirearm,4485da1c998fea58b56dd8dba3e1bfc535995b957141611f5abb66f77d2ffc0e,,pending,,,,5
img_00007122,images/img_00007122.jpg,02_deepfirearm,deepfirearm,94f8146fa6db03450437cba68410018ccb5a33b9d0e6d352e5f4fba03a6360d4,,pending,,,,5
img_00007123,images/img_00007123.jpg,02_deepfirearm,deepfirearm,d78f154f87a408a6bfdf8c1262ff4e540578846df3e0493bae0f164fd83702ae,,pending,,,,5
img_00007124,images/img_00007124.jpg,02_deepfirearm,deepfirearm,0fcf4257b1cf2c8d4511a7e2bc70e5d8af441a920a100b6963ea20a20ab32c73,,pending,,,,5
img_00007125,images/img_00007125.jpg,02_deepfirearm,deepfirearm,e79f1d526d9884c41ee24e024cc5a444396f7c42fc5b05ebccecfb43835ddd6c,,pending,,,,5
img_00007126,images/img_00007126.jpg,02_deepfirearm,deepfirearm,82e5db7760c08f334e41e8e91f364d0380bcab0f5c297d40ca2de90f6a302367,,pending,,,,5
img_00007127,images/img_00007127.jpg,02_deepfirearm,deepfirearm,d46df78ba72e648c34061a61f78a3e37479ab1002525a4be106ffad44a499eea,,pending,,,,5
img_00007128,images/img_00007128.jpg,02_deepfirearm,deepfirearm,04f075585cb0bcf224e0c798e458a3efaf41657557c8349b6b2ee2de7de6215f,,pending,,,,5
img_00007129,images/img_00007129.jpg,02_deepfirearm,deepfirearm,cae4800aa7cf2e433595df73f2c91fb78169fba62dc635f51fef207be72e1796,,pending,,,,5
img_00007130,images/img_00007130.jpg,02_deepfirearm,deepfirearm,3bcab9f682686ba900d4fb5b65ebb13df0ae45b9504eb158931d7004f194dd0a,,pending,,,,5
img_00007131,images/img_00007131.jpg,02_deepfirearm,deepfirearm,78112752093db3de52ec7d04ecaf65551c584c247c5bbda3b1a9d506611416ef,,pending,,,,5
img_00007132,images/img_00007132.jpg,02_deepfirearm,deepfirearm,b75e24132d481c920759567c9d111cadac9729a5d7d9c08e108b8f72b95b6197,,pending,,,,5
img_00007133,images/img_00007133.jpg,02_deepfirearm,deepfirearm,bd3dbaf1ef6b3a177c1fc76a4d29cea0e9e3df113c9d77c7aa1898797d10b474,,pending,,,,5
img_00007134,images/img_00007134.jpg,02_deepfirearm,deepfirearm,74ae0b4111cdc89c60ecb9abc5c05bcdb3d219a6c450d8777f3f01e011bb535a,,pending,,,,5
img_00007135,images/img_00007135.jpg,02_deepfirearm,deepfirearm,849c88771c7e650700b964123cbc3ca49e75e9a062adb3cd5774c372116c4997,,pending,,,,5
img_00007136,images/img_00007136.jpg,02_deepfirearm,deepfirearm,38d30be1b372c3e16c1c155eb4a87a53237a5e7e6d0a715258e68e1ff888c3a2,,pending,,,,5
img_00007137,images/img_00007137.jpg,02_deepfirearm,deepfirearm,8d063e59c3cf2a61b0bb1a3334601437aa0b802119a2a391d9ebd7ddfa18590e,,pending,,,,5
img_00007138,images/img_00007138.jpg,02_deepfirearm,deepfirearm,adc5e614f3700453544d8465dc99277bbbd4bdd4a058ba523f7cbeee36a12fd6,,pending,,,,5
img_00007139,images/img_00007139.jpg,02_deepfirearm,deepfirearm,f18798f91f35d5fc75f2068168e39f3d9419d5a2897a18e0a6b34fe5ea38c371,,pending,,,,5
img_00007140,images/img_00007140.jpg,02_deepfirearm,deepfirearm,8de67dc79db4a193a7da9f13b50cf30a125f247156d259d4ee483a89f35d2ab1,,pending,,,,5
img_00007141,images/img_00007141.jpg,02_deepfirearm,deepfirearm,b9a0914608eaaaf19e34fdb6e75ecfd12d85e1fe9c87b5ba726553db918c8c86,,pending,,,,5
img_00007142,images/img_00007142.jpg,02_deepfirearm,deepfirearm,ab6523f80ce8cf49cb13dddbf2fd0feeca8ab01a195e30674990a8eabed9455c,,pending,,,,5
img_00007143,images/img_00007143.jpg,02_deepfirearm,deepfirearm,117a914ae4fbb6771de62534a948f5dff84e57d472863f22cdbb8eb998bb77cd,,pending,,,,5
img_00007144,images/img_00007144.jpg,02_deepfirearm,deepfirearm,79cc7ec7b50cde964e5cb51ca6db35d194ff8de885f5beecb2cc7b21c195cc71,,pending,,,,5
img_00007145,images/img_00007145.jpg,02_deepfirearm,deepfirearm,85386278da037f930b55a5167df29f5b4cb10a0c4335fff7f87c0eb3d7ba4da7,,pending,,,,5
img_00007146,images/img_00007146.jpg,02_deepfirearm,deepfirearm,60c1ddfbc5acdb5ba2c7c172751607b7695887ac2cea11934d7bb21fdd326993,,pending,,,,5
img_00007147,images/img_00007147.jpg,02_deepfirearm,deepfirearm,a54e64a2dcb9ef6cda960a335da0ea984a6bcc68389a01599c1118d486ca7faa,,pending,,,,5
img_00007148,images/img_00007148.jpg,02_deepfirearm,deepfirearm,7284422b07ca75cf3bd9342fd270c5bc3a8eac56833da03e2a51c4df45850ee5,,pending,,,,5
img_00007149,images/img_00007149.jpg,02_deepfirearm,deepfirearm,4d91c6fb1464aa59ab09137502241d90c075118ef364f82e238be17547994f56,,pending,,,,5
img_00007150,images/img_00007150.jpg,02_deepfirearm,deepfirearm,3d4d27275bc0fa2f84e6945d77d5242924674c2746c3646f63ed86ddd166cfa4,,pending,,,,5
img_00007151,images/img_00007151.jpg,02_deepfirearm,deepfirearm,e31ff7360225319f78178189968d365737aa599813223369fdcc61ea9678ea87,,pending,,,,5
img_00007152,images/img_00007152.jpg,02_deepfirearm,deepfirearm,83982209bc05c5c3e6ec3f5681b9bde1e8a7717c333dd27c52e31c2de8e76c04,,pending,,,,5
img_00007153,images/img_00007153.jpg,02_deepfirearm,deepfirearm,258bcf6c29fd0769da772aa19bd75cbf9f57f4a4f11f7f85cbdf7e610e81f4f9,,pending,,,,5
img_00007154,images/img_00007154.jpg,02_deepfirearm,deepfirearm,89bd1b033ba391d010f563e1030b6f9f0c4f823fa719c847bfb7d46bde635c20,,pending,,,,5
img_00007155,images/img_00007155.jpg,02_deepfirearm,deepfirearm,0a9c2f909f3e634a65418c46adb07983b11b0c13e22f9bd2d6d1fb4a43815ef9,,pending,,,,5
img_00007156,images/img_00007156.jpg,02_deepfirearm,deepfirearm,675c9d9353491cd538bce1ced613252a0c9e083b665e296d7ec08e1ef09209fd,,pending,,,,5
img_00007157,images/img_00007157.jpg,02_deepfirearm,deepfirearm,358012307304d94dc77f8b6060c2a846cf2ed66cf9595bbdc5245f5a81d0de44,,pending,,,,5
img_00007158,images/img_00007158.jpg,02_deepfirearm,deepfirearm,abdd30d3588faea019cebdd62d8e3e0dd3b4a398809a0c1c64ad6e88efd25b0f,,pending,,,,5
img_00007159,images/img_00007159.jpg,02_deepfirearm,deepfirearm,8dd0a88bcc871845b6253d8a75304f29427278bbbb9f2f9762afc4f4ce9b7c6b,,pending,,,,5
img_00007160,images/img_00007160.jpg,02_deepfirearm,deepfirearm,18b6de074d517bfa4b19228d0ab44ed6977d8a406f83c97410e3a2a2f4135e3a,,pending,,,,5
img_00007161,images/img_00007161.jpg,02_deepfirearm,deepfirearm,a878d2eb9f55d724f995c46384cad29bf6c0e3c0da9a75e499a274e88385a4c4,,pending,,,,5
img_00007162,images/img_00007162.jpg,02_deepfirearm,deepfirearm,d2369c9a488ba9ae9f1cd44d4d69013c9041a48390bada358a295be662208589,,pending,,,,5
img_00007163,images/img_00007163.jpg,02_deepfirearm,deepfirearm,cef23dfab9b09ceb21a694787ed34036110c7daff47f975a56c27d611b13eeef,,pending,,,,5
img_00007164,images/img_00007164.jpg,02_deepfirearm,deepfirearm,4a52846807a982cb61f2638f9aa3170c24c318d4c4f519cdd6410fe564084436,,pending,,,,5
img_00007165,images/img_00007165.jpg,02_deepfirearm,deepfirearm,f8882812bbeae741319a17a7d50f7e0130e66e9a2619c6599c63886d9643a1ff,,pending,,,,5
img_00007166,images/img_00007166.jpg,02_deepfirearm,deepfirearm,40f40b4c529488ad93b9d6777350ca0409c6050368df618999592eb9c48c47cd,,pending,,,,5
img_00007167,images/img_00007167.jpg,02_deepfirearm,deepfirearm,f7fbc9f59516e57e1058e9075b41e8f486b04faf18fa56a332e98072e6918d00,,pending,,,,5
img_00007168,images/img_00007168.jpg,02_deepfirearm,deepfirearm,b1a48f1badf5371e613eb66cb0da1af748a51648e89537bb46db1fa81da0bc02,,pending,,,,5
img_00007169,images/img_00007169.jpg,02_deepfirearm,deepfirearm,2f734be9d811cf8f33fe4da6ede2c641a2000909decf56903346252ceb35f677,,pending,,,,5
img_00007170,images/img_00007170.jpg,02_deepfirearm,deepfirearm,32bfc1810b89c1e82ed204d58d814427d0437c9c5e7ae58fa26d78c966067d92,,pending,,,,5
img_00007171,images/img_00007171.jpg,02_deepfirearm,deepfirearm,c6ba22cab431fd6e27876900519752eb056dd60bb4481035ebd6ceeafbb17fa1,,pending,,,,5
img_00007172,images/img_00007172.jpg,02_deepfirearm,deepfirearm,372a63b09e4d5eaefb2d7c36add5cafdf4306e48a771f2de6a2ff9a67708c055,,pending,,,,5
img_00007173,images/img_00007173.jpg,02_deepfirearm,deepfirearm,3702171507bc71dcacb0df0e7d31b90ed074eec9ff173015929a183cf46442aa,,pending,,,,5
img_00007174,images/img_00007174.jpg,02_deepfirearm,deepfirearm,993ecc45e411ead726b499db25c8ff0668f3b42127ee86f593789b77d79eff11,,pending,,,,5
img_00007175,images/img_00007175.jpg,02_deepfirearm,deepfirearm,03019c272af31c56d284f8248bd50faac1e131d1a2a4844435cecc75a3f354bb,,pending,,,,5
img_00007176,images/img_00007176.jpg,02_deepfirearm,deepfirearm,601f71fce2cfda6fde0951b3338ca943f335f75829289a66da8115ead0bc0af6,,pending,,,,5
img_00007177,images/img_00007177.jpg,02_deepfirearm,deepfirearm,19508e379096bbd8d10d61922e857d00bde6e60f41b263d81d65d44b1e0b1aca,,pending,,,,5
img_00007178,images/img_00007178.jpg,02_deepfirearm,deepfirearm,e7244ba975a813d40d9c90cdfcfb39bf74c3d0ebcc3afb272076875ce4248754,,pending,,,,5
img_00007179,images/img_00007179.jpg,02_deepfirearm,deepfirearm,89ff51609bd31009089be859bfe6b83f5d3d5876cc06462b9a1fac06dd3c6354,,pending,,,,5
img_00007180,images/img_00007180.jpg,02_deepfirearm,deepfirearm,0d4e15cabd6873b5b5653c11b66c04084bff45b8b6bf5540621bed0f9ba3cab1,,pending,,,,5
img_00007181,images/img_00007181.jpg,02_deepfirearm,deepfirearm,5eddc692b3167d5c5fdc1b46def673beceff36dc113615002df4841392adbee0,,pending,,,,5
img_00007182,images/img_00007182.jpg,02_deepfirearm,deepfirearm,6cb10de1584e6722c6a4b3b2ccf9c6c3bcd538bf5c292bd14cf0ace9cdc99011,,pending,,,,5
img_00007183,images/img_00007183.jpg,02_deepfirearm,deepfirearm,27032342473de29e26205a1956b990610a546e15d6dbd00041016abb7693f86f,,pending,,,,5
img_00007184,images/img_00007184.jpg,02_deepfirearm,deepfirearm,731a5ee603800e550b2c5f66fc656f1faf47b08dc1df98644db40cc727445850,,pending,,,,5
img_00007185,images/img_00007185.jpg,02_deepfirearm,deepfirearm,73f4e17ee8ab93e23ddcf47c50486afd9fcc008aee947da6f76e181019dae0ee,,pending,,,,5
img_00007186,images/img_00007186.jpg,02_deepfirearm,deepfirearm,20264f40bb4616504b9152452480d88bd8d6ce2f2ffb0366c0548998e5cb23d0,,pending,,,,5
img_00007187,images/img_00007187.jpg,02_deepfirearm,deepfirearm,6f1669806228f77a2489c64920a102b1f05ed6f753750fa98b539bf5050f9fce,,pending,,,,5
img_00007188,images/img_00007188.jpg,02_deepfirearm,deepfirearm,d53f790589892f8c40c42a4d62c5257271e898c4cb5e85b3d945f66bbc3a60a8,,pending,,,,5
img_00007189,images/img_00007189.jpg,02_deepfirearm,deepfirearm,b7fe765bfc4d6938dc2218edc540e915f22da57b5df128c2d5f26c2dd645e7b8,,pending,,,,5
img_00007190,images/img_00007190.jpg,02_deepfirearm,deepfirearm,6dd9dc061a9030da251c60b7e82818a58186e1132cc89077b11820af97dc3a90,,pending,,,,5
img_00007191,images/img_00007191.jpg,02_deepfirearm,deepfirearm,7ce2b2efa71b223ac3e96bff93d34eba54e3064fa100fdcee96e8dc19b2dce63,,pending,,,,5
img_00007192,images/img_00007192.jpg,02_deepfirearm,deepfirearm,7bcf449c440f240d4304046c87b3c8712aa0a157713fcac90b9c7b61d50c4cbc,,pending,,,,5
img_00007193,images/img_00007193.jpg,02_deepfirearm,deepfirearm,4970c21362c97dc5ac590c6ca6f1796d1f8a84b1d33ffc1782aace47e32f18e8,,pending,,,,5
img_00007194,images/img_00007194.jpg,02_deepfirearm,deepfirearm,66ca65548e32b4cd828425222d98b8245eb25ecea72bb497ee2adcd6dcc097f5,,pending,,,,5
img_00007195,images/img_00007195.jpg,02_deepfirearm,deepfirearm,9dfc565e17bc5c7cfda515e837a1e4ca6a401dc3ceb66de5d8848703773e28cc,,pending,,,,5
img_00007196,images/img_00007196.jpg,02_deepfirearm,deepfirearm,c924f7e7338e55883fca4666e865676d2c9e725a8d6dafcfd2a0ad0f03061ecf,,pending,,,,5
img_00007197,images/img_00007197.jpg,02_deepfirearm,deepfirearm,5b1a58066a924942eb0a577d2eda423e0eaf948e1fc37e2c3766928a0b8e151f,,pending,,,,5
img_00007198,images/img_00007198.jpg,02_deepfirearm,deepfirearm,297a5be3a528d9166adfa95210a185cca04ae0ea6b8e83c10efc62f17aa538da,,pending,,,,5
img_00007199,images/img_00007199.jpg,02_deepfirearm,deepfirearm,2910544ec6803ebabae24946441c539e6d50db3b91517b7bf84b6966cd34130f,,pending,,,,5
img_00007200,images/img_00007200.jpg,02_deepfirearm,deepfirearm,ac8147bae034a2f66599fdb3216a4d4ae7d8e2702bf3678f869b2030a7d17b54,,pending,,,,5
img_00007201,images/img_00007201.jpg,02_deepfirearm,deepfirearm,76e3b98d771f331ba59e5e272d947000426e9f378068a1626956187f9a3da54e,,pending,,,,5
img_00007202,images/img_00007202.jpg,02_deepfirearm,deepfirearm,2a3cc4e958e6443ffc7132b440b1673d200ac754e9a62cd594703fc4e31fa891,,pending,,,,5
img_00007203,images/img_00007203.jpg,02_deepfirearm,deepfirearm,cffa0a3feb23c6d264c5796ebe4159847322f325c48809f518c426a49ef09e81,,pending,,,,5
img_00007204,images/img_00007204.jpg,02_deepfirearm,deepfirearm,4e507e0969bd6147a8e65becb1b9ec6ebec44dddac63c23b21e499dd661e6c0c,,pending,,,,5
img_00007205,images/img_00007205.jpg,02_deepfirearm,deepfirearm,8da5bea83d2b98bb0239958642d885b633fd9ef10fc267cd0c45fc7675143d25,,pending,,,,5
img_00007206,images/img_00007206.jpg,02_deepfirearm,deepfirearm,01dcca02aa465681fe1474e63e18b9398124739bf232c255a743dc372ff2de93,,pending,,,,5
img_00007207,images/img_00007207.jpg,02_deepfirearm,deepfirearm,5d1c852d6c2c34b1439c9eef68c02b959a4f8ddc28c24fd16c9765fc0493f310,,pending,,,,5
img_00007208,images/img_00007208.jpg,02_deepfirearm,deepfirearm,9159cefa1ae94fbc5ce9a267c0a08ffa279193648a83774d84e73c9b6190dd3e,,pending,,,,5
img_00007209,images/img_00007209.jpg,02_deepfirearm,deepfirearm,39eaa07e7456cebcdbc267f9b115ad7d000fb7605290acc6678774132c0daf21,,pending,,,,5
img_00007210,images/img_00007210.jpg,02_deepfirearm,deepfirearm,f9a1fbf7034ba17f59972b02c3bbad218d79f48b5ebbc0537eba0c50ec74b90a,,pending,,,,5
img_00007211,images/img_00007211.jpg,02_deepfirearm,deepfirearm,04457d827ab5f51fcc78b75769810d073aa4a83830918b644ecc3d766444d8a2,,pending,,,,5
img_00007212,images/img_00007212.jpg,02_deepfirearm,deepfirearm,f7fd2b04417d0711f4be8d5544e499167ca9c9570d025d6b797411305d4ec589,,pending,,,,5
img_00007213,images/img_00007213.jpg,02_deepfirearm,deepfirearm,bc9e83c18342c384a5caefe7f69c8922af0fa42dcddcd5f8e282983242f9211b,,pending,,,,5
img_00007214,images/img_00007214.jpg,02_deepfirearm,deepfirearm,3498bfe6c39219b614a3c01bd3b3ea2debb7ed790eadbf14be22418e7e4596b6,,pending,,,,5
img_00007215,images/img_00007215.jpg,02_deepfirearm,deepfirearm,d9146180cb9985e443969e5491aa4624eb1a2107bbb1f412496b22e6ea2c0b8b,,pending,,,,5
img_00007216,images/img_00007216.jpg,02_deepfirearm,deepfirearm,d5dee86fd130c402dc9f1fb9c94ffd7c84c9e09789070af06bba15830510c6af,,pending,,,,5
img_00007217,images/img_00007217.jpg,02_deepfirearm,deepfirearm,db05acf03bbd96590ddcc375c699ae0f265ab645c8f14e78c8a073c9d56404af,,pending,,,,5
img_00007218,images/img_00007218.jpg,02_deepfirearm,deepfirearm,85fc7bc7d4ba0e9ba8753ab94d54b80d7b732614599b11c20b636f17bb2c2918,,pending,,,,5
img_00007219,images/img_00007219.jpg,02_deepfirearm,deepfirearm,03f0222ea21e33a099e346dbfdd439be09f8f94cce3b1e0ae1c91d67e8ae679d,,pending,,,,5
img_00007220,images/img_00007220.jpg,02_deepfirearm,deepfirearm,b2b9f7dc4e22d2387ec96e4a6fa5ad0bd0b273191d2ef6c77a20aeb5ba26d08a,,pending,,,,5
img_00007221,images/img_00007221.jpg,02_deepfirearm,deepfirearm,f99e431bb319ecd857537f0ffbf234da08a3f9749143c0b7f36a25f176073304,,pending,,,,5
img_00007222,images/img_00007222.jpg,02_deepfirearm,deepfirearm,9830973b813f5b04814346330efc664ada33dc0fd3cbb31cf0cbe8eeddac8634,,pending,,,,5
img_00007223,images/img_00007223.jpg,02_deepfirearm,deepfirearm,c6db76245f89d9f4935ba6d7891dfced1720c0b797fcf5de7e053d068eb34e19,,pending,,,,5
img_00007224,images/img_00007224.jpg,02_deepfirearm,deepfirearm,db28502447ecc16eab9b3c269e208d96c645152806c19bcbe5a955f9e1ed042d,,pending,,,,5
img_00007225,images/img_00007225.jpg,02_deepfirearm,deepfirearm,6a0f50eb05af3e5faf1ce4ada40283917ab2d37b84e5bad9e516c5527da0ac97,,pending,,,,5
img_00007226,images/img_00007226.jpg,02_deepfirearm,deepfirearm,6d1fa1ebfb0270ddd4c6dabc0f65d842f34d3cb9d8653a25128bff2bfd976925,,pending,,,,5
img_00007227,images/img_00007227.jpg,02_deepfirearm,deepfirearm,218d901548e2f6ee58c34b007b1c48ebf10253b7a09b29fc17469317be7f2c46,,pending,,,,5
img_00007228,images/img_00007228.jpg,02_deepfirearm,deepfirearm,5cc60bc506b719177ed48ac4906a90c7a40ae74381ab7a5e25758b114cdcfc16,,pending,,,,5
img_00007229,images/img_00007229.jpg,02_deepfirearm,deepfirearm,c6a8157475467f5b01b203339a63530c087e7662ddaddaf81ff6f15fa1b2aba9,,pending,,,,5
img_00007230,images/img_00007230.jpg,02_deepfirearm,deepfirearm,f0fdbaea6f9a8099a7b005d85eee50ebf61b577923f94df5c3751d45c5eff88d,,pending,,,,5
img_00007231,images/img_00007231.jpg,02_deepfirearm,deepfirearm,b8f55a81b27e8c17298c3a94d6f715057f71a16226e1a6fb3605b9a63940d8c1,,pending,,,,5
img_00007232,images/img_00007232.jpg,02_deepfirearm,deepfirearm,deea63793fbb4504d8132fe1ac9c2deb1532ced48847a19bb4eff8e6e547ce7c,,pending,,,,5
img_00007233,images/img_00007233.jpg,02_deepfirearm,deepfirearm,6d3c2aef7cb0b653511e0733c03d233954c0f1759bc8f85c48ae14aea83989eb,,pending,,,,5
img_00007234,images/img_00007234.jpg,02_deepfirearm,deepfirearm,49cb56749fde4171d8166ddcf5336530dfc597e56252ea1925de2053a60913e9,,pending,,,,5
img_00007235,images/img_00007235.jpg,02_deepfirearm,deepfirearm,bd89997ba76c59034e05d5a69372a1e78925932a7b1e37f2275079b24581c32b,,pending,,,,5
img_00007236,images/img_00007236.jpg,02_deepfirearm,deepfirearm,397380f510fa4dc5b8d0c8683896adadabb77f4ac0181509a7aebf063a391d30,,pending,,,,5
img_00007237,images/img_00007237.jpg,02_deepfirearm,deepfirearm,1b8f861c31c220461b12de0f2a502bc608c887f9625f01779ef4c943d090aa45,,pending,,,,5
img_00007238,images/img_00007238.jpg,02_deepfirearm,deepfirearm,3c961c2caad6f5144e73f3a1078d97df93430b3c97a03bbc975d6702573ba553,,pending,,,,5
img_00007239,images/img_00007239.jpg,02_deepfirearm,deepfirearm,aaf5cd38400ea5edbdbf40611c422e68ea4c8335cbe612b5bc2c0db55f73248e,,pending,,,,5
img_00007240,images/img_00007240.jpg,02_deepfirearm,deepfirearm,141e37cc3f7ea4b2ee10e5a22257a6da8a88f9f9e07a71d8ed6ce8683e9e0d46,,pending,,,,5
img_00007241,images/img_00007241.jpg,02_deepfirearm,deepfirearm,ed73afa4fc512e1a6502af313ed38627e047ea0d5e066fe269555a837377d22c,,pending,,,,5
img_00007242,images/img_00007242.jpg,02_deepfirearm,deepfirearm,e578fe3b91dd9737ceb9b06ccf0ba7734e0005352ccfb15ac64db59abba607b7,,pending,,,,5
img_00007243,images/img_00007243.jpg,02_deepfirearm,deepfirearm,e85f50dc4345d54c023b39caaf3c3ed5f4dbf8b9b3be647a4ab5a9d55db51017,,pending,,,,5
img_00007244,images/img_00007244.jpg,02_deepfirearm,deepfirearm,30983b21aa03705e9bf239369cbf62b9f5ff132767179402d5260f3e02da64f0,,pending,,,,5
img_00007245,images/img_00007245.jpg,02_deepfirearm,deepfirearm,9a93b2b28757872a4116b89a1acb53642633d3de55ddbdd896062fe0709b95c3,,pending,,,,5
img_00007246,images/img_00007246.jpg,02_deepfirearm,deepfirearm,7d7d2c161aafbbf5dfd8e7cf6ee7f78e3657cf7828c94d5317a096f81e6db022,,pending,,,,5
img_00007247,images/img_00007247.jpg,02_deepfirearm,deepfirearm,248c7afa9d5c17b1f15b4c246c0e79a4c59a9237b96d6bd465c432efe725bac6,,pending,,,,5
img_00007248,images/img_00007248.jpg,02_deepfirearm,deepfirearm,9070d5b7edd6da63f743023805be6f0b83cd5a722648e2d1c02c9f75d6b63ade,,pending,,,,5
img_00007249,images/img_00007249.jpg,02_deepfirearm,deepfirearm,0054e77c6d19e66e4726a4f0c46a375536f314f557b3c31086d39b5e9b88bc1b,,pending,,,,5
img_00007250,images/img_00007250.jpg,02_deepfirearm,deepfirearm,02295be052c9f9992c55db8d392a3565cb470e9b0a4ab89694c943b3f892f2dd,,pending,,,,5
img_00007251,images/img_00007251.jpg,02_deepfirearm,deepfirearm,2171224940c1f29743209c34f0452e1f05c182833772208f7d0458781d328e9d,,pending,,,,5
img_00007252,images/img_00007252.jpg,02_deepfirearm,deepfirearm,db3714d6bfba8b98c9313cf005bd6729cba0e3b531e553890e83b95cd2e45e40,,pending,,,,5
img_00007253,images/img_00007253.jpg,02_deepfirearm,deepfirearm,62c5b53803949a977bdf2edbf24a052c65edecaf6cd8a98c9a0997fc1b04e8b9,,pending,,,,5
img_00007254,images/img_00007254.jpg,02_deepfirearm,deepfirearm,cb7b93e724066752ded00668a4697d9ea2523652a6773a8ff79acaec2bd42950,,pending,,,,5
img_00007255,images/img_00007255.jpg,02_deepfirearm,deepfirearm,b98bf6f1ee63c7b2da4e6da3cd7dc30fb207fe7438f512aaeaf523125872abb7,,pending,,,,5
img_00007256,images/img_00007256.jpg,02_deepfirearm,deepfirearm,f50ad1fd335b96941daa0e36801472105959d06f728db12f0d9746b43f631368,,pending,,,,5
img_00007257,images/img_00007257.jpg,02_deepfirearm,deepfirearm,8fcbc7f770513e2a93ab821b5c41d2cfcf6423aebe55fa18acf754e7c8883aa0,,pending,,,,5
img_00007258,images/img_00007258.jpg,02_deepfirearm,deepfirearm,e4d8c54d1cf62b32f22cf10886f356eddc5f4518de50adbd7db5baee4cf64271,,pending,,,,5
img_00007259,images/img_00007259.jpg,02_deepfirearm,deepfirearm,33a6397c4510cbeae732a63e3d5894819f8a43e471407d0ee6c21bfea6e90bd3,,pending,,,,5
img_00007260,images/img_00007260.jpg,02_deepfirearm,deepfirearm,7e8b4fa2e88b295d84d94c2d9d86ccf5ce7d611856e696815e03452b25e3abd4,,pending,,,,5
img_00007261,images/img_00007261.jpg,02_deepfirearm,deepfirearm,02b97651b05a07f18c6faf95d4e03c6573cf8a4331b0aa797868a7a3ffd43645,,pending,,,,5
img_00007262,images/img_00007262.jpg,02_deepfirearm,deepfirearm,322d8275f90e12ef401c7d0482568433d60d9537dc8815915697bc21106919ea,,pending,,,,5
img_00007263,images/img_00007263.jpg,02_deepfirearm,deepfirearm,f376d5acc9a8e313fb6973b9cd62f1dcf4a8ec15fad77a98233a3fc3e6f67608,,pending,,,,5
img_00007264,images/img_00007264.jpg,02_deepfirearm,deepfirearm,f0326a4f0743b401e4110ef5212455da6b662c5718a4ea43e1fdf95e0294be2d,,pending,,,,5
img_00007265,images/img_00007265.jpg,02_deepfirearm,deepfirearm,2d903c56ea4b6a4af47179514970aae67dd25873b072c179d60d20bebb7e3bea,,pending,,,,5
img_00007266,images/img_00007266.jpg,02_deepfirearm,deepfirearm,045fb66d03fd38ea5886b4853e4134411bc5ffdfe9842fdf1e71091e69b2aff0,,pending,,,,5
img_00007267,images/img_00007267.jpg,02_deepfirearm,deepfirearm,456fbec3f37b5659c73d3b25f1b3df7f61f1c45bc2bf6551a50e8f8333faef03,,pending,,,,5
img_00007268,images/img_00007268.jpg,02_deepfirearm,deepfirearm,a78b4e0b78a72de73934e083af84da82d9a40e2a39e67eea07526e590e07f079,,pending,,,,5
img_00007269,images/img_00007269.jpg,02_deepfirearm,deepfirearm,1b4a48538b17c7a3f94759dd6e33ad7d210c2241afc2073a00621ceb69dc9279,,pending,,,,5
img_00007270,images/img_00007270.jpg,02_deepfirearm,deepfirearm,34d841d45a96f81b54af11157c94a1f406f8d37ae06cbb017bbf3f08ac7b5a11,,pending,,,,5
img_00007271,images/img_00007271.jpg,02_deepfirearm,deepfirearm,e4e163d9d57c0746f1d1e855edd3d2c8697452ccf96fa5700cb8cdca41826cf3,,pending,,,,5
img_00007272,images/img_00007272.jpg,02_deepfirearm,deepfirearm,c5007cc7ad021ee1bccb997b7acbeeb2c2bb152c35bdba5077bf5720b9fe2875,,pending,,,,5
img_00007273,images/img_00007273.jpg,02_deepfirearm,deepfirearm,6262856122847747ecd98aaea2eece116fe0583184a9789d600bbecaaac7d0e2,,pending,,,,5
img_00007274,images/img_00007274.jpg,02_deepfirearm,deepfirearm,b7c887a3db22a1e6124856dc280204217a0485dfb56fb900a25988f57a80c704,,pending,,,,5
img_00007275,images/img_00007275.jpg,02_deepfirearm,deepfirearm,34f426689a39ee32b41590ecba90623c2e4dd59bc538e67383caee2c22f4027b,,pending,,,,5
img_00007276,images/img_00007276.jpg,02_deepfirearm,deepfirearm,38767fdf6d56f1ae7b4b1c2ad3bdab5caaed19257edb25984f2fc51391584222,,pending,,,,5
img_00007277,images/img_00007277.jpg,02_deepfirearm,deepfirearm,f1a070ac2f70a83571220f6d3ebd385e105996cd9b7f14450fcb3ccf71858726,,pending,,,,5
img_00007278,images/img_00007278.jpg,02_deepfirearm,deepfirearm,dcacb41b7c8b3e51c49d1b10f4d5c500f47ffa5de3e5e3702160b75d4d0d3d17,,pending,,,,5
img_00007279,images/img_00007279.jpg,02_deepfirearm,deepfirearm,f2fe90e80c890a86b770ec971abe53ff3564dd256f861e8813ca4d78deb9604c,,pending,,,,5
img_00007280,images/img_00007280.jpg,02_deepfirearm,deepfirearm,03051cb71e0495b0183f68fd19aaa45a992568c8e331f8fddc3afa7bfaf452e2,,pending,,,,5
img_00007281,images/img_00007281.jpg,02_deepfirearm,deepfirearm,4781924438fd5cdda2a6445000ddf543afb5f0eecba38ba6811535023045db78,,pending,,,,5
img_00007282,images/img_00007282.jpg,02_deepfirearm,deepfirearm,c668935cc10731efb1d0dc0af2ff7652e892b9badc95d83f20b1d6872ade3414,,pending,,,,5
img_00007283,images/img_00007283.jpg,02_deepfirearm,deepfirearm,a88974d33484e5069414e11ce23a5ab6401214c6f6a22fbd69a079749c711523,,pending,,,,5
img_00007284,images/img_00007284.jpg,02_deepfirearm,deepfirearm,26416e1a608fedee0cad7d019cfa7329b760298b12b479c605d359c97db8ad54,,pending,,,,5
img_00007285,images/img_00007285.jpg,02_deepfirearm,deepfirearm,d7df1a0b807d9ca13a8c7a7a0ca32a4183ee47c8013acf1a77e48b9284b72108,,pending,,,,5
img_00007286,images/img_00007286.jpg,02_deepfirearm,deepfirearm,ceac7aeeff668ac99781b9d8ce9f8bd9878e0f5fb2aa9e6861234b553ceeca38,,pending,,,,5
img_00007287,images/img_00007287.jpg,02_deepfirearm,deepfirearm,4b64ec5829f700ed5f0e2555f2cfb06270ff9141a3db84faa43c6017dcdfa19d,,pending,,,,5
img_00007288,images/img_00007288.jpg,02_deepfirearm,deepfirearm,9ef4ebf38f58ce189c4046c50d167213b2e7077149280354c82e916eb04336b0,,pending,,,,5
img_00007289,images/img_00007289.jpg,02_deepfirearm,deepfirearm,a9e53623b17d3d834dedc0d3d547f313c2ca74773a70155ec2db4edde8b17f50,,pending,,,,5
img_00007290,images/img_00007290.jpg,02_deepfirearm,deepfirearm,95d55472280e1a82c210673314309b910af9610b685b80765dea66021af4e070,,pending,,,,5
img_00007291,images/img_00007291.jpg,02_deepfirearm,deepfirearm,79988f7323a9069945928e166dcd63b584dacf5bd0c77b50711fdfbca5b9dc7d,,pending,,,,5
img_00007292,images/img_00007292.jpg,02_deepfirearm,deepfirearm,f72250e0f97b715a4bccc0ba276b34f355a0ff6f0b8f65596a8e4c0e0342261f,,pending,,,,5
img_00007293,images/img_00007293.jpg,02_deepfirearm,deepfirearm,fba8d6b9156d0c9c3ce1655ad0dad411d2c2b748e13c318403bcc329cdc3052c,,pending,,,,5
img_00007294,images/img_00007294.jpg,02_deepfirearm,deepfirearm,a3eee0787bc9efb26250bfa75ab604b05f38770f4169ac4131552584fca84989,,pending,,,,5
img_00007295,images/img_00007295.jpg,02_deepfirearm,deepfirearm,0f2671baa06401ca777ba220dd734a552891f87b17f18a37ae80dba384ecaf78,,pending,,,,5
img_00007296,images/img_00007296.jpg,02_deepfirearm,deepfirearm,01337ec99b42721588da06bac80fca7f99abee8ec2da86d4fdba16ef51f2529d,,pending,,,,5
img_00007297,images/img_00007297.jpg,02_deepfirearm,deepfirearm,d6482c150257f83227a0134893ae4d826b0ce47297c22905bc06c7d7ef13bb2b,,pending,,,,5
img_00007298,images/img_00007298.jpg,02_deepfirearm,deepfirearm,ce2cff421fbc4cd5106caba2c59ded992f7de42d84c0c910e7b5713585ad3406,,pending,,,,5
img_00007299,images/img_00007299.jpg,02_deepfirearm,deepfirearm,204fa2fe952e4d2ac694f419b2d50bda8162fe4425ebe3542693e4693af626d6,,pending,,,,5
img_00007300,images/img_00007300.jpg,02_deepfirearm,deepfirearm,d62731a1fd3100178222ea981a55c7411db90d14f67196c62db02228d1b8ef21,,pending,,,,5
img_00007301,images/img_00007301.jpg,02_deepfirearm,deepfirearm,03579dc66d26b898660221ff92468b0469615354f6f4ac8e26b9da9c2d2c3bf8,,pending,,,,5
img_00007302,images/img_00007302.jpg,02_deepfirearm,deepfirearm,2e483a03da7e6e852ac08b0dd3012b3ef85e928d300b4fdbe50edf32d538aed5,,pending,,,,5
img_00007303,images/img_00007303.jpg,02_deepfirearm,deepfirearm,8cd356ade04ea0e42da07edb2b8075dd893ed93692085d69c9e1717c2d708703,,pending,,,,5
img_00007304,images/img_00007304.jpg,02_deepfirearm,deepfirearm,1b18153ccd9fc389ff417be6f31718ca01ca7a10a9c7dca4a326999d30af9aa3,,pending,,,,5
img_00007305,images/img_00007305.jpg,02_deepfirearm,deepfirearm,27caae00be6d05e52662f47c441da2336ddd092b596c00e6f53ef4929ed5ab6b,,pending,,,,5
img_00007306,images/img_00007306.jpg,02_deepfirearm,deepfirearm,b05f0b67e4b6a269509becd1435e7d622ddf68aedc40aee432974ccee8f539ef,,pending,,,,5
img_00007307,images/img_00007307.jpg,02_deepfirearm,deepfirearm,c3fb25e291cb9cd701781c72daf855cc04c3397e42a142882f173be9a1232a7c,,pending,,,,5
img_00007308,images/img_00007308.jpg,02_deepfirearm,deepfirearm,cf073e8f84653b15cae24f9a0f0a1688460aab5231918cfbfab0113ec98ee9b3,,pending,,,,5
img_00007309,images/img_00007309.jpg,02_deepfirearm,deepfirearm,6cea582e67acb04e3bb4c7f6845aea85d7d91f6b200daa4606470419793bed0e,,pending,,,,5
img_00007310,images/img_00007310.jpg,02_deepfirearm,deepfirearm,8aa7156b3a31efe2a204b3c8103f61d06a19cd5ef5f2511e857ead6c8b75f318,,pending,,,,5
img_00007311,images/img_00007311.jpg,02_deepfirearm,deepfirearm,2aa87fc9bc4656cc2088929a544d038d46f067d34dc2df4d1a768d4fc291776f,,pending,,,,5
img_00007312,images/img_00007312.jpg,02_deepfirearm,deepfirearm,fd6547f60d0f9fef217e8362f6b03cdeb61d3a60fded850b74a3d03cc18b8beb,,pending,,,,5
img_00007313,images/img_00007313.jpg,02_deepfirearm,deepfirearm,3719dd4c8b1758df064a3dbe969e963919a135a10938e7af220cd0c95e407801,,pending,,,,5
img_00007314,images/img_00007314.jpg,02_deepfirearm,deepfirearm,01f0812f6b90589a813c18bae7687cb26e2901ef050fcf66d40b6a5feb958e77,,pending,,,,5
img_00007315,images/img_00007315.jpg,02_deepfirearm,deepfirearm,6bb106f763ccfbbe3a40fe2324cda28042644509d9dde66200d1813d70da61b9,,pending,,,,5
img_00007316,images/img_00007316.jpg,02_deepfirearm,deepfirearm,feb0130ba1040d00b73e54e87c9a034a8e46a0d39417410acaa843559eaf826b,,pending,,,,5
img_00007317,images/img_00007317.jpg,02_deepfirearm,deepfirearm,3aafb37cb6191d08cd999e02bc5c924f154c9765d32807d88d957a8f8a03f5a2,,pending,,,,5
img_00007318,images/img_00007318.jpg,02_deepfirearm,deepfirearm,7f6778c017fc42e0a455dadce193dcc3be93c3b01815a8f06ea66ca2f646f426,,pending,,,,5
img_00007319,images/img_00007319.jpg,02_deepfirearm,deepfirearm,eb5636aa79d2a8e74475a79f215663993518d6e4aed713526b997f2c22fee926,,pending,,,,5
img_00007320,images/img_00007320.jpg,02_deepfirearm,deepfirearm,5582f7ae86a76e8c06c169a63b046215835048ee85e80d1dee80f57d40730414,,pending,,,,5
img_00007321,images/img_00007321.jpg,02_deepfirearm,deepfirearm,721ceedc87ced14e186977997338aeef8175256b60bf503d10d3aaf5d7c215ed,,pending,,,,5
img_00007322,images/img_00007322.jpg,02_deepfirearm,deepfirearm,890d7631631dd867dd53e183328c847ce43e7b79e59758f708326f3b4e88f0a7,,pending,,,,5
img_00007323,images/img_00007323.jpg,02_deepfirearm,deepfirearm,0c945fce60132645aac46c20a8918f7f1c453a49292c90f6806cb282cdec5737,,pending,,,,5
img_00007324,images/img_00007324.jpg,02_deepfirearm,deepfirearm,575a32651066602ef2954969baf0e9f0e7ff3c635a96cccade0e755926b0fa25,,pending,,,,5
img_00007325,images/img_00007325.jpg,02_deepfirearm,deepfirearm,95e1a9eadeffafabbafe897ce006d646c2c65964f4d9ccc18562223b7014166d,,pending,,,,5
img_00007326,images/img_00007326.jpg,02_deepfirearm,deepfirearm,81a7556398d30e07a8bc5ee8b2fc71b8253aee44d778ef58f1ae80083f89e030,,pending,,,,5
img_00007327,images/img_00007327.jpg,02_deepfirearm,deepfirearm,93ff21e6a534443e23e92bbe3103ab6f98c6f7c5086f6fbddccadbdd17c7a471,,pending,,,,5
img_00007328,images/img_00007328.jpg,02_deepfirearm,deepfirearm,e4a17b0cab49a860da2d68e2fd300c6726c669066570a5d13c6178dd15ae118e,,pending,,,,5
img_00007329,images/img_00007329.jpg,02_deepfirearm,deepfirearm,9a910a42e33f8d85a2dd558a3b9309ce3abc6a8e2d805faf834a0776aa2ce060,,pending,,,,5
img_00007330,images/img_00007330.jpg,02_deepfirearm,deepfirearm,d2d7defb3886587dcb3c0797a1ccc6b567386f558d5957ca567d4ce2da35bf87,,pending,,,,5
img_00007331,images/img_00007331.jpg,02_deepfirearm,deepfirearm,63b2344a1828a12df9c6c2cf1e0a337c899381cd71f83f52c533a949435c6371,,pending,,,,5
img_00007332,images/img_00007332.jpg,02_deepfirearm,deepfirearm,850d1bb35ef6dd53cd140d408a3b139f91d2640bb94dc876d1a82bc809abf567,,pending,,,,5
img_00007333,images/img_00007333.jpg,02_deepfirearm,deepfirearm,643b9f37a06d4f2d634f48771c407e5cb6ec0eb611e7ef948d881ff99ba5f206,,pending,,,,5
img_00007334,images/img_00007334.jpg,02_deepfirearm,deepfirearm,bce43bdcf7157cda46f2ee980fa7674c569a0115a08f82b5572abf5dabb6d29e,,pending,,,,5
img_00007335,images/img_00007335.jpg,02_deepfirearm,deepfirearm,ad8ccb26ac67be46bbc62676a7f75bd09103718170a825309f6016eed0bf306f,,pending,,,,5
img_00007336,images/img_00007336.jpg,02_deepfirearm,deepfirearm,2e079006a60178d3ff29526f687ff27d69a62b1d5a79e7b709a101a9cc71eeaa,,pending,,,,5
img_00007337,images/img_00007337.jpg,02_deepfirearm,deepfirearm,0b3c1961aae71b99242796a7c9f6d2680987d64a1143b5cd940a90b43af63856,,pending,,,,5
img_00007338,images/img_00007338.jpg,02_deepfirearm,deepfirearm,010cbfcc2f2d201516eb856664b5b62fa409e1ab0a05c26131ec7576c2df2c80,,pending,,,,5
img_00007339,images/img_00007339.jpg,02_deepfirearm,deepfirearm,d54859790152bab237f6ee601824a45217f62562feae2c0e16c7c2b704bf5ad3,,pending,,,,5
img_00007340,images/img_00007340.jpg,02_deepfirearm,deepfirearm,6a3a9e2e5db03e90ac5ebb86c84da7bfcbc27534d39e37af8a899007c946ac5f,,pending,,,,5
img_00007341,images/img_00007341.jpg,02_deepfirearm,deepfirearm,d5b951579846d529ef09d10b9c2ee993521ecea4d5e9d23bb0d1350c58334f06,,pending,,,,5
img_00007342,images/img_00007342.jpg,02_deepfirearm,deepfirearm,7d306822c853e522c7465967253df6b9717ef188e57e91a585795b18a7eb4dd0,,pending,,,,5
img_00007343,images/img_00007343.jpg,02_deepfirearm,deepfirearm,b6f90a11c7538524638a81632d4df6d508ead13c94e6b5e2d4261a032c35ed21,,pending,,,,5
img_00007344,images/img_00007344.jpg,02_deepfirearm,deepfirearm,cf309ebfc700edabf1688bd258aed684424d11685d820e0a50dfccc911fa50cd,,pending,,,,5
img_00007345,images/img_00007345.jpg,02_deepfirearm,deepfirearm,9adc66b2eb961d960af50e924c9162176d12c4394fc685a5d21f0ecf7f40036f,,pending,,,,5
img_00007346,images/img_00007346.jpg,02_deepfirearm,deepfirearm,3e2feacbd6a1e4801e9bebe7131a8e9ef6199ebcf51325357037f4c97807f005,,pending,,,,5
img_00007347,images/img_00007347.jpg,02_deepfirearm,deepfirearm,26d61a430ba0b974ae68b7c33d5b7ae369248ca8046fd59bdcf09315712d05ec,,pending,,,,5
img_00007348,images/img_00007348.jpg,02_deepfirearm,deepfirearm,8afa3dc59d091732d96d79bfa54760391d301df52976c277ad9c79cfa363bf2c,,pending,,,,5
img_00007349,images/img_00007349.jpg,02_deepfirearm,deepfirearm,025dd990a4e1593e84c904a41bf1b0e1f7da6f4608de59fba88fdb8e83a55a7d,,pending,,,,5
img_00007350,images/img_00007350.jpg,02_deepfirearm,deepfirearm,d725e10d088880312e72b536088a1f9faf276ecc6ada360bd6e40b985a306e7e,,pending,,,,5
img_00007351,images/img_00007351.jpg,02_deepfirearm,deepfirearm,77923725bff2874cc64e131cc92da481912429d8825e66cbb4fef69266189270,,pending,,,,5
img_00007352,images/img_00007352.jpg,02_deepfirearm,deepfirearm,bdf06ee1584394bdfad393b280e0f90037f1a8a6f7d91f8ae3b0d1a8670a869f,,pending,,,,5
img_00007353,images/img_00007353.jpg,02_deepfirearm,deepfirearm,30d73113b5ff9d5278015418e1fbfe1fdece539ac116ebfbbec09115b539769f,,pending,,,,5
img_00007354,images/img_00007354.jpg,02_deepfirearm,deepfirearm,f2167da1c2f387bb771faa36b53b356b6c7192cbe25b4f8475f4d1a131cd91d7,,pending,,,,5
img_00007355,images/img_00007355.jpg,02_deepfirearm,deepfirearm,2bf5e457f17ff5ff0cffd1be1dd3be9ae6e390ff2c44bb1fed51c28e76835e6c,,pending,,,,5
img_00007356,images/img_00007356.jpg,02_deepfirearm,deepfirearm,25ebf0352ac62ea71df9a261805df49828889b8dce4f7a812f5fd8b06bf6c8d1,,pending,,,,5
img_00007357,images/img_00007357.jpg,02_deepfirearm,deepfirearm,9892dee0d884da9971d509a1cf63db9089a8611ba820266cc6fabafab9a8ad98,,pending,,,,5
img_00007358,images/img_00007358.jpg,02_deepfirearm,deepfirearm,2cdca666a948ca91cac8e6e60ae7b5665613e10bab1ad6babcbb01406a249e14,,pending,,,,5
img_00007359,images/img_00007359.jpg,02_deepfirearm,deepfirearm,f11316481f89b219190c978db9f3c3a15c394e38272b9f6f6e3a009827c0e017,,pending,,,,5
img_00007360,images/img_00007360.jpg,02_deepfirearm,deepfirearm,1ba4462240a3e19b0654a7be5b53bfcd7a43c5c7afa78e867a7d1614fcf41ea6,,pending,,,,5
img_00007361,images/img_00007361.jpg,02_deepfirearm,deepfirearm,64f51c4a15d835274f20381bd2c3b4e001fa91b2003bed27c589ecb511bb90b1,,pending,,,,5
img_00007362,images/img_00007362.jpg,02_deepfirearm,deepfirearm,0e398440433506520861315b5fd487052ceb4609326e724751c32180dd4ba4bc,,pending,,,,5
img_00007363,images/img_00007363.jpg,02_deepfirearm,deepfirearm,6037cbb7cb3fa9e912c89831068dc0c211a83e1018a9ed50a3cad7106217a85d,,pending,,,,5
img_00007364,images/img_00007364.jpg,02_deepfirearm,deepfirearm,e8480a0e1702f701f8f822431b316445dce99f2665f184ebde6a5f3f3a0cde1a,,pending,,,,5
img_00007365,images/img_00007365.jpg,02_deepfirearm,deepfirearm,e4166a62d71adf6322508ae5fa79604316eea7fb5be257adc4647fb74ee6f5de,,pending,,,,5
img_00007366,images/img_00007366.jpg,02_deepfirearm,deepfirearm,f509ed560ee816504af5f187b441ef06b963342940a02f3c714b81b04fe02ab2,,pending,,,,5
img_00007367,images/img_00007367.jpg,02_deepfirearm,deepfirearm,653199d55ef13e79a9bbcb6f0257e506dd1387a61056599995a28d19df866b99,,pending,,,,5
img_00007368,images/img_00007368.jpg,02_deepfirearm,deepfirearm,530e3d60817e0aa0e92afa2027846a4e68e529e97d96fee401cae6bb4e5e9fce,,pending,,,,5
img_00007369,images/img_00007369.jpg,02_deepfirearm,deepfirearm,2b1a79043ef8af2df217e20fc7c0da8731256694ed86d52321bee7f50ed0430d,,pending,,,,5
img_00007370,images/img_00007370.jpg,02_deepfirearm,deepfirearm,ab4d778ab9cf7627af8eaf8ff3ea25a3f294c22153b97b86d5ba20a6d9de7325,,pending,,,,5
img_00007371,images/img_00007371.jpg,02_deepfirearm,deepfirearm,a6c92c9d13a705bf6b5898d6ac9bc9f3a532a92ddd86e2f29b48e06c0e3121e3,,pending,,,,5
img_00007372,images/img_00007372.jpg,02_deepfirearm,deepfirearm,8057433018c7936afd86dd3af40ede58a175823190c045cbec556464c24291f7,,pending,,,,5
img_00007373,images/img_00007373.jpg,02_deepfirearm,deepfirearm,29ab8925b22cb9638da158630b7b6a75c5b71cd032c7fea1e3780af95de3c258,,pending,,,,5
img_00007374,images/img_00007374.jpg,02_deepfirearm,deepfirearm,77df20ff13d632edaa636b3c2539175a72386c79677a91fa71b161806adb90ad,,pending,,,,5
img_00007375,images/img_00007375.jpg,02_deepfirearm,deepfirearm,b5f3a56ded6e3dd4f8cc898494ed51ee5fa888a980794ee9a2f0213041fc8ed5,,pending,,,,5
img_00007376,images/img_00007376.jpg,02_deepfirearm,deepfirearm,230da32b91bf5fea9fe172ed8a17c15ca766da133f32c247388d4ef67524ec4c,,pending,,,,5
img_00007377,images/img_00007377.jpg,02_deepfirearm,deepfirearm,2d73202b78d4d97b7c738884201071db261297e145d3fa37130baf645c0189f5,,pending,,,,5
img_00007378,images/img_00007378.jpg,02_deepfirearm,deepfirearm,0e0dfa78ec91a76525c11b2fa42bed99c0c14ab9d1f113d8304b3623940f4b57,,pending,,,,5
img_00007379,images/img_00007379.jpg,02_deepfirearm,deepfirearm,478bbb52b08115a115e4935d6534bc518b245218732074b7cc36028a1ef65d6e,,pending,,,,5
img_00007380,images/img_00007380.jpg,02_deepfirearm,deepfirearm,5120a937135645c51507571ca7959577b04126a60c402fa63aa0706810dc4c2e,,pending,,,,5
img_00007381,images/img_00007381.jpg,02_deepfirearm,deepfirearm,ede8fa0fc396c98111ab319fdf0fdab02324f2fc90e080bd5f482d98b3de676e,,pending,,,,5
img_00007382,images/img_00007382.jpg,02_deepfirearm,deepfirearm,9ef800184242bab1ad8755d14c9ed5d997469bf01c25c11031125249590bda91,,pending,,,,5
img_00007383,images/img_00007383.jpg,02_deepfirearm,deepfirearm,45ad19d364d4d39c4595febde8e9b035c03bd22b7e6e93faf07451b4f97bc069,,pending,,,,5
img_00007384,images/img_00007384.jpg,02_deepfirearm,deepfirearm,ca0348a48246fe703730579b16366c34fa7fa9ba9bed75e8f1377548ffb44224,,pending,,,,5
img_00007385,images/img_00007385.jpg,02_deepfirearm,deepfirearm,2df5a84edd7c7bbd2965072d53256661d9e909bd49c9182e3b755623129a4e94,,pending,,,,5
img_00007386,images/img_00007386.jpg,02_deepfirearm,deepfirearm,3bb8e92803d7f41e88c04db49dc6f9aebedd0a3b1431ffc5e68a184e63011369,,pending,,,,5
img_00007387,images/img_00007387.jpg,02_deepfirearm,deepfirearm,465509e9448798a4df2f7ca6ecb73f476a87db319ef2af1060fdce3e37f2b60f,,pending,,,,5
img_00007388,images/img_00007388.jpg,02_deepfirearm,deepfirearm,897ebe5e5ebb9cee8fc6dfbbb61378c1dcd9627f11fe4493b750f30e8cc03284,,pending,,,,5
img_00007389,images/img_00007389.jpg,02_deepfirearm,deepfirearm,3be8fb55980550f3e0570b52796245cd025a597602c73cf2f12a87e4e0802420,,pending,,,,5
img_00007390,images/img_00007390.jpg,02_deepfirearm,deepfirearm,301eb81f1b3ce733b364470e1d7ee56f861579ed3e50242a75b11401c94024e3,,pending,,,,5
img_00007391,images/img_00007391.jpg,02_deepfirearm,deepfirearm,d0b7370738f0628250c9a9a8c8a5d3153d252a91df62a1cf5ddc2989b29246f8,,pending,,,,5
img_00007392,images/img_00007392.jpg,02_deepfirearm,deepfirearm,84d71157a6736731db25836684d1f6abced9a25f4fee89821d0ce2f9585f2636,,pending,,,,5
img_00007393,images/img_00007393.jpg,02_deepfirearm,deepfirearm,5c53df924a40bac2a4b8d0ca51cdafd9b070f9cea5a662a9a4c248bc58c59345,,pending,,,,5
img_00007394,images/img_00007394.jpg,02_deepfirearm,deepfirearm,23b92b49da7f77a0ac5884ae9c8fb3a7aac2576dc8bcc5b314991884ad91e009,,pending,,,,5
img_00007395,images/img_00007395.jpg,02_deepfirearm,deepfirearm,9fb650c48dbc2d11a095b0eb2177246970e3a3578fcfd3baa0bc037a19c3dc1d,,pending,,,,5
img_00007396,images/img_00007396.jpg,02_deepfirearm,deepfirearm,81b788f3f6320a482ed053552a8f8931aa76c9f11d55fd2b71bfac04970b4a4a,,pending,,,,5
img_00007397,images/img_00007397.jpg,02_deepfirearm,deepfirearm,e2ae0cf1fb816f259c716a627b23689825aad37d415edfafd0c9919b75e9f101,,pending,,,,5
img_00007398,images/img_00007398.jpg,02_deepfirearm,deepfirearm,bf0b834d269fa5ef4b43b8e88380c7211076ddbe81b7642c6a5a106f993f322c,,pending,,,,5
img_00007399,images/img_00007399.jpg,02_deepfirearm,deepfirearm,ebbf3dd0f913e7970d0ed2447cd48994e419fd9366a8541d73ea6fa6e5f27f10,,pending,,,,5
img_00007400,images/img_00007400.jpg,02_deepfirearm,deepfirearm,2d61b520b8aebfa1eb639ca64d7ebffadd4d4a004ee522b8d1bbf83704081fb8,,pending,,,,5
img_00007401,images/img_00007401.jpg,02_deepfirearm,deepfirearm,2abce33c37219d4e2ddce343e2b2593794245bb37894a9b41615cd9abc9870d9,,pending,,,,5
img_00007402,images/img_00007402.jpg,02_deepfirearm,deepfirearm,3f44480961542ab15e78e123275ebb68d53ea86ac14220dd91379d6ee7d1e304,,pending,,,,5
img_00007403,images/img_00007403.jpg,02_deepfirearm,deepfirearm,7a3deed01c39a61f264787d596188fda0afc88b767c405cb82740541a5b770f2,,pending,,,,5
img_00007404,images/img_00007404.jpg,02_deepfirearm,deepfirearm,8518ebc7981738ce3816a3ca129d41429ef4c722e8c3ccfa9832714ed6580f37,,pending,,,,5
img_00007405,images/img_00007405.jpg,02_deepfirearm,deepfirearm,052ca3c6eda62456bf05a25a84a5ce54f46b7c2c2656aee2c192c4b05c9fc570,,pending,,,,5
img_00007406,images/img_00007406.jpg,02_deepfirearm,deepfirearm,a6eaaa5825e6b7fa6eadc38977dc9f40f8d48ac532cec73c5b6417fb4aa92708,,pending,,,,5
img_00007407,images/img_00007407.jpg,02_deepfirearm,deepfirearm,7144318e4218da77f4ef8bfb169ed7402fe98da780625334968b2dff873fdcf5,,pending,,,,5
img_00007408,images/img_00007408.jpg,02_deepfirearm,deepfirearm,68d90e9327684b68791dd9bc7d85fd0a0caf7abdc83e3126004eb948fa148259,,pending,,,,5
img_00007409,images/img_00007409.jpg,02_deepfirearm,deepfirearm,96448f2eb04a4ef877517d326f29f5ac29cbf4e650179d3cb156c66a3a426fd5,,pending,,,,5
img_00007410,images/img_00007410.jpg,02_deepfirearm,deepfirearm,ce64159fe6dd1d50cbdf667487e3be33ed291c9304b88fbe1dbdf4a3fb6b2d73,,pending,,,,5
img_00007411,images/img_00007411.jpg,02_deepfirearm,deepfirearm,c756a4d1f4697a74367702d960367ff4c7af9a292a2fdfb22e93f9a145cd0db9,,pending,,,,5
img_00007412,images/img_00007412.jpg,02_deepfirearm,deepfirearm,a60aabaf07e7e1b8b5b3b9949c9c267b3217aa439fb0a6a1ded7ae25f0c827a0,,pending,,,,5
img_00007413,images/img_00007413.jpg,02_deepfirearm,deepfirearm,51185b11bfb5bd0b46e68693032779cac5eeacc2aeb10d558585217abe5c32e5,,pending,,,,5
img_00007414,images/img_00007414.jpg,02_deepfirearm,deepfirearm,81e35b53c1aa3a6b242dcc6cba3cdf0b959f69b3cbcdf155f5a2f183db636a8d,,pending,,,,5
img_00007415,images/img_00007415.jpg,02_deepfirearm,deepfirearm,17aeb087b9c670f7c966cfa2da1a66f2317fb1a629522124c1d4a66963fb6d9a,,pending,,,,5
img_00007416,images/img_00007416.jpg,02_deepfirearm,deepfirearm,eca7d8ead184231bfffe2bd10829f65f6d8e96f27c679a3cf08a64ae85dac18c,,pending,,,,5
img_00007417,images/img_00007417.jpg,02_deepfirearm,deepfirearm,32292810184992ad6a202cc44d584f190ee11506ee0d680d20bc5abb1dbc072e,,pending,,,,5
img_00007418,images/img_00007418.jpg,02_deepfirearm,deepfirearm,765ede1a2063b0179a49957cbfb87d11bebd21b4f7a5a20a943e9d458fb27def,,pending,,,,5
img_00007419,images/img_00007419.jpg,02_deepfirearm,deepfirearm,665c180c296a2c74b09b0b84eb77d09b3ed5d4d9e26c276a14ffe03ea16d4c71,,pending,,,,5
img_00007420,images/img_00007420.jpg,02_deepfirearm,deepfirearm,108e4ea86c2d8e884087183aca6addd24643b010401f7cc296d6bf5546ee0e7e,,pending,,,,5
img_00007421,images/img_00007421.jpg,02_deepfirearm,deepfirearm,0dd65de9bf07394b94d5e3cdf6184bf877beb6c920e9d71b8879cd7280c2d0fe,,pending,,,,5
img_00007422,images/img_00007422.jpg,02_deepfirearm,deepfirearm,b11df146fdeaca2b56847880c596493faf9dc574ad7a8e8e7ea07a7cefb6f744,,pending,,,,5
img_00007423,images/img_00007423.jpg,02_deepfirearm,deepfirearm,ec0d124d9b53d9476abf250081f8afa25afcafad16ca9219d3ee76370704e96c,,pending,,,,5
img_00007424,images/img_00007424.jpg,02_deepfirearm,deepfirearm,c1a6e794877c2c79ed73585abe7d1edeb2084cf09b0579d11bbe4b0183667981,,pending,,,,5
img_00007425,images/img_00007425.jpg,02_deepfirearm,deepfirearm,5eab944b1a4ebb803e51da986079bbc719df3852b810290469b14ffccaed756d,,pending,,,,5
img_00007426,images/img_00007426.jpg,02_deepfirearm,deepfirearm,b75d683fbf78c94d52d6a05edc41637ad1077bbc47d2726778b54a27d997c3b3,,pending,,,,5
img_00007427,images/img_00007427.jpg,02_deepfirearm,deepfirearm,8a942b918668d88ae1e6a8769362f3bee49a71e6acadf7044e2c1d7f339a8650,,pending,,,,5
img_00007428,images/img_00007428.jpg,02_deepfirearm,deepfirearm,73a64359b9dbda8389f3118787a9c1f642a1a14d309dd4c7d3abecb5ecf28c7c,,pending,,,,5
img_00007429,images/img_00007429.jpg,02_deepfirearm,deepfirearm,a6230c2a535abe757ad6ca2e9d2da38bed1f4417d8252957548a4dbb1ff32a62,,pending,,,,5
img_00007430,images/img_00007430.jpg,02_deepfirearm,deepfirearm,9a43c881ea3cb588bdff6c68ff8a44cde2657fa5974d59a7e3f77775e22b1faa,,pending,,,,5
img_00007431,images/img_00007431.jpg,02_deepfirearm,deepfirearm,06f2b272068e0f0d19e69a114ad6fd64210e090b64dac87ddba9e228f7c8f059,,pending,,,,5
img_00007432,images/img_00007432.jpg,02_deepfirearm,deepfirearm,d7a25684cc8fe63a7324be2959aa4c8d4e36aba598774c492d11159d5fac3c90,,pending,,,,5
img_00007433,images/img_00007433.jpg,02_deepfirearm,deepfirearm,8e4e03ff25786c91c295668521858036acf3f86af27a943c005434fb91f1c4c8,,pending,,,,5
img_00007434,images/img_00007434.jpg,02_deepfirearm,deepfirearm,740a716995a89b5d1f4a2ec927860e680173c04c0e456e22adeebada0a328f76,,pending,,,,5
img_00007435,images/img_00007435.jpg,02_deepfirearm,deepfirearm,d0b5d05c73ea783ac503020b65c48b05aab4926e6339baa2906aac4f4cdc4d1c,,pending,,,,5
img_00007436,images/img_00007436.jpg,02_deepfirearm,deepfirearm,a9b767cb16cd550454047c385801f747ad8d5b50fc2476e90b703d31eac79865,,pending,,,,5
img_00007437,images/img_00007437.jpg,02_deepfirearm,deepfirearm,5bceb6adea41025e63bbd7e163d84fa9ad1401f56208e652a3e61b14a69625ea,,pending,,,,5
img_00007438,images/img_00007438.jpg,02_deepfirearm,deepfirearm,5cec8c70afa7a0108e93719fdece787f17e491431edb8644bf16cee4a046be95,,pending,,,,5
img_00007439,images/img_00007439.jpg,02_deepfirearm,deepfirearm,47ea98dad29d4f7523886030d976f20c4475d4ea57af05fe28f33d2a0fbb2a1b,,pending,,,,5
img_00007440,images/img_00007440.jpg,02_deepfirearm,deepfirearm,f695cf4d5161bac0b568ef6a910eedb240f82b15184c2f079e29351ae6af1a45,,pending,,,,5
img_00007441,images/img_00007441.jpg,02_deepfirearm,deepfirearm,beb36c637bba1dab2176c821dc010416bf27fbe20becc24932fbf282f57835f5,,pending,,,,5
img_00007442,images/img_00007442.jpg,02_deepfirearm,deepfirearm,cad93ccc6f15a1a7951dcaebfd4673998a159615bdd395460da6be69e85e6468,,pending,,,,5
img_00007443,images/img_00007443.jpg,02_deepfirearm,deepfirearm,991e819ca6d7ad25a7264299256fb49852ba653c3627219d8ab88c055f72c449,,pending,,,,5
img_00007444,images/img_00007444.jpg,02_deepfirearm,deepfirearm,0a02309a86f87bf7d1ab57e1bf853c9e8cd6fe44c0eb15c7913ffa408db1b221,,pending,,,,5
img_00007445,images/img_00007445.jpg,02_deepfirearm,deepfirearm,32522ecbfd73e1019c425502cf5bf6ca02ee2bb32d43da5a11eb6d46f2a6d64f,,pending,,,,5
img_00007446,images/img_00007446.jpg,02_deepfirearm,deepfirearm,1144d4f4c52cf89996d42460b1017b9fe1a44b5c73fe8b68bdf9771d760b8cc6,,pending,,,,5
img_00007447,images/img_00007447.jpg,02_deepfirearm,deepfirearm,97c9fb304d086da3244b1f15bfed458327d82b4b811063813dffedee2fc6ae35,,pending,,,,5
img_00007448,images/img_00007448.jpg,02_deepfirearm,deepfirearm,93cf61ff05bb631ddd5a2527a98fc2b8d484c1a4f61162a163e86bcc1659061d,,pending,,,,5
img_00007449,images/img_00007449.jpg,02_deepfirearm,deepfirearm,dc7e2bb1fa6f20b7e71f35bb233bae2d096c9a2893e124caa1a1778095b57299,,pending,,,,5
img_00007450,images/img_00007450.jpg,02_deepfirearm,deepfirearm,9ade47c09d8c4001e4d3ad01c7c9d773474eb5ddf58f11102c652c0614ec04e0,,pending,,,,5
img_00007451,images/img_00007451.jpg,02_deepfirearm,deepfirearm,0c78a3b109ab0fde71835a5e020694c6cbfbfe77734ef4419218624e995bb5d6,,pending,,,,5
img_00007452,images/img_00007452.jpg,02_deepfirearm,deepfirearm,e171405bdc5134ee64466af14a3fe10d1ec199963f42cd2b4688722162e97d80,,pending,,,,5
img_00007453,images/img_00007453.jpg,02_deepfirearm,deepfirearm,a569a1f7ff5ed1438d854f12a850456bd1c1b12c15118a33c1044082002fa4f0,,pending,,,,5
img_00007454,images/img_00007454.jpg,02_deepfirearm,deepfirearm,d32706a05b225fa63c32d5f33f46d9f497e1109bf359a332db95601731f5e11c,,pending,,,,5
img_00007455,images/img_00007455.jpg,02_deepfirearm,deepfirearm,48f2728259b8d266501f0916b99e36b01df4a01fd1f3555e402463fb1a4142c2,,pending,,,,5
img_00007456,images/img_00007456.jpg,02_deepfirearm,deepfirearm,42e424299e59f38413b2e611af24f03d02b93f7f263d494a8afa21874d2dfe98,,pending,,,,5
img_00007457,images/img_00007457.jpg,02_deepfirearm,deepfirearm,f3021f071677dea48fa86caeedac3379f9d3bd06ed25dd883d4b4bee990df9cd,,pending,,,,5
img_00007458,images/img_00007458.jpg,02_deepfirearm,deepfirearm,214e8ab768a985e18739ef04dcd868913ed0998f5a9c524e53eda93ffe0ae47b,,pending,,,,5
img_00007459,images/img_00007459.jpg,02_deepfirearm,deepfirearm,be96dd2ddc45d8e1a4b36ee03dd962b38e1600739c3c8f7efb063043784db237,,pending,,,,5
img_00007460,images/img_00007460.jpg,02_deepfirearm,deepfirearm,ae62a5595839df1ba4977343b786f1e1112767636b186fe15df24298f1dded51,,pending,,,,5
img_00007461,images/img_00007461.jpg,02_deepfirearm,deepfirearm,f80ca111480088f408c980a53b4a656cd700051089ad7a2d85d2d1b61fb270d4,,pending,,,,5
img_00007462,images/img_00007462.jpg,02_deepfirearm,deepfirearm,138d0212d20fed7a14ea52ba099b39883fd4770c35bdaef0491c49db9adf9ade,,pending,,,,5
img_00007463,images/img_00007463.jpg,02_deepfirearm,deepfirearm,8354f0b65b90a9315ba855a156e202240dd7048d2ff7127a8b201bb32ec8ec85,,pending,,,,5
img_00007464,images/img_00007464.jpg,02_deepfirearm,deepfirearm,922d50ca11e7de0166ef935a8669b82c1280a88cd7ec52d0d0b7591160aa5caf,,pending,,,,5
img_00007465,images/img_00007465.jpg,02_deepfirearm,deepfirearm,0ec53a0f6185168b05c8719087285ce909f343a18ae90ca98f03c08e18156713,,pending,,,,5
img_00007466,images/img_00007466.jpg,02_deepfirearm,deepfirearm,9daefda15496ca94bd795fad9a9abdcf1334c32ea13b27dcc86a656aeabf1417,,pending,,,,5
img_00007467,images/img_00007467.jpg,02_deepfirearm,deepfirearm,dd739ebffdc1d6cba0ead472453709cb65f0685e7f371fdd283bbb1966543ec9,,pending,,,,5
img_00007468,images/img_00007468.jpg,02_deepfirearm,deepfirearm,59ac49e38dcaf0cf3b904346207214d17d578fa3f6e88b68d9c94d92a69919fd,,pending,,,,5
img_00007469,images/img_00007469.jpg,02_deepfirearm,deepfirearm,9667ada858b522503d6ae76e815ab0baf325c027e7e5acfe73fcc0f5a9707e09,,pending,,,,5
img_00007470,images/img_00007470.jpg,02_deepfirearm,deepfirearm,fcbe1deaa4b1c42e5e74b36858efb824d4cae4afa5c3f6335a919fe5e9a97cf8,,pending,,,,5
img_00007471,images/img_00007471.jpg,02_deepfirearm,deepfirearm,7b450fee9a5483e0b186a85bff85b4efc88982a96c9c3a1b359cd96a9cf14c6c,,pending,,,,5
img_00007472,images/img_00007472.jpg,02_deepfirearm,deepfirearm,9c98362a7926a0c49574cb4d548a126b7f35bc207ff93ec7de01fdc83e500a13,,pending,,,,5
img_00007473,images/img_00007473.jpg,02_deepfirearm,deepfirearm,84a209403bb721379508a193dbdaafac5d1c746b91663dcb885156842d6181c2,,pending,,,,5
img_00007474,images/img_00007474.jpg,02_deepfirearm,deepfirearm,fa21ae148925f376c7471b28e41e11bab505fa5f7b68d33e7cd6e3730211de7b,,pending,,,,5
img_00007475,images/img_00007475.jpg,02_deepfirearm,deepfirearm,3f1f464aca40ee2fbaaebe6186db1afbc06156ab6ba0c0a66687466ffc1e75f1,,pending,,,,5
img_00007476,images/img_00007476.jpg,02_deepfirearm,deepfirearm,f6249a7fe6414cdd332f7979290ed88a637aaab1743b5c298417a41b7966ba01,,pending,,,,5
img_00007477,images/img_00007477.jpg,02_deepfirearm,deepfirearm,1c247843e3a44aefce0cecc517d634f474ce0b8d8bee68296ed3780c33fef7c5,,pending,,,,5
img_00007478,images/img_00007478.jpg,02_deepfirearm,deepfirearm,f8bc2ca4af60994808f7b631a62f9135ae1ab4d4f3c2f918e773040b517cd9b2,,pending,,,,5
img_00007479,images/img_00007479.jpg,02_deepfirearm,deepfirearm,8aa28213ee9c98b0b36b83856195eb21c33674666204ab38bef584448ab805c3,,pending,,,,5
img_00007480,images/img_00007480.jpg,02_deepfirearm,deepfirearm,d6873d7864438c3183a420b9bc32e309d384b7330d224ae3ce5fa85c04b682a9,,pending,,,,5
img_00007481,images/img_00007481.jpg,02_deepfirearm,deepfirearm,46752ea67c8e45c0bcc52dba0716b65430c9a09edf6c0ce7546dfa2a56017fe1,,pending,,,,5
img_00007482,images/img_00007482.jpg,02_deepfirearm,deepfirearm,7d24d89e5b2c02ce9ab764d0a3172206aee8e7150fa92e8691b68f2687c7b25d,,pending,,,,5
img_00007483,images/img_00007483.jpg,02_deepfirearm,deepfirearm,8e494024051eb30319fbcd1d3ba72c81454a1e81941f2efae2e94d4b4b3f64f6,,pending,,,,5
img_00007484,images/img_00007484.jpg,02_deepfirearm,deepfirearm,de1f15487a990d91e3876652f08ee92f449f5e1c6a5f26a87b4f8aa01bb98b62,,pending,,,,5
img_00007485,images/img_00007485.jpg,02_deepfirearm,deepfirearm,2d072cc22c841778959d4f824cf61a556b872c8769ccbfe8b6242124e5aaab70,,pending,,,,5
img_00007486,images/img_00007486.jpg,02_deepfirearm,deepfirearm,167abbbe3b84c3d33335897814250087ead51ff1ed6c224efbca63cf133cd1b1,,pending,,,,5
img_00007487,images/img_00007487.jpg,02_deepfirearm,deepfirearm,e83ea40cba674ec000960ab6c736fc561d1118d3fb3e43e040ee81274187852f,,pending,,,,5
img_00007488,images/img_00007488.jpg,02_deepfirearm,deepfirearm,429f786472eb6c4e42cc71d148046dc1353cbc202cb787d89f5f16090bd041e1,,pending,,,,5
img_00007489,images/img_00007489.jpg,02_deepfirearm,deepfirearm,e28da3f2ca8b7a36cf37ee92b93243273f343724536a66bf2adafd1b4eaa212e,,pending,,,,5
img_00007490,images/img_00007490.jpg,02_deepfirearm,deepfirearm,40f0cdf9f2dd85b022347ca5beb0c87c6c9641e24505bc5e1fcc278e743a876b,,pending,,,,5
img_00007491,images/img_00007491.jpg,02_deepfirearm,deepfirearm,58f8eaec89cc3310bf59f50a6d173451ea0967d2349629d2ef54e12554acdb3a,,pending,,,,5
img_00007492,images/img_00007492.jpg,02_deepfirearm,deepfirearm,27cb17443a80e2938919761f2c9d1376c3dfc1e281cbc0de1d06b750514a828e,,pending,,,,5
img_00007493,images/img_00007493.jpg,02_deepfirearm,deepfirearm,1e406408b1dcb91e79e93c40115779b40a98e97828095862b400a9e639ebfbb8,,pending,,,,5
img_00007494,images/img_00007494.jpg,02_deepfirearm,deepfirearm,486855eed041a5589cf0030c258cda6a8d43d45c8b181975e02277089f5259c3,,pending,,,,5
img_00007495,images/img_00007495.jpg,02_deepfirearm,deepfirearm,8a77952a26fa670f710e81899c8680c09ec7cb0572f25536e8c8deec7c1f057f,,pending,,,,5
img_00007496,images/img_00007496.jpg,02_deepfirearm,deepfirearm,2ce4fab2aa1c25e36ee38c61bd89db12e142fd999cf3596f1dfcf09ab2956231,,pending,,,,5
img_00007497,images/img_00007497.jpg,02_deepfirearm,deepfirearm,b84fa931db59f337699778fe8ca0d48f5d67d188a51b604e8e972708bb30764b,,pending,,,,5
img_00007498,images/img_00007498.jpg,02_deepfirearm,deepfirearm,bd918fdeb1ff72c6658e419a0eea8d2ff5b64049c08c74e64b38c986bd13ee97,,pending,,,,5
img_00007499,images/img_00007499.jpg,02_deepfirearm,deepfirearm,687b55191c5f4320da5129dbff852da8bd691412f401bfe6fae119ed9839459d,,pending,,,,5
img_00007500,images/img_00007500.jpg,02_deepfirearm,deepfirearm,aace94bc1131a64da6c7b30b6cfea590480b8d74de97a9e9738ddc607499f247,,pending,,,,5
img_00007501,images/img_00007501.jpg,02_deepfirearm,deepfirearm,ad4623a24a670e287583202ece1ceb28abe9d6bc6ba28a6ce7d9ef55a4035594,,pending,,,,5
img_00007502,images/img_00007502.jpg,02_deepfirearm,deepfirearm,b981bb39b183edabeda33b9ef3732f1d8444462ba2fa73f05a821de0aa038ba7,,pending,,,,5
img_00007503,images/img_00007503.jpg,02_deepfirearm,deepfirearm,bbdce17776e10a6edff1f1aac89228570cab6e53a51a0c37c7f0717f5e93bca4,,pending,,,,5
img_00007504,images/img_00007504.jpg,02_deepfirearm,deepfirearm,1872d8bcdf4c8b051926fa76270c5e0222ac78380902925225e581e07eb78000,,pending,,,,5
img_00007505,images/img_00007505.jpg,02_deepfirearm,deepfirearm,679e70dd576cc50a63e9cf8423da1573a37b32e6fca5ab573fa8c8ffc2c893d1,,pending,,,,5
img_00007506,images/img_00007506.jpg,02_deepfirearm,deepfirearm,e5582c50a291a39ca5e04d495d080328d57ddd56fe773a904ef086d224e58df5,,pending,,,,5
img_00007507,images/img_00007507.jpg,02_deepfirearm,deepfirearm,29bcbf870d4a0ed04918b5ade2d0548ad2db5aa8803cc6f9cc810647fd294584,,pending,,,,5
img_00007508,images/img_00007508.jpg,02_deepfirearm,deepfirearm,3f442a53240c15354bded6475006232b36204182d4e01473e46f8bf3b403e535,,pending,,,,5
img_00007509,images/img_00007509.jpg,02_deepfirearm,deepfirearm,2c9ea149bbf5aca414f659eec629f40456becd48ce458263e1e7a97e76ea83c8,,pending,,,,5
img_00007510,images/img_00007510.jpg,02_deepfirearm,deepfirearm,89d19f632157b002bd8970266f0df976ff7a7963011591e8dacc0cc90adeeef1,,pending,,,,5
img_00007511,images/img_00007511.jpg,02_deepfirearm,deepfirearm,1ff2ca98c65c1e444dd43d9ceb16c9d23e44738f833a02bce1cdba368dc3460c,,pending,,,,5
img_00007512,images/img_00007512.jpg,02_deepfirearm,deepfirearm,ca87f512bf38f87fca7f91e76816661429ab48c02b4d7b18d7e7344f0a2f2f7e,,pending,,,,5
img_00007513,images/img_00007513.jpg,02_deepfirearm,deepfirearm,9a164586f04b983d0a441a13205201e6c2dc9c8d2c0caad956ec8528c9b5765e,,pending,,,,5
img_00007514,images/img_00007514.jpg,02_deepfirearm,deepfirearm,836a5fadc3e9e942e6635cfacb1fe4a304dbf9336f8125388fad3bd2689087d6,,pending,,,,5
img_00007515,images/img_00007515.jpg,02_deepfirearm,deepfirearm,89ae5bf2b5978057bf699313736f095ec1a1dccf34b7dedae18e1f0b866b6086,,pending,,,,5
img_00007516,images/img_00007516.jpg,02_deepfirearm,deepfirearm,6d3f3f251513476cee88d1710a3970ee9102bf841e0643cba28276041f9f9619,,pending,,,,5
img_00007517,images/img_00007517.jpg,02_deepfirearm,deepfirearm,a7f7404736d42fe5463162a6a132cf97b99a378aea0ee5eeea44220719cbb9a6,,pending,,,,5
img_00007518,images/img_00007518.jpg,02_deepfirearm,deepfirearm,c6c0ec1dcafe32157e78b0dc70a4a10d04c9b4597fbdaa1648e6b242f633d3e3,,pending,,,,5
img_00007519,images/img_00007519.jpg,02_deepfirearm,deepfirearm,de1b0d706d70712480677df6a95b8447c966615258385d5ffc2541d60a62bd06,,pending,,,,5
img_00007520,images/img_00007520.jpg,02_deepfirearm,deepfirearm,fc813e950b7b430e18432b23e0180aee8336fb83b39f320d03766063e6dda574,,pending,,,,5
img_00007521,images/img_00007521.jpg,02_deepfirearm,deepfirearm,783a227ab97d062a901118efd34b8801ed554c91de612475e277dcd980c69f94,,pending,,,,5
img_00007522,images/img_00007522.jpg,02_deepfirearm,deepfirearm,7462eb5a235d3d920371342bc25e48f2d906966e8de2c4bf4f6ac485781bd33a,,pending,,,,5
img_00007523,images/img_00007523.jpg,02_deepfirearm,deepfirearm,4c5ccecfd516a8f0bcfbc6199e16d7232f360d64476fdddcc36ff94a33dc5011,,pending,,,,5
img_00007524,images/img_00007524.jpg,02_deepfirearm,deepfirearm,fecade87afae9d7749705eb72456f46311f96551acb7eabcc1c29e35ec5aabd0,,pending,,,,5
img_00007525,images/img_00007525.jpg,02_deepfirearm,deepfirearm,8578ea69747f6c044352e1d490adba429539d6ce2ded0a0ad92778d7929137ab,,pending,,,,5
img_00007526,images/img_00007526.jpg,02_deepfirearm,deepfirearm,6a3a95651f92982d035cdb09ae39f118ded41b06d0b991668d33d7ae80c37840,,pending,,,,5
img_00007527,images/img_00007527.jpg,02_deepfirearm,deepfirearm,f143de14cf991366be4aaa0a0e6f95a2af30a7d972f5f98163591e466371418f,,pending,,,,5
img_00007528,images/img_00007528.jpg,02_deepfirearm,deepfirearm,06d99135110ab354648dee45f026f971e2cc37184c035a302ef0f53a306d3f4f,,pending,,,,5
img_00007529,images/img_00007529.jpg,02_deepfirearm,deepfirearm,dd9fb83a57895540cafd26f8faf11953c1327b8a2854094c8dd4805f47bcf5eb,,pending,,,,5
img_00007530,images/img_00007530.jpg,02_deepfirearm,deepfirearm,6fe4f6a5f2c1d02a33c8e335e797c82952468dad92d7cef0879b53a81cd1c048,,pending,,,,5
img_00007531,images/img_00007531.jpg,02_deepfirearm,deepfirearm,5fbc58cc01022bb5be860cbb4f91f86981e3167f5f227713eb49a5876d5ac300,,pending,,,,5
img_00007532,images/img_00007532.jpg,02_deepfirearm,deepfirearm,9463bddf770732e00e142444bd1a47377a5abd8c264bd33ed82c403a463ab8c4,,pending,,,,5
img_00007533,images/img_00007533.jpg,02_deepfirearm,deepfirearm,cd1516f345a3f2fb018f9117aad783b1a0567c43d43233ca6eda91ef74e3f9a2,,pending,,,,5
img_00007534,images/img_00007534.jpg,02_deepfirearm,deepfirearm,013b45170457744ef1172f7d22c86a32d4911c18bd278904deeca393130b0090,,pending,,,,5
img_00007535,images/img_00007535.jpg,02_deepfirearm,deepfirearm,d534422235a4c12e48038fc5aca0150aebbfb0e1bc4df33d1199762382ac2a09,,pending,,,,5
img_00007536,images/img_00007536.jpg,02_deepfirearm,deepfirearm,aaac7e7df76c07d63e85ed4d5e5770a161cf609f81b75e9314d6a72c10c43fda,,pending,,,,5
img_00007537,images/img_00007537.jpg,02_deepfirearm,deepfirearm,ea6effb68425918d3daa72b1f910f1b960fa57ffea9ad1e435c1c7b139c0ecbe,,pending,,,,5
img_00007538,images/img_00007538.jpg,02_deepfirearm,deepfirearm,2c34e4377be448f67ec808b043925e89430413aa7cb63e8a57010e5fc1274979,,pending,,,,5
img_00007539,images/img_00007539.jpg,02_deepfirearm,deepfirearm,1b2f05bf3009346385fddcbb69edb8c6e99bcc458ae49e78236b863d94e4d977,,pending,,,,5
img_00007540,images/img_00007540.jpg,02_deepfirearm,deepfirearm,80232101228168a5fff8eb5664ef3889673485049a9d4cbb7078f28fb008fe0a,,pending,,,,5
img_00007541,images/img_00007541.jpg,02_deepfirearm,deepfirearm,1ba1e430ce7fa0c1e315f4640936f9e39856f35e4f1dd60b8d2217cade920519,,pending,,,,5
img_00007542,images/img_00007542.jpg,02_deepfirearm,deepfirearm,b7fd29c822eb3dbbeeb543e957e1d85132e0cc169883d62e58b6602c77e5e445,,pending,,,,5
img_00007543,images/img_00007543.jpg,02_deepfirearm,deepfirearm,3d426b8936e93194ec688caf5c1ffcb06183aaa97bdebb298300070fcdb9d4a8,,pending,,,,5
img_00007544,images/img_00007544.jpg,02_deepfirearm,deepfirearm,0f5ed7bf020d535f683154d0c84df9b3eac43acdbf8234fdb5a3d308c2ea0af4,,pending,,,,5
img_00007545,images/img_00007545.jpg,02_deepfirearm,deepfirearm,0a85af51ee54ae4d72d7e6d2f65e7699a19cc2821919309206834a11cc9252d3,,pending,,,,5
img_00007546,images/img_00007546.jpg,02_deepfirearm,deepfirearm,2dd16ff7deb4f7a41167c47295e9bbf3d9b03c5845e97e18eabd3703d3d95cca,,pending,,,,5
img_00007547,images/img_00007547.jpg,02_deepfirearm,deepfirearm,7b584390cba0051f4d25d89ad58105a41a2cf1a0344e38ac0445beeb5905dcb0,,pending,,,,5
img_00007548,images/img_00007548.jpg,02_deepfirearm,deepfirearm,c4d3ebdfdb4861be1e296c6ec45c363a0439f81403271ca628debe6b70babece,,pending,,,,5
img_00007549,images/img_00007549.jpg,02_deepfirearm,deepfirearm,261ec306b96fb6bfcb67192d5719fbfcd3262c56cab5fbf2003d3f0b5f2f78e7,,pending,,,,5
img_00007550,images/img_00007550.jpg,02_deepfirearm,deepfirearm,518f59fb472d46e7a4137d5f0078cfe6444d141c6beccab37f7675750ab9edff,,pending,,,,5
img_00007551,images/img_00007551.jpg,02_deepfirearm,deepfirearm,c2e895f165691aa410cd06c4003adb4442ae9625f9fc83e89a166e2e9150c827,,pending,,,,5
img_00007552,images/img_00007552.jpg,02_deepfirearm,deepfirearm,14a0aa2cb1c6fc1aa4c71fd7c0f560a61103f225a1ae2d00664da5662685fec5,,pending,,,,5
img_00007553,images/img_00007553.jpg,02_deepfirearm,deepfirearm,1879a5e99c123f959b349eb2dcc3b581a3bd1aab6ea59566bbff30caf5beb44f,,pending,,,,5
img_00007554,images/img_00007554.jpg,02_deepfirearm,deepfirearm,4231634210ec32865a614c80721e0e705f4834f16b449ac551e3fb7ed953dbaa,,pending,,,,5
img_00007555,images/img_00007555.jpg,02_deepfirearm,deepfirearm,9f399c5db94dd27e36d09640ba3263c026454f6019380aedc8d8a52522533da1,,pending,,,,5
img_00007556,images/img_00007556.jpg,02_deepfirearm,deepfirearm,ae33c8f0b026453b83e7e9904067bd8d25321555403d9b19ca82c855bc2cee33,,pending,,,,5
img_00007557,images/img_00007557.jpg,02_deepfirearm,deepfirearm,420084c22a880613345c285246c3a92230e7e1d4fe0102fd4d01a9f2e2610c38,,pending,,,,5
img_00007558,images/img_00007558.jpg,02_deepfirearm,deepfirearm,656aca16ad0b65cefe4da0bcbae55ef91226235e4ae75f172a68cf8560035724,,pending,,,,5
img_00007559,images/img_00007559.jpg,02_deepfirearm,deepfirearm,385d661fb6e9d7637f5c7b4bb68dc592c3cb5179d71bbd20aaf55d2903100d95,,pending,,,,5
img_00007560,images/img_00007560.jpg,02_deepfirearm,deepfirearm,bc23f623b37f0d57b981050b2976bbb8fbbb811df84351ba1392dc6cc52cba04,,pending,,,,5
img_00007561,images/img_00007561.jpg,02_deepfirearm,deepfirearm,c3b83cfd079de95b661eb258e639a637782fb7cbdfbedf8b3f9f3b16b048d0b0,,pending,,,,5
img_00007562,images/img_00007562.jpg,02_deepfirearm,deepfirearm,dc68b7d5d76dce07bd4cbf8aaa491945b00f5d51f13cd6a6a1b3470f68cb4c14,,pending,,,,5
img_00007563,images/img_00007563.jpg,02_deepfirearm,deepfirearm,8a19df7484842a275cca6162db41d6084d191ccf6f944cc016c70a2fd4c71769,,pending,,,,5
img_00007564,images/img_00007564.jpg,02_deepfirearm,deepfirearm,5add738c63cb4502d14f0a88533a572229d3cb03df372783ab60b4a404c34768,,pending,,,,5
img_00007565,images/img_00007565.jpg,02_deepfirearm,deepfirearm,c334fe4d9f891de0229e41a8c78a2a8db8646020343f0dab0be9c43e6a326c4f,,pending,,,,5
img_00007566,images/img_00007566.jpg,02_deepfirearm,deepfirearm,1fe4199fa7d259f6e14a298ce9315f946840e6341066963941f57ad9c214482d,,pending,,,,5
img_00007567,images/img_00007567.jpg,02_deepfirearm,deepfirearm,b579fe5209dd2c21058cd3eb34fb0229b7bcb65642a86f5840039612801202ad,,pending,,,,5
img_00007568,images/img_00007568.jpg,02_deepfirearm,deepfirearm,fb1f8ed7181af1ccf5d7299887db901c4ed503796c799a2cd01d5e4552e9e9fe,,pending,,,,5
img_00007569,images/img_00007569.jpg,02_deepfirearm,deepfirearm,bb16e3be0633e496e0891aacb30f3bb9b93d974c2bbde4458d12a683f2ae7881,,pending,,,,5
img_00007570,images/img_00007570.jpg,02_deepfirearm,deepfirearm,eb79c362ca9e9967c2189898710dae702894cc8d6c3c8340ef6c877794f755e1,,pending,,,,5
img_00007571,images/img_00007571.jpg,02_deepfirearm,deepfirearm,e7f6e91402e1ef6aa071fcdedb6c8dec52b21175117471ae70c86a4fa07218e0,,pending,,,,5
img_00007572,images/img_00007572.jpg,02_deepfirearm,deepfirearm,e1befbefe1baca298f0e35a4d8ff24a2c539e1f87f12d62dd65addffdfa5662c,,pending,,,,5
img_00007573,images/img_00007573.jpg,02_deepfirearm,deepfirearm,d360f3e293bdba78829112787c5774a9f8153f0430b74b7dcf01b7adc535e570,,pending,,,,5
img_00007574,images/img_00007574.jpg,02_deepfirearm,deepfirearm,877f6986ad1152c6c3e9b4a644a8bdfa41f49bdf9fd627e9dbe6c1f7de4cbac2,,pending,,,,5
img_00007575,images/img_00007575.jpg,02_deepfirearm,deepfirearm,cf7a851f815ed53513531d8e6a1814420a435d67ff35d911ac336d5427bbd36c,,pending,,,,5
img_00007576,images/img_00007576.jpg,02_deepfirearm,deepfirearm,8f548556eff7b8c3f14b5894ba1cefa8490dbf01e97fc856f7789fa486d44344,,pending,,,,5
img_00007577,images/img_00007577.jpg,02_deepfirearm,deepfirearm,96c2d088b69965050a918383970ec2a32bba0a9f614642100a8a4996b5106da0,,pending,,,,5
img_00007578,images/img_00007578.jpg,02_deepfirearm,deepfirearm,996652a9ca2e1a2a6ced159f9e0639740ed4b13538dc75304192cd33b9afc128,,pending,,,,5
img_00007579,images/img_00007579.jpg,02_deepfirearm,deepfirearm,bbc45dbc4ebfbdcd0c31742182fce1fadfb578cc6499aaf2fb7589fd1a6d1bc1,,pending,,,,5
img_00007580,images/img_00007580.jpg,02_deepfirearm,deepfirearm,39b004d5fb9baac3976e9de76b4c77d75838fe0a8474038b9633cad33d5a4251,,pending,,,,5
img_00007581,images/img_00007581.jpg,02_deepfirearm,deepfirearm,f0dbaaa06624c7871ef718e9906b57cb7b512456d5c51bd9fca03f60b1ec0f87,,pending,,,,5
img_00007582,images/img_00007582.jpg,02_deepfirearm,deepfirearm,0fcdd0fe97b081b7a582f77d9cf296c948b914be03d72a6570756287b533724f,,pending,,,,5
img_00007583,images/img_00007583.jpg,02_deepfirearm,deepfirearm,67fac0c75c434b4a2431d82111bea66249727448d0617976807b5b3d1dcd373e,,pending,,,,5
img_00007584,images/img_00007584.jpg,02_deepfirearm,deepfirearm,a428f30ecedd6833249c272f3f9d1025984a599090005939c3862fe0b540ce8b,,pending,,,,5
img_00007585,images/img_00007585.jpg,02_deepfirearm,deepfirearm,bcdfad29eb31618760e286b152569e53aee3d1f4a1accd9a81714dcb2f2ba1f4,,pending,,,,5
img_00007586,images/img_00007586.jpg,02_deepfirearm,deepfirearm,46f1715d04b09b82ab4b3aa207adf7eefbbd09df788615acb8661728b991d081,,pending,,,,5
img_00007587,images/img_00007587.jpg,02_deepfirearm,deepfirearm,465c675e297348fc84e2414df5a49fb1aad60e2a31b71a3e658db67dca9a49d0,,pending,,,,5
img_00007588,images/img_00007588.jpg,02_deepfirearm,deepfirearm,2ea68d7e6e55b7d1fba07986066897f923df13202f424bb869075a6f69a66906,,pending,,,,5
img_00007589,images/img_00007589.jpg,02_deepfirearm,deepfirearm,72153ee970d9edad718f729cbc1ef3eceb5bd9067bb63152dd1accc7f69f67fa,,pending,,,,5
img_00007590,images/img_00007590.jpg,02_deepfirearm,deepfirearm,a948d561d92da7d541b6aea861dd000e652b09ed31fdbe3cc1240fa804aa1a30,,pending,,,,5
img_00007591,images/img_00007591.jpg,02_deepfirearm,deepfirearm,b999d41cc454b3f2d748ff1a6d95138df897285eb6e1ea73a7f0dc20de6c2aa8,,pending,,,,5
img_00007592,images/img_00007592.jpg,02_deepfirearm,deepfirearm,fdde6976c520aa3200234ed2ac563c796000f04b7048e2c9e03f6a6fbeca51e5,,pending,,,,5
img_00007593,images/img_00007593.jpg,02_deepfirearm,deepfirearm,7b8f0ebe9c8f17b644e854a28d5803174541a1bfbde8d18c7d162c8860dc9025,,pending,,,,5
img_00007594,images/img_00007594.jpg,02_deepfirearm,deepfirearm,8791c294c651a59d6430f5d8b0be1ddbea0bd6b55fb4ef2acd526adbaa7b5798,,pending,,,,5
img_00007595,images/img_00007595.jpg,02_deepfirearm,deepfirearm,21ae8f25712b742b163514993fae3f337af4b7caa327941dbf17897d8bcd0de5,,pending,,,,5
img_00007596,images/img_00007596.jpg,02_deepfirearm,deepfirearm,00a8f38e4c3ac3243d014ca5733923c86ae743e6efd3232994e194874c53a116,,pending,,,,5
img_00007597,images/img_00007597.jpg,02_deepfirearm,deepfirearm,b1d92f15b92bae0475f50090361bc294d65ba2a2bf07dac6dbbb217e5985c678,,pending,,,,5
img_00007598,images/img_00007598.jpg,02_deepfirearm,deepfirearm,55a941e3a578931b8dd30d6f2adb93c6b16eda3916ebd765d04724c2f8cbe493,,pending,,,,5
img_00007599,images/img_00007599.jpg,02_deepfirearm,deepfirearm,5465fc9b45e9bcbfd32018c83d055643b6ae993e75fccf0c21f8701c447ca68c,,pending,,,,5
img_00007600,images/img_00007600.jpg,02_deepfirearm,deepfirearm,cf0293cf836a41ab08e06d515c2cbf34d9615c7b09dd8f4f267953f710b07c04,,pending,,,,5
img_00007601,images/img_00007601.jpg,02_deepfirearm,deepfirearm,94e2fb6000f896b0e1fac26e7b466c48c32cbfdc0824b0c21bda3d87000d631e,,pending,,,,5
img_00007602,images/img_00007602.jpg,02_deepfirearm,deepfirearm,18c28cb5adbf99dfc49a401a243683cd205758df598487f24cdd1844361430d7,,pending,,,,5
img_00007603,images/img_00007603.jpg,02_deepfirearm,deepfirearm,494ddc3e98b4ecb207817737839558708de51718e8c86ddcb068f2bb8f422a13,,pending,,,,5
img_00007604,images/img_00007604.jpg,02_deepfirearm,deepfirearm,fe641eaef6d169817b55f2f406eae2f2f668dbd7f57c3b7a3020e5c5b650a06a,,pending,,,,5
img_00007605,images/img_00007605.jpg,02_deepfirearm,deepfirearm,ec196974538f75413c73e2f1acf9f2551b34109aff6506c80e60627392a2f117,,pending,,,,5
img_00007606,images/img_00007606.jpg,02_deepfirearm,deepfirearm,9ffcd3736997bdf70df2dce3637d586e0899b104e12abdd114ea7fdc48d4358d,,pending,,,,5
img_00007607,images/img_00007607.jpg,02_deepfirearm,deepfirearm,7a5bb28a9131a6302b6a896d026c34cbf7b0c4f9555921d64f6e1dde6ca87d98,,pending,,,,5
img_00007608,images/img_00007608.jpg,02_deepfirearm,deepfirearm,d7ffe07a4bbdce4b1be93fcd5e6f84998d7a431f90d66d49ffe6fdbfa2339281,,pending,,,,5
img_00007609,images/img_00007609.jpg,02_deepfirearm,deepfirearm,92c343b2d9a0ed63cfa62f8ef748b0657da6471bc57a010a15349bed9bcaccef,,pending,,,,5
img_00007610,images/img_00007610.jpg,02_deepfirearm,deepfirearm,52c8ebf4d20bcc0baa18686e097a56d86ddf9d485b1309a273e0be88dbb697d3,,pending,,,,5
img_00007611,images/img_00007611.jpg,02_deepfirearm,deepfirearm,f4dc05e659c0257460eabd9576f769fbf14bbe4b2ac59ea23cf7defd26ab7fa8,,pending,,,,5
img_00007612,images/img_00007612.jpg,02_deepfirearm,deepfirearm,7cf451693403741adf7cf7567930a1cef68cb9b12979f51aeb00d370dc7f8db4,,pending,,,,5
img_00007613,images/img_00007613.jpg,02_deepfirearm,deepfirearm,df973e791fcadcc547dbdae4f77ff657729c63f81d01ebdb23c56c29ec83ca9f,,pending,,,,5
img_00007614,images/img_00007614.jpg,02_deepfirearm,deepfirearm,446b31296f71648c34c6bcd4ce4765a4b71aa619603bc56d6c14e6997f3f0a72,,pending,,,,5
img_00007615,images/img_00007615.jpg,02_deepfirearm,deepfirearm,092d6e0c26b675ae231f7a337efabcedc64c4c083c8d89edfa3699800b1924d4,,pending,,,,5
img_00007616,images/img_00007616.jpg,02_deepfirearm,deepfirearm,37c7623156adfdac445b89964bb71db611d7656e1837d5a017df48888d163036,,pending,,,,5
img_00007617,images/img_00007617.jpg,02_deepfirearm,deepfirearm,fc33d5b52c43a84555c2b2ec0dc38014ca0040d4f014ef300cab50b66d7a370c,,pending,,,,5
img_00007618,images/img_00007618.jpg,02_deepfirearm,deepfirearm,14424e99f07e60bbd9c73050d5287d9444058ad43e5c51012b1a7a97ce1a8935,,pending,,,,5
img_00007619,images/img_00007619.jpg,02_deepfirearm,deepfirearm,8be4144c529d4cd14174454a0ebb141f2298897823b92a875f415149a03a505d,,pending,,,,5
img_00007620,images/img_00007620.jpg,02_deepfirearm,deepfirearm,4762589d4b7237c89b835e87244b656583cd5ee7014bde9948e93f00a195cae8,,pending,,,,5
img_00007621,images/img_00007621.jpg,02_deepfirearm,deepfirearm,47116f01443653beb6c8fe4e73501cb77e4771aac733848fbee7150cb7ebb743,,pending,,,,5
img_00007622,images/img_00007622.jpg,02_deepfirearm,deepfirearm,40ac44aecf1d6097eba53dd483772ec360c0c3b611105820d9ae99cfbb172580,,pending,,,,5
img_00007623,images/img_00007623.jpg,02_deepfirearm,deepfirearm,2f854377008ad03bd2a3a9da59724458329438c13de365f4e0d20ff60ea22ab0,,pending,,,,5
img_00007624,images/img_00007624.jpg,02_deepfirearm,deepfirearm,950d59663995d94e1126354e038a2ec19db05222f58c84703a019f34d93c6ac8,,pending,,,,5
img_00007625,images/img_00007625.jpg,02_deepfirearm,deepfirearm,fc63b51d0fa4ec06cec376a315a0226b7e40506809f3e0d56b1ac276812ce323,,pending,,,,5
img_00007626,images/img_00007626.jpg,02_deepfirearm,deepfirearm,8bf57b685bc0eedbcb03ae6abfe704f76030f50c96d59a26d38bc1da41bab057,,pending,,,,5
img_00007627,images/img_00007627.jpg,02_deepfirearm,deepfirearm,1af37b28b16f9ef8448a09d5f45b92a0be08b207441df1b28e2bbc73560ec746,,pending,,,,5
img_00007628,images/img_00007628.jpg,02_deepfirearm,deepfirearm,eb1d372d999fbbb72d3d4fbec75b64431f9f40f96d3a74fcd55eb64b97588d9d,,pending,,,,5
img_00007629,images/img_00007629.jpg,02_deepfirearm,deepfirearm,8efd113512b99065ddd29556705c0ff44190cfa8b91545b5748a6a72cfc57e9e,,pending,,,,5
img_00007630,images/img_00007630.jpg,02_deepfirearm,deepfirearm,08510d9b57604c540342bc0d3886ada27124047eb1451cdc96f5d30855c2b9e3,,pending,,,,5
img_00007631,images/img_00007631.jpg,02_deepfirearm,deepfirearm,0dcc34ac32153414743e97d47ed7fd7745604667f8c51c6bf454096c394104c1,,pending,,,,5
img_00007632,images/img_00007632.jpg,02_deepfirearm,deepfirearm,a3682756edc9dfb96a83ce403430a0b644377710158e8f2c77acb8e2983d0b2f,,pending,,,,5
img_00007633,images/img_00007633.jpg,02_deepfirearm,deepfirearm,294f01adb4bed6c1352f9696947be8502e8d8de9550f51279f5d455620f35aa2,,pending,,,,5
img_00007634,images/img_00007634.jpg,02_deepfirearm,deepfirearm,d2f5a9ab23faabc4b3903bf6aec6bb6ff84a79c557a7f93be62db91a1d2db37e,,pending,,,,5
img_00007635,images/img_00007635.jpg,02_deepfirearm,deepfirearm,02d2c66272c856cc1d9d9c35a63ebb9f2871f2c579fcc6b216eb1bf9d5308280,,pending,,,,5
img_00007636,images/img_00007636.jpg,02_deepfirearm,deepfirearm,ba93b5d90db2fadd69dfa17ab0d0f86d48bb3a6618cc018a8fd450cade7a4e91,,pending,,,,5
img_00007637,images/img_00007637.jpg,02_deepfirearm,deepfirearm,61876f2a9071b9c069559b60f74b0baafb8202c8c0e5f0304d40a863cfd204a4,,pending,,,,5
img_00007638,images/img_00007638.jpg,02_deepfirearm,deepfirearm,4a8bf6d8e50e6d0b4bc389160c43856d2b5e3a24a6385932b57bcc14a6aac67e,,pending,,,,5
img_00007639,images/img_00007639.jpg,02_deepfirearm,deepfirearm,6de93f422b1d94357817abc20114a1de05d5e26bae53b5a413c2382e83f96452,,pending,,,,5
img_00007640,images/img_00007640.jpg,02_deepfirearm,deepfirearm,5c0cb1e28f94a88c23c9ef4ddda8a8aa776054cdeee923ef65195ce9b79231e3,,pending,,,,5
img_00007641,images/img_00007641.jpg,02_deepfirearm,deepfirearm,bf0a8bb56287f03e0673a053a36843bcc5ceb8221522e5cbaaae6a98a33f87c1,,pending,,,,5
img_00007642,images/img_00007642.jpg,02_deepfirearm,deepfirearm,846401d44adcb6f87ae96d78c0f487483f272e10b9d4fb3b6bcbfcc54d1469d8,,pending,,,,5
img_00007643,images/img_00007643.jpg,02_deepfirearm,deepfirearm,1c574430dc5f388af7c7da86d21ab271c5187c0c8a8267e1fe471e842e6d49dc,,pending,,,,5
img_00007644,images/img_00007644.jpg,02_deepfirearm,deepfirearm,edb0a6ead83e262a1736a658711316b909ac31aca964d386c231270fb6430134,,pending,,,,5
img_00007645,images/img_00007645.jpg,02_deepfirearm,deepfirearm,5597d96e3a121e0f2c30bae1c3203398da29f5fc513c8a7d2e9ef7bfcc9908d6,,pending,,,,5
img_00007646,images/img_00007646.jpg,02_deepfirearm,deepfirearm,aba5d6b4e6d2e10faf108c52d6c1f47eb3830f74575b48077cce3b1b01f30f00,,pending,,,,5
img_00007647,images/img_00007647.jpg,02_deepfirearm,deepfirearm,dcc1efa000ec895601ab8459f92c34e429b4c69959ba4c25b6c8748ff2734e91,,pending,,,,5
img_00007648,images/img_00007648.jpg,02_deepfirearm,deepfirearm,927135e35dbf2532b7c29ceca0df504f54adcdef24e95f3c6bb9091847703fbc,,pending,,,,5
img_00007649,images/img_00007649.jpg,02_deepfirearm,deepfirearm,4ccb965c065169e44f3437b7b32d288ccea1935b8286ac08e3a75905e7dae6a4,,pending,,,,5
img_00007650,images/img_00007650.jpg,02_deepfirearm,deepfirearm,1200effd367d2996b4a0034046539afa6c0360166fd30551e9fe792cbf709045,,pending,,,,5
img_00007651,images/img_00007651.jpg,02_deepfirearm,deepfirearm,b16b4afa9096908d8c15fac80aef44f58e98db5aab118049531f9402a5b7c1b2,,pending,,,,5
img_00007652,images/img_00007652.jpg,02_deepfirearm,deepfirearm,8424b64d165e01ca419031c44b5c68f8ad0f861f1069a1047d3623d42ff41214,,pending,,,,5
img_00007653,images/img_00007653.jpg,02_deepfirearm,deepfirearm,2b48121fa60640a66179c2b60e3d7862582a9d808db751854a8df31d215bb4c6,,pending,,,,5
img_00007654,images/img_00007654.jpg,02_deepfirearm,deepfirearm,a6120a96428db93d6fe3a4ecd8ee168f12dce1e7082a82ee166cadba3591309f,,pending,,,,5
img_00007655,images/img_00007655.jpg,02_deepfirearm,deepfirearm,f31fac5c2e2e55429073214d8cc3ae79cbef7396f5757bbac449e65eb5c8ab0c,,pending,,,,5
img_00007656,images/img_00007656.jpg,02_deepfirearm,deepfirearm,b3cd8e1c3830011965eefd13c0a908099533ec5f99e49693c0ee47c263ca49be,,pending,,,,5
img_00007657,images/img_00007657.jpg,02_deepfirearm,deepfirearm,544831df22d350816db2d948c4260bfdf113d3044a996ecedaff0f14833b9e88,,pending,,,,5
img_00007658,images/img_00007658.jpg,02_deepfirearm,deepfirearm,3371abbc05461821f375b828593199d0342a9eb7cfffe9de44cac63e9f5ea016,,pending,,,,5
img_00007659,images/img_00007659.jpg,02_deepfirearm,deepfirearm,383a25ef9b09feec04cad5bd651eeee79e89da7e24d0267c92704f80c749d8a1,,pending,,,,5
img_00007660,images/img_00007660.jpg,02_deepfirearm,deepfirearm,650702a5e7e1b296f91a796fb5fb07a584caf96bd4ba1d30fad1461d8f430013,,pending,,,,5
img_00007661,images/img_00007661.jpg,02_deepfirearm,deepfirearm,e19a36c396ac177985f5bec3a115fdf54d1328305035a9781de6f107d6fc36d1,,pending,,,,5
img_00007662,images/img_00007662.jpg,02_deepfirearm,deepfirearm,414b8fdd4221d97517661259dd56a07328a13c953381e680a68693808751ab85,,pending,,,,5
img_00007663,images/img_00007663.jpg,02_deepfirearm,deepfirearm,0b99beb8d55530b0f8316b68aa443edaf6377c1b8ff7706fdae03b22d5fcb7e5,,pending,,,,5
img_00007664,images/img_00007664.jpg,02_deepfirearm,deepfirearm,b759b862de956c5865108150a797feed43ccd9d20d56c1cce498da004b2cc7af,,pending,,,,5
img_00007665,images/img_00007665.jpg,02_deepfirearm,deepfirearm,2273e015a2b86966e6f5f0d3485b23b7621fa543c0d8838e41f1a9c707e6f8c5,,pending,,,,5
img_00007666,images/img_00007666.jpg,02_deepfirearm,deepfirearm,177205afa14ed68aefc3f1f8708ee453fd90d54e24bad73c9da13d87635cef13,,pending,,,,5
img_00007667,images/img_00007667.jpg,02_deepfirearm,deepfirearm,3e8de6e75ce922cde405332d6f07e4c5607a6c60c08a209375492ae37d98077f,,pending,,,,5
img_00007668,images/img_00007668.jpg,02_deepfirearm,deepfirearm,7c9eb634f088f574ee013573938a7a0cb2381b24f3b2b37f90f0266d580a794d,,pending,,,,5
img_00007669,images/img_00007669.jpg,02_deepfirearm,deepfirearm,f8d0338484f6f18d75a55bee3a9e2d72137985b7b6c235ef848f9220820b81a1,,pending,,,,5
img_00007670,images/img_00007670.jpg,02_deepfirearm,deepfirearm,0e199473644e46efc7b5a4e753ab68e96865c6862ed6941257d18fe57dae8cf2,,pending,,,,5
img_00007671,images/img_00007671.jpg,02_deepfirearm,deepfirearm,28c4d3a7a30994eb33fecca7a93f8a070afa3883ad5c54f5a3b828bc039fe3cb,,pending,,,,5
img_00007672,images/img_00007672.jpg,02_deepfirearm,deepfirearm,72083e9435021e0e88f2345c20676001c439e552b3c5938d6aacd9989ee0eead,,pending,,,,5
img_00007673,images/img_00007673.jpg,02_deepfirearm,deepfirearm,ad055a28fde2209fcce12f76cc70b997a19d017d72d04a578da079444946e763,,pending,,,,5
img_00007674,images/img_00007674.jpg,02_deepfirearm,deepfirearm,1febae6535f1d6bd398803f1ff4e7b523c111dae5bcb8d00b6ec3797a19aea1d,,pending,,,,5
img_00007675,images/img_00007675.jpg,02_deepfirearm,deepfirearm,845642dd1d60c612dded4fd0408f80e71367674d9064f87103fb1b723fa01306,,pending,,,,5
img_00007676,images/img_00007676.jpg,02_deepfirearm,deepfirearm,a82fda362968e4cc6ad55e157e6e908a594c2e4bd0e028eb5f206de4a9bd9d32,,pending,,,,5
img_00007677,images/img_00007677.jpg,02_deepfirearm,deepfirearm,4fa561a0372da1532b5e1c13fbacc7ff3912fd04ae79a2300ac40079b73545ed,,pending,,,,5
img_00007678,images/img_00007678.jpg,02_deepfirearm,deepfirearm,7039fecb29c6d460c5b26ab0a0516f5b4f005821c62f6b23b26ddfa57cee866d,,pending,,,,5
img_00007679,images/img_00007679.jpg,02_deepfirearm,deepfirearm,50a9d2dbe505a2f00ea2492199cad05521b9069c1cf34e38ac8eddaa7979bda0,,pending,,,,5
img_00007680,images/img_00007680.jpg,02_deepfirearm,deepfirearm,faf58f1687b00faca0025fa872f997760d7419a00a72ca5c311ccf4989bede74,,pending,,,,5
img_00007681,images/img_00007681.jpg,02_deepfirearm,deepfirearm,e0a42dd19eb90a9d2778d394379e0f87e18ec63c3c635272d25f629fdea2a16c,,pending,,,,5
img_00007682,images/img_00007682.jpg,02_deepfirearm,deepfirearm,1c2a2aae3d0cfab54ccddee9a98de80022413aa4ec3b61aa2d10bbb818ff863d,,pending,,,,5
img_00007683,images/img_00007683.jpg,02_deepfirearm,deepfirearm,9e8ac193c925c91dadaeaaf46aef97d04f57b39196a00db7a7ef06d1317bd9af,,pending,,,,5
img_00007684,images/img_00007684.jpg,02_deepfirearm,deepfirearm,7a8fcba703768f5c66432676b55cf5400f4b72b033cfdd6940dd87c75d72f4c1,,pending,,,,5
img_00007685,images/img_00007685.jpg,02_deepfirearm,deepfirearm,5edd455a3f6523a5393aa435e9b4d106f0f112eab0c217422c0b05228ef927e7,,pending,,,,5
img_00007686,images/img_00007686.jpg,02_deepfirearm,deepfirearm,9334faae00255787d26492488de14971a37188621dddb2d3d70d57a0d0b33271,,pending,,,,5
img_00007687,images/img_00007687.jpg,02_deepfirearm,deepfirearm,f52d6bde7cc619514357c48da72bd5a7ec22afb01f1f2bb9ab1fe243ce74356e,,pending,,,,5
img_00007688,images/img_00007688.jpg,02_deepfirearm,deepfirearm,e9b589b708655bd96a130c1e05dd0f5da2e760ca9ab5c985cf8026723f70b9e7,,pending,,,,5
img_00007689,images/img_00007689.jpg,02_deepfirearm,deepfirearm,0db29b7ac1eddb68d7efab655bfbe97d6c648883409f4ce6a4cc3a72ca400e27,,pending,,,,5
img_00007690,images/img_00007690.jpg,02_deepfirearm,deepfirearm,d91063bee3117d21f8da23a5722fd74cf6fedec9e36a226a0db13efd54bb8f8a,,pending,,,,5
img_00007691,images/img_00007691.jpg,02_deepfirearm,deepfirearm,5a5d60a5347591fce232a32ba788a66d68a68b9f7ce264e51a0b3e90dba25304,,pending,,,,5
img_00007692,images/img_00007692.jpg,02_deepfirearm,deepfirearm,aa91455bb1d919632a9555222a2185e6420526646b564d4ba6c505d9f0200c6b,,pending,,,,5
img_00007693,images/img_00007693.jpg,02_deepfirearm,deepfirearm,a3946ed81e1e79ef8fd7d86095cd6b7ff4f2564a21f1c0a290f249f4738cb7e9,,pending,,,,5
img_00007694,images/img_00007694.jpg,02_deepfirearm,deepfirearm,8dd3e8b19025f4476f517342feb397d8abbf60ed1b3944ed6ae9ebea53d7d457,,pending,,,,5
img_00007695,images/img_00007695.jpg,02_deepfirearm,deepfirearm,52d3bcbf9503f4bf8522e6ed68c05e6153dc79dee724728ab746073b96223ed9,,pending,,,,5
img_00007696,images/img_00007696.jpg,02_deepfirearm,deepfirearm,04d7ab7150084f61016701f582f8913fe6c5bd036bb46aaa48d7747e94d07778,,pending,,,,5
img_00007697,images/img_00007697.jpg,02_deepfirearm,deepfirearm,3fe743e5c74c9fb99cb8884758f6994a9da999034244b2ba38a0d4b747c9baa3,,pending,,,,5
img_00007698,images/img_00007698.jpg,02_deepfirearm,deepfirearm,06755a87710355bd3f06a49cbd8d2fff7c637db22f6d033751867311668dbf11,,pending,,,,5
img_00007699,images/img_00007699.jpg,02_deepfirearm,deepfirearm,bae3e2b1868406bd05f3ff4a538228befd2bc0c86fb34c9d721d40206e615bb8,,pending,,,,5
img_00007700,images/img_00007700.jpg,02_deepfirearm,deepfirearm,f87df5df7aa0085c5849616db90b269a90eb67d40d04293c2d01b5813e161ee5,,pending,,,,5
img_00007701,images/img_00007701.jpg,02_deepfirearm,deepfirearm,24ce964b8f8d1e754871d07fd027fe22c127a49b9c994d64bd47e879aba23924,,pending,,,,5
img_00007702,images/img_00007702.jpg,02_deepfirearm,deepfirearm,d1e7c1c9be675c3214fed0cbd093bc3393d9122f87af4421a514a0429a11e000,,pending,,,,5
img_00007703,images/img_00007703.jpg,02_deepfirearm,deepfirearm,65600cd39baa3626971568d7c3e4ff1f288ebb313eaf0f720c32704e2ff35a62,,pending,,,,5
img_00007704,images/img_00007704.jpg,02_deepfirearm,deepfirearm,62357917164e83ad70d6320ececeaec6dd11678cd3d6228f46ee241b8ba6e21d,,pending,,,,5
img_00007705,images/img_00007705.jpg,02_deepfirearm,deepfirearm,7f88a2f7baa41fe47ca71a4f1a530588fd1d553c2a27a6a2bdeb47c8098a7a2a,,pending,,,,5
img_00007706,images/img_00007706.jpg,02_deepfirearm,deepfirearm,ab30b8252d7278f07898bfa56aef924647cf4d7ab0bd60c0f076e83b4a64ba92,,pending,,,,5
img_00007707,images/img_00007707.jpg,02_deepfirearm,deepfirearm,67f57cd9600848e1b40b385cfff5793af88561c73b8565b290b2e113254eb3db,,pending,,,,5
img_00007708,images/img_00007708.jpg,02_deepfirearm,deepfirearm,1344679acf4f562f1745582304b3dd9c21a4478de85a061f8c0dbb3c64424b19,,pending,,,,5
img_00007709,images/img_00007709.jpg,02_deepfirearm,deepfirearm,c6ad03a2143ec7f3471988f814de48307688b2e1ee93c59162ce085d19f3bf83,,pending,,,,5
img_00007710,images/img_00007710.jpg,02_deepfirearm,deepfirearm,e00ad8e0e75d60e5189a02ea30217c47b4b6b43431a74de1537fb6988981487f,,pending,,,,5
img_00007711,images/img_00007711.jpg,02_deepfirearm,deepfirearm,bcc7eb3df5ecc990a1d296a72fb0180f7a1f783d8e9f85e5d092c68ecf7fedc5,,pending,,,,5
img_00007712,images/img_00007712.jpg,02_deepfirearm,deepfirearm,eca28dc40a60b0b5a8b3d058f4da3b58b4633062f33054a7e782ad7e8adf2b94,,pending,,,,5
img_00007713,images/img_00007713.jpg,02_deepfirearm,deepfirearm,a560e93bd1f17f318e637dae4ca995dc79c088b0143a853f9d3b8878d736871d,,pending,,,,5
img_00007714,images/img_00007714.jpg,02_deepfirearm,deepfirearm,c45c724ecdca7c2f90f5f8ed93e81d5a646d40b70e44653801d4625f80dff4d4,,pending,,,,5
img_00007715,images/img_00007715.jpg,02_deepfirearm,deepfirearm,175874c0c0538bdb4d2485b90561c6d5d0ddb493cdc36415c98f08f334bcc812,,pending,,,,5
img_00007716,images/img_00007716.jpg,02_deepfirearm,deepfirearm,8c79f2823695807e83335bf1136e76a77dc91661e1ffd7ff4a7cb8f74e336ec9,,pending,,,,5
img_00007717,images/img_00007717.jpg,02_deepfirearm,deepfirearm,84a4491b1786326a36d0b7762f2895d377f1d1237707bc476c35e79733519431,,pending,,,,5
img_00007718,images/img_00007718.jpg,02_deepfirearm,deepfirearm,678a3cc26dd4874634f502bf69efa67c0f38af7bc922560012b39c79ad8b7cea,,pending,,,,5
img_00007719,images/img_00007719.jpg,02_deepfirearm,deepfirearm,fdae894817c1a4c33f6b05f829cf5045f0cb4f51494f7dd2ce91c259c4cdafdc,,pending,,,,5
img_00007720,images/img_00007720.jpg,02_deepfirearm,deepfirearm,05b06bab058644a40b9984667ec0a93cb57ab3f819eafe753d677de8daef3fcf,,pending,,,,5
img_00007721,images/img_00007721.jpg,02_deepfirearm,deepfirearm,e488afe9b79a130d290f6610d2698e7bf4972bb69ba91e7cd727e6da19a3acd9,,pending,,,,5
img_00007722,images/img_00007722.jpg,02_deepfirearm,deepfirearm,e87244bdcad428ca3014a1ac179c9756f288df0fa33f2c56ba96ac57a090fb82,,pending,,,,5
img_00007723,images/img_00007723.jpg,02_deepfirearm,deepfirearm,da292e06c452a06514c54326de707bbe2780b53d6e9673361d4a298219bbb343,,pending,,,,5
img_00007724,images/img_00007724.jpg,02_deepfirearm,deepfirearm,73dd1470f375e8cd8637173b2ff7f7de9705345ed1526560a3d58d74b531fe11,,pending,,,,5
img_00007725,images/img_00007725.jpg,02_deepfirearm,deepfirearm,a868610e0105eaf3b62e13e69f747c74a67bedad0e7c86c550290f56fde9a8c1,,pending,,,,5
img_00007726,images/img_00007726.jpg,02_deepfirearm,deepfirearm,b16a24e1db3b0bb27a5c7497bf0773fb04fa0ce269cc0a48e9f5e05608e0aab3,,pending,,,,5
img_00007727,images/img_00007727.jpg,02_deepfirearm,deepfirearm,ffa93c53847cb48ef59576dfbd8f323afbcfd8672bd66cbbe839e7d4ad7d3665,,pending,,,,5
img_00007728,images/img_00007728.jpg,02_deepfirearm,deepfirearm,c312cb52331fe8e31b6237ddcc3f4e9d7bfd40496fbf56da8db0daa33deee362,,pending,,,,5
img_00007729,images/img_00007729.jpg,02_deepfirearm,deepfirearm,7c94e5f1390ce78a7a3f4bddffad1cc0cc56dc6b45d15f795edcc2e6a710c5e0,,pending,,,,5
img_00007730,images/img_00007730.jpg,02_deepfirearm,deepfirearm,1dbb505b0dec27544e9aa81cade39afb142da02be0f75f529b25eea0a60e1009,,pending,,,,5
img_00007731,images/img_00007731.jpg,02_deepfirearm,deepfirearm,86e2d04aa321df5013563f06f5e12253b4e1e4773ec777131a91e6b3c0475837,,pending,,,,5
img_00007732,images/img_00007732.jpg,02_deepfirearm,deepfirearm,57d3912eccfce4afe51ff2c0281b1dc557b4f6cbf17de149935617c933814b33,,pending,,,,5
img_00007733,images/img_00007733.jpg,02_deepfirearm,deepfirearm,10e33dbe3e787b8fbf967e3dd995888788d7f9233e045ceb5152bdf70fbbc535,,pending,,,,5
img_00007734,images/img_00007734.jpg,02_deepfirearm,deepfirearm,4a325a9a60e4681d6a83f83eeab70e489e801f077175e6fc4f096acecadac38f,,pending,,,,5
img_00007735,images/img_00007735.jpg,02_deepfirearm,deepfirearm,60813c3ede9e40f4bcc05ef40e1406e0bff8a7de5be7ce6616e60e2d828735dd,,pending,,,,5
img_00007736,images/img_00007736.jpg,02_deepfirearm,deepfirearm,fca6747ec6a2e919524eb5fd4e6a80cd51e201e075121da127e933872931668a,,pending,,,,5
img_00007737,images/img_00007737.jpg,02_deepfirearm,deepfirearm,3539280ae0e94be03e43e245bf265197fe060cbce4c4cf9ec563828e8d37cd08,,pending,,,,5
img_00007738,images/img_00007738.jpg,02_deepfirearm,deepfirearm,9628501d8e361695a3066600809f12508a1414ca388dc43c3ac9253a49e64d47,,pending,,,,5
img_00007739,images/img_00007739.jpg,02_deepfirearm,deepfirearm,ab32b168f236c9be3b7a6d4b4ebf48e238eb9ec139a08db5abd568e4fac75581,,pending,,,,5
img_00007740,images/img_00007740.jpg,02_deepfirearm,deepfirearm,53237ab907be4a9c8c3c5f8ca13de0e41bf851603d8ed55fdb5b0ccfb9be3453,,pending,,,,5
img_00007741,images/img_00007741.jpg,02_deepfirearm,deepfirearm,96cb0ef3a796986ed1950f4bc15938a494cac4d436374471e64185beb3102ce5,,pending,,,,5
img_00007742,images/img_00007742.jpg,02_deepfirearm,deepfirearm,265d4f2be48b4f817685176b1714001eba939dbb42eeb2edff843531edc8edd0,,pending,,,,5
img_00007743,images/img_00007743.jpg,02_deepfirearm,deepfirearm,fa5c674ad5d01bba06351555c49ef5a6859bc8274e0cd7f26f433627167317b2,,pending,,,,5
img_00007744,images/img_00007744.jpg,02_deepfirearm,deepfirearm,fee445ad15d7c09c61ee74be729815e0d5be20488432f40dc91e299d531327a6,,pending,,,,5
img_00007745,images/img_00007745.jpg,02_deepfirearm,deepfirearm,e6648a6341e4efe4a47812bb134e0243c0584d90e023c28a3551ac63c5d5b1a1,,pending,,,,5
img_00007746,images/img_00007746.jpg,02_deepfirearm,deepfirearm,e12991d47a22a41a692cbae14b5144e101f321551dca847fd114b701a476360a,,pending,,,,5
img_00007747,images/img_00007747.jpg,02_deepfirearm,deepfirearm,cb0aed9d1d038e773fdd82e57425361b53d958007d9b24d92f1dbe960325ae72,,pending,,,,5
img_00007748,images/img_00007748.jpg,02_deepfirearm,deepfirearm,c7f9ec2acfdb759d29b253c4a2e443b597df7a27cb7ffc21ac322e41f87cdc40,,pending,,,,5
img_00007749,images/img_00007749.jpg,02_deepfirearm,deepfirearm,3478e5bd4d361d3248cb4e822ad4b26bd303ce928db49f60695c33bbcdb6880c,,pending,,,,5
img_00007750,images/img_00007750.jpg,02_deepfirearm,deepfirearm,c138b55a221bc97178847b3e0cd710e1110baa90c149dda2d16e9c597c58df47,,pending,,,,5
img_00007751,images/img_00007751.jpg,02_deepfirearm,deepfirearm,c0e303311528bd0ee3ca45d254918013253e7be2327530346b25ad7bb483c49d,,pending,,,,5
img_00007752,images/img_00007752.jpg,02_deepfirearm,deepfirearm,f22935d5a55bc937d1b6f825f9e4fe5cd208ac38845bf271c936ffc42dc1b5ea,,pending,,,,5
img_00007753,images/img_00007753.jpg,02_deepfirearm,deepfirearm,43e977243dc9447599bd7c39278728201bdb55a9998b693310084fed90fcde2e,,pending,,,,5
img_00007754,images/img_00007754.jpg,02_deepfirearm,deepfirearm,972103cfe5e2e6066ffe5a4e3839786a2eac836c9b2beeaef952aabbc9fde85c,,pending,,,,5
img_00007755,images/img_00007755.jpg,02_deepfirearm,deepfirearm,3c29da4fb5129e6a64a6d20477462416976d39bac8a6591169cee75d873ceac6,,pending,,,,5
img_00007756,images/img_00007756.jpg,02_deepfirearm,deepfirearm,8889459e22c63ce781ed6a59e1b86e83593739df17e7c8fdf9397e9c8524f4eb,,pending,,,,5
img_00007757,images/img_00007757.jpg,02_deepfirearm,deepfirearm,8e56bcd29507f7338bb50e212b08a94c46ef8c3e8061b46f582abdc741d91ff7,,pending,,,,5
img_00007758,images/img_00007758.jpg,02_deepfirearm,deepfirearm,d91e9ae079c11aa93b4bf74713db71f8b2d734141ef2734d46b5578ada00bf8b,,pending,,,,5
img_00007759,images/img_00007759.jpg,02_deepfirearm,deepfirearm,8b97b1aa00f90e5b4ae3ce81a8942e47b79f6e6f3ff9e64435a0bae1329258d8,,pending,,,,5
img_00007760,images/img_00007760.jpg,02_deepfirearm,deepfirearm,660005f910a85a752a653e14f33d350ea6fd9516d902bcdbadc3649a702a8c3e,,pending,,,,5
img_00007761,images/img_00007761.jpg,02_deepfirearm,deepfirearm,2b7a31f72e8cb1223fd848df27ad1185cd6cb84529aa23e56e9350a558c32304,,pending,,,,5
img_00007762,images/img_00007762.jpg,02_deepfirearm,deepfirearm,d08c53d8bcfa4b7046427a51578999e66a2eed91d4a71cc00405bc9376122e7e,,pending,,,,5
img_00007763,images/img_00007763.jpg,02_deepfirearm,deepfirearm,948e942fdf53ae42aeb585ecc8b44bcfd0226719bbdaa45ea545a54519a62d07,,pending,,,,5
img_00007764,images/img_00007764.jpg,02_deepfirearm,deepfirearm,ad2ef95adb94ca6d5d58355329871ac07ee925b4301322e1e8df2691f59abb9d,,pending,,,,5
img_00007765,images/img_00007765.jpg,02_deepfirearm,deepfirearm,fc1a990936d724a2cbda3b0cbd58f8bf088f9226517713ccccb6043d6d002812,,pending,,,,5
img_00007766,images/img_00007766.jpg,02_deepfirearm,deepfirearm,5878fc19b63d841df32ac7f1c40c74e90e4578655ef38443f53693420737739c,,pending,,,,5
img_00007767,images/img_00007767.jpg,02_deepfirearm,deepfirearm,399db2459bdc96798811b4173fb35afa33fc5946ce24a0503c6a3d52be42f42b,,pending,,,,5
img_00007768,images/img_00007768.jpg,02_deepfirearm,deepfirearm,48c4ae7ecaa6dd18337f5c0f4013ba65396607df13d57a7dc1becc093cb11381,,pending,,,,5
img_00007769,images/img_00007769.jpg,02_deepfirearm,deepfirearm,9e57ebd5cc723d51897e904e1b9cb11463163b5ae79badcbbe897d68edfc7d95,,pending,,,,5
img_00007770,images/img_00007770.jpg,02_deepfirearm,deepfirearm,eaca1a96cfe24a87b231c1c2092e78eed59b08b179cde3413f5eb143fef038d1,,pending,,,,5
img_00007771,images/img_00007771.jpg,02_deepfirearm,deepfirearm,69cb0f554e7588e573a6aed810ccff933cd8bb32af80b1ab3603b5f016f7a315,,pending,,,,5
img_00007772,images/img_00007772.jpg,02_deepfirearm,deepfirearm,48ac4893f5cac5da5cfb6215c217068e033272ae0d286042f91b121628ca8dc1,,pending,,,,5
img_00007773,images/img_00007773.jpg,02_deepfirearm,deepfirearm,a6d4c4d92961aabddf7ebaa9dfaa72b038b9c00d93fb34dd46f396e497907f4b,,pending,,,,5
img_00007774,images/img_00007774.jpg,02_deepfirearm,deepfirearm,adb6aa554be6678ea43e87d1ecb41a517105a8c464d110fffccddefe364db604,,pending,,,,5
img_00007775,images/img_00007775.jpg,02_deepfirearm,deepfirearm,4f2d9aa8d600e3be55f16bc88c0f325e74512175e94f00d252bc80ae7b189c54,,pending,,,,5
img_00007776,images/img_00007776.jpg,02_deepfirearm,deepfirearm,1fddc1a2d69f95ae5d8cde389f992be6ebcd3349eeb6d3a47141e7ff706bfebe,,pending,,,,5
img_00007777,images/img_00007777.jpg,02_deepfirearm,deepfirearm,707ccd40afa4eff948310da756528025ed13bcecf9085e2c5b0df7fa0f902a61,,pending,,,,5
img_00007778,images/img_00007778.jpg,02_deepfirearm,deepfirearm,7959bb909e767303be4935fea9b0983b08045fbfb9d7c179b45810df789161c2,,pending,,,,5
img_00007779,images/img_00007779.jpg,02_deepfirearm,deepfirearm,a9fe0a226bc4aaf4e3ff9b6115771ed3453032476e5a46ab22eaf37f631cd809,,pending,,,,5
img_00007780,images/img_00007780.jpg,02_deepfirearm,deepfirearm,bcba386fd3250e8a872653e72748b4bff6dfd93aa5b6722a5a8d109bbdabb585,,pending,,,,5
img_00007781,images/img_00007781.jpg,02_deepfirearm,deepfirearm,95b870faa307e0bbe94dd5b7cf64c4b4c0f2bfa821055b17c915b90d868b3873,,pending,,,,5
img_00007782,images/img_00007782.jpg,02_deepfirearm,deepfirearm,285a102b96278ec9b67abe31b7ca7103cfe17c679c934ce15cf8f4f9ec9d1458,,pending,,,,5
img_00007783,images/img_00007783.jpg,02_deepfirearm,deepfirearm,8ca844cbeae5359f7e03a9405cb895d101d15a790adf798aed9fa780f893b7dd,,pending,,,,5
img_00007784,images/img_00007784.jpg,02_deepfirearm,deepfirearm,e39047c75a7aa7db437b821285407ffcf0a0a0b17deef17af3ad9e258a885adb,,pending,,,,5
img_00007785,images/img_00007785.jpg,02_deepfirearm,deepfirearm,b5026046260615f631481b3c97fd5d93e1eba08f2ed4e50ebd4c110c77834209,,pending,,,,5
img_00007786,images/img_00007786.jpg,02_deepfirearm,deepfirearm,a2773a5977f8571f9a112e45a237fda34266bea812e4c027e47acf8a6b62fdc4,,pending,,,,5
img_00007787,images/img_00007787.jpg,02_deepfirearm,deepfirearm,8e852314209b4111f371d1d51a0b133ef1603357974166e6a52b8b48cb0d43ac,,pending,,,,5
img_00007788,images/img_00007788.jpg,02_deepfirearm,deepfirearm,62838650950496b6b5072f3b8b877ad35e11091f402dc6e31e6dea8bf39ea227,,pending,,,,5
img_00007789,images/img_00007789.jpg,02_deepfirearm,deepfirearm,8e5e3fcbcf1e4d8c5742b27a73d927b48fa66143288266175d67369c310c5442,,pending,,,,5
img_00007790,images/img_00007790.jpg,02_deepfirearm,deepfirearm,2e84b052dae13e1848c2f32eda8edb6b6d2b124fadd20cfac01c11f7784bdd23,,pending,,,,5
img_00007791,images/img_00007791.jpg,02_deepfirearm,deepfirearm,1d644567ffff9cd98cd26e3efc3069816dd477a0677d6e5d80a65d9fcac1bc06,,pending,,,,5
img_00007792,images/img_00007792.jpg,02_deepfirearm,deepfirearm,77a217690c1a018f6d87290a3aaeaf400eb9b1fd6e2f23510bd608ce47d63d20,,pending,,,,5
img_00007793,images/img_00007793.jpg,02_deepfirearm,deepfirearm,68763ad2656aee6053185c7727a003b917ee3773c435d2334f685047f322e062,,pending,,,,5
img_00007794,images/img_00007794.jpg,02_deepfirearm,deepfirearm,b65d32f4b475625844ddd77c4528167b02ab0da4faa1278df685323e01db8330,,pending,,,,5
img_00007795,images/img_00007795.jpg,02_deepfirearm,deepfirearm,24d23436130fd8dde560d9db2b043c16aea11fdff7d4a97c5f635dcd878c4db4,,pending,,,,5
img_00007796,images/img_00007796.jpg,02_deepfirearm,deepfirearm,ac4d9807b352c200d47504c675b4094a64df1df95738243ee538a032220eb7af,,pending,,,,5
img_00007797,images/img_00007797.jpg,02_deepfirearm,deepfirearm,fe9c157c1384a6f9c46343855d9b15fbd5c9bb4b23637cfc71920c831313490f,,pending,,,,5
img_00007798,images/img_00007798.jpg,02_deepfirearm,deepfirearm,79fa5469eb02aecae11cc983b7b15ff61b0fbd9faaad67ef9246ddc809237f13,,pending,,,,5
img_00007799,images/img_00007799.jpg,02_deepfirearm,deepfirearm,6b5d245126976ad8ff92cec73e638de444bc6a6ed20bd855c564c2043e9c048d,,pending,,,,5
img_00007800,images/img_00007800.jpg,02_deepfirearm,deepfirearm,502b4f4f716ac67f80cdec4b5bc99188eab140fb3c90bd41e1322ca5355b6d99,,pending,,,,5
img_00007801,images/img_00007801.jpg,02_deepfirearm,deepfirearm,3c2537f5f29c103c339ffde6223f0c4bdc310609d7f9f74e28d804ef4a74f18e,,pending,,,,5
img_00007802,images/img_00007802.jpg,02_deepfirearm,deepfirearm,d90042b346caa97a41b6f0bee25a394433afe899a1421d4d4b9a70d3f4737b32,,pending,,,,5
img_00007803,images/img_00007803.jpg,02_deepfirearm,deepfirearm,d0d3c39af6c9e5aa01dcda1a0cca6fb95850bb08270108f0317fb00903b783c2,,pending,,,,5
img_00007804,images/img_00007804.jpg,02_deepfirearm,deepfirearm,378a760cf3998647aae551ca46ba36bcfca2cd039e1ef65a2eff789aa5d24edf,,pending,,,,5
img_00007805,images/img_00007805.jpg,02_deepfirearm,deepfirearm,912712f3a24bf2965d1f40a7e13c0a37fb15e38b6c637b5974c9819f3f62447d,,pending,,,,5
img_00007806,images/img_00007806.jpg,02_deepfirearm,deepfirearm,3ed1c26f1502aeb6813cd53d39bcb744b104ec7dab64b1bfbd55634373632e5a,,pending,,,,5
img_00007807,images/img_00007807.jpg,02_deepfirearm,deepfirearm,0d8cefbf066502576b57adbeb53dede2b54f0607039096bcbe0e4c700857844d,,pending,,,,5
img_00007808,images/img_00007808.jpg,02_deepfirearm,deepfirearm,b1f7ded17c72386f71b462d41dfde5f4681fb67d24ecfaf908cf8bcef3a853a7,,pending,,,,5
img_00007809,images/img_00007809.jpg,02_deepfirearm,deepfirearm,0d2418fd0de35d799d1ca1586d40afccaada9ba91fa4ee668a29c89e6af4cd3c,,pending,,,,5
img_00007810,images/img_00007810.jpg,02_deepfirearm,deepfirearm,a328e98cc21ecd07a89c7235b36c1f71c63f9772270c0905212d40e70799b70a,,pending,,,,5
img_00007811,images/img_00007811.jpg,02_deepfirearm,deepfirearm,c881e9c8db1e68f6ea1cc4981dcdc7ec7120d86a251ee95f7f043ba62c7159a9,,pending,,,,5
img_00007812,images/img_00007812.jpg,02_deepfirearm,deepfirearm,e34519b7ec40632684b2a6c3f1fdfe6b802ca0fe256022afec3d925637032bab,,pending,,,,5
img_00007813,images/img_00007813.jpg,02_deepfirearm,deepfirearm,f1708e52d4937d8c25189ead79a836c996a9502d37978a06c9639b7e2210b148,,pending,,,,5
img_00007814,images/img_00007814.jpg,02_deepfirearm,deepfirearm,801f6d01bdeadde8f496954b87833b2c4780b3ff03459319f0ec83881943ff61,,pending,,,,5
img_00007815,images/img_00007815.jpg,02_deepfirearm,deepfirearm,237ca2f755a34c2367c9407ac5fe3d95f03e065912f8770807dc7a540929e6e5,,pending,,,,5
img_00007816,images/img_00007816.jpg,02_deepfirearm,deepfirearm,ba0d3160b0fe6f53edc427d1a3a3765af8f8acc75eeaa7b78edd966bf7596e8a,,pending,,,,5
img_00007817,images/img_00007817.jpg,02_deepfirearm,deepfirearm,208020c57f1d307ac296d896a856dfd0ea30c810a01fdddf6b425c3d352bb8f7,,pending,,,,5
img_00007818,images/img_00007818.jpg,02_deepfirearm,deepfirearm,3eef6a10e83853e7d746e616649b18375ebe97a0d2685adfdf04f20d02fa2233,,pending,,,,5
img_00007819,images/img_00007819.jpg,02_deepfirearm,deepfirearm,c7788025329414e8d7fc4e4a82f0df4981d239b6d832c04ffbc19fa807d402db,,pending,,,,5
img_00007820,images/img_00007820.jpg,02_deepfirearm,deepfirearm,369775cde38079ad088f28e069d083e47816546a5156d89d22665c5a15fc1552,,pending,,,,5
img_00007821,images/img_00007821.jpg,02_deepfirearm,deepfirearm,19800f1bc242b6e8bab1d584ac286f24fc12761c533222b2754d25381fdc2469,,pending,,,,5
img_00007822,images/img_00007822.jpg,02_deepfirearm,deepfirearm,276453692246fa423b5e5b3728b74c1e577d4d935aecd1c6e1507ce4dacd2038,,pending,,,,5
img_00007823,images/img_00007823.jpg,02_deepfirearm,deepfirearm,6cc1aba8b6a15c5412f556378cde0e9ee939108191699d601695765425f83ab4,,pending,,,,5
img_00007824,images/img_00007824.jpg,02_deepfirearm,deepfirearm,a2c32e345656a837c58e0c50157e2a0f37a5b06b0bafb1359a774b5c873e8ac9,,pending,,,,5
img_00007825,images/img_00007825.jpg,02_deepfirearm,deepfirearm,2a1970f8dfbd25e0c14a6a31e7889131b334ea187baa5c6dbb1a46b1372a6247,,pending,,,,5
img_00007826,images/img_00007826.jpg,02_deepfirearm,deepfirearm,eac516dcf139f591c14e48bf842a94374a22e0b045e7f22c357b5afd4a2e89a7,,pending,,,,5
img_00007827,images/img_00007827.jpg,02_deepfirearm,deepfirearm,efc9a4085890c650ea71e6d7948a780ab70a2cedf79f775cfee214d864a06218,,pending,,,,5
img_00007828,images/img_00007828.jpg,02_deepfirearm,deepfirearm,993160429ef1df3cbbf0a57ff4e9ae024630a926fa8916c956131071314445d3,,pending,,,,5
img_00007829,images/img_00007829.jpg,02_deepfirearm,deepfirearm,135b07fb0534f5ed839d02d2ac6344ed760fc87f5fa008b5fa857285e232e036,,pending,,,,5
img_00007830,images/img_00007830.jpg,02_deepfirearm,deepfirearm,1e394d74b57b625f42477a12eb4bf03e58421881c41168b6b7c97a8f0144c18d,,pending,,,,5
img_00007831,images/img_00007831.jpg,02_deepfirearm,deepfirearm,3cc02981e62d102df65336bd364fe2561ec03f1094a585b16933360dd6fc896a,,pending,,,,5
img_00007832,images/img_00007832.jpg,02_deepfirearm,deepfirearm,f08dbf0560f220290e1ba15643829a6fe03b197554fdf780d447db01ba12eb33,,pending,,,,5
img_00007833,images/img_00007833.jpg,02_deepfirearm,deepfirearm,1f9ab2bf7079c4e943480814de3216d9f1f01f281bd2e38c5dc1bf3e268ab83f,,pending,,,,5
img_00007834,images/img_00007834.jpg,02_deepfirearm,deepfirearm,4449f1a40dc3a1f5361b41d8998d7cf863177d6d80df6b61afa9c6f221814f9d,,pending,,,,5
img_00007835,images/img_00007835.jpg,02_deepfirearm,deepfirearm,228bba107496ab252bdea26663c62fec1c64403b499b86a4437571db3efe47a3,,pending,,,,5
img_00007836,images/img_00007836.jpg,02_deepfirearm,deepfirearm,5ee518e86bba59537c34d6f89502e23ec6df66623fe51ff67026633379b3d921,,pending,,,,5
img_00007837,images/img_00007837.jpg,02_deepfirearm,deepfirearm,ff36221f5f644988ffdd899b46f8dd11b7d6b9a491eed1c7df44211931ab64e5,,pending,,,,5
img_00007838,images/img_00007838.jpg,02_deepfirearm,deepfirearm,45160b0b598c152248bb609f0d2ee11b86ed88d9e348bccee50e95603816cd30,,pending,,,,5
img_00007839,images/img_00007839.jpg,02_deepfirearm,deepfirearm,29db868afe472b60ab10e1d2f66b68aad5e41270e5d98e17b050edcc06cc1328,,pending,,,,5
img_00007840,images/img_00007840.jpg,02_deepfirearm,deepfirearm,e2b6a59c7d4fdb28dec5195d5706a3a2c49ce5f7ca3f0c095a341b36717e04aa,,pending,,,,5
img_00007841,images/img_00007841.jpg,02_deepfirearm,deepfirearm,e8123da252276c292bc2023ba72881829b4a88f111b746952bee6111325ce4bd,,pending,,,,5
img_00007842,images/img_00007842.jpg,02_deepfirearm,deepfirearm,c23f8262973ba7b829260a4f67ceab5ca868e2dc5b2eaee43e8197a466a97d0b,,pending,,,,5
img_00007843,images/img_00007843.jpg,02_deepfirearm,deepfirearm,4c5b9d6e3ed4e6a870751ab571ebcd4ae09102c01f5c5dc16b977cad8abe8ab1,,pending,,,,5
img_00007844,images/img_00007844.jpg,02_deepfirearm,deepfirearm,545cecaa7cd21b04259a91fb5f2e36de69a51b218e5468cbff97d713f3380698,,pending,,,,5
img_00007845,images/img_00007845.jpg,02_deepfirearm,deepfirearm,64a19d3201e55c6c37a58befcd76a48bec283b2877b59d67bf920bd619abe04f,,pending,,,,5
img_00007846,images/img_00007846.jpg,02_deepfirearm,deepfirearm,ca48a5169ce7021bd46df933e6483b5a00c701fac24f7aab8b2490cced8867c9,,pending,,,,5
img_00007847,images/img_00007847.jpg,02_deepfirearm,deepfirearm,0dd04dfdadf12ee575325eeeb1eb4555097578e877d43d81e2cfb665fb3a95b5,,pending,,,,5
img_00007848,images/img_00007848.jpg,02_deepfirearm,deepfirearm,c3d4aa14b75616c55c88a17191c63141b3cf73d2b8f951608e7e9962b7f187c4,,pending,,,,5
img_00007849,images/img_00007849.jpg,02_deepfirearm,deepfirearm,8ec4744ce11f38c32a6623a06a5698ee7fb819be4deadbb5ef2f6d727d60ab93,,pending,,,,5
img_00007850,images/img_00007850.jpg,02_deepfirearm,deepfirearm,1fd2a1fb270dac3f01a6b20de55c39a511611ec35e2b49cda8cf74bfe0affcc5,,pending,,,,5
img_00007851,images/img_00007851.jpg,02_deepfirearm,deepfirearm,e016322706dba7d69e024c57f9d2891869b2f637d6e6778a17aab29db168562a,,pending,,,,5
img_00007852,images/img_00007852.jpg,02_deepfirearm,deepfirearm,5e8c71ca8c168116ad01fe73961cbbbcaa950885dae7ef2439e1ba1c0e775523,,pending,,,,5
img_00007853,images/img_00007853.jpg,02_deepfirearm,deepfirearm,723d669c76cca1e874931ab58f10e745e694f96358e692043bf0bc6fc0134efe,,pending,,,,5
img_00007854,images/img_00007854.jpg,02_deepfirearm,deepfirearm,089bca1c9fa5196e40192bb6df01fea456a2defc5174b87260c39ec4817eafc3,,pending,,,,5
img_00007855,images/img_00007855.jpg,02_deepfirearm,deepfirearm,3999b3732f6f0648978b999f081118fde15d8252fc0731838fbcd3423ab347a4,,pending,,,,5
img_00007856,images/img_00007856.jpg,02_deepfirearm,deepfirearm,e1f85b78e35b8103bd2a5f189d095a0746df335f98e593c60fc70d5fda8c8db2,,pending,,,,5
img_00007857,images/img_00007857.jpg,02_deepfirearm,deepfirearm,95365605030259ca6493579dbe1e6db16c407650b97eee002962c7733a818017,,pending,,,,5
img_00007858,images/img_00007858.jpg,02_deepfirearm,deepfirearm,52a0fb1e32fdfaeeb9e459e420c38fa5a42f0a821ad49bf933ed2bbde22ba873,,pending,,,,5
img_00007859,images/img_00007859.jpg,02_deepfirearm,deepfirearm,6749a6eeda88da0a050ade99d5a5f2ba311e47bb760bed4f6178280ad4b79094,,pending,,,,5
img_00007860,images/img_00007860.jpg,02_deepfirearm,deepfirearm,39630e8cce2abdbdb1bc1da23455158a7d181651ed8bac7ec75e771f45999044,,pending,,,,5
img_00007861,images/img_00007861.jpg,02_deepfirearm,deepfirearm,12957371e21cd68b76cdab579f9ad1066c82b30cb9e1e6e6a709e96c913ff484,,pending,,,,5
img_00007862,images/img_00007862.jpg,02_deepfirearm,deepfirearm,808cd0dbaa66ba97345d0e79118cec20f2617fdb1ace5b0dadea4150fba0e2fc,,pending,,,,5
img_00007863,images/img_00007863.jpg,02_deepfirearm,deepfirearm,c17e3c3ba9f5ac443aeeb8fb42bf506c2c1c4fc7cba4cf1d40fbead7a3c29730,,pending,,,,5
img_00007864,images/img_00007864.jpg,02_deepfirearm,deepfirearm,1d05384b768e2bb680d9e6307185c2fdf7c53a0c5c083a1c3ca7760e91055be6,,pending,,,,5
img_00007865,images/img_00007865.jpg,02_deepfirearm,deepfirearm,ec22cd0aaf67d95ea9c52c5e9d57562a5c69f32dacfcc66ea4d691721785f7f4,,pending,,,,5
img_00007866,images/img_00007866.jpg,02_deepfirearm,deepfirearm,e7f69065cfdc1be551d73b360311152d372daac2d33623182bfa04bdec4d8c77,,pending,,,,5
img_00007867,images/img_00007867.jpg,02_deepfirearm,deepfirearm,2fe6ca91117d46c13c613a7033a5353efdcf01425800ad409773b655030b8619,,pending,,,,5
img_00007868,images/img_00007868.jpg,02_deepfirearm,deepfirearm,9910453b14a1b4e91d42ae6ffec3dbd6e67924f4fd0ffcdf0109b8b202d416ae,,pending,,,,5
img_00007869,images/img_00007869.jpg,02_deepfirearm,deepfirearm,b2ae4c1f8f5f1a27e7958de21c96e8a53b9f2e50c0fb96fb2999a1a91a1c3040,,pending,,,,5
img_00007870,images/img_00007870.jpg,02_deepfirearm,deepfirearm,50d81c7a123b419c77b47df72bf031f415ac431acce3295718c0ec0e8fb536b2,,pending,,,,5
img_00007871,images/img_00007871.jpg,02_deepfirearm,deepfirearm,047c98294ed8a02e50b1bb8864f0956379983e8054dcc2dbfed1adeb993b9b2a,,pending,,,,5
img_00007872,images/img_00007872.jpg,02_deepfirearm,deepfirearm,eec00d88943ec5a8a584161ef15d01eb3dd5e3ed28bb5d78d3bf47d1c7eb8f44,,pending,,,,5
img_00007873,images/img_00007873.jpg,02_deepfirearm,deepfirearm,e48cdeb2241ff3209749661f52d2a13e0b71ecb183ecacaa6c300c86a7a50215,,pending,,,,5
img_00007874,images/img_00007874.jpg,02_deepfirearm,deepfirearm,61c76f52beaee99e2ec26a608371ae7ad1e57e8cf1bd0bed60dab9112daa155e,,pending,,,,5
img_00007875,images/img_00007875.jpg,02_deepfirearm,deepfirearm,6bdb5909cca25133154e3abb26c3a1d65e021c08d5eab20889b493a913ee15d5,,pending,,,,5
img_00007876,images/img_00007876.jpg,02_deepfirearm,deepfirearm,b2e602a5cff014ff7d80c4e90a4860240f25fdc2bf06a5209c144f8993eee3a9,,pending,,,,5
img_00007877,images/img_00007877.jpg,02_deepfirearm,deepfirearm,76e54247a2a4d84da163811f10abe6d57e84ec066c9291d2e9b04c5767c539af,,pending,,,,5
img_00007878,images/img_00007878.jpg,02_deepfirearm,deepfirearm,5e24c61fcc0a88f46d749fd53dc2a2b8f7243d9814d4623404a475fbfdac8f50,,pending,,,,5
img_00007879,images/img_00007879.jpg,02_deepfirearm,deepfirearm,c3a8ee54e70d21e4b341c26df4b151dbd5e278979e50c57f9999787a72548b08,,pending,,,,5
img_00007880,images/img_00007880.jpg,02_deepfirearm,deepfirearm,2a820bcbe465c84ff962854e5b6eefef7a7c5c9db9f02848023b9721e0b0bfbe,,pending,,,,5
img_00007881,images/img_00007881.jpg,02_deepfirearm,deepfirearm,547f13467e213bef33709869b2628557f56448c535e50d093834fe8790685a4d,,pending,,,,5
img_00007882,images/img_00007882.jpg,02_deepfirearm,deepfirearm,e058c0659cc6f2a32663b632a53676a916b26501d777a29e8a03f88b39f6ef80,,pending,,,,5
img_00007883,images/img_00007883.jpg,02_deepfirearm,deepfirearm,df3c1e01ead943a525c450c0b67c3333337774ac02a37d80215f57d2a2b6954b,,pending,,,,5
img_00007884,images/img_00007884.jpg,02_deepfirearm,deepfirearm,506458ace3f947c4975d688fcaa89f325f169575f8f0d5660301b15f21f4482d,,pending,,,,5
img_00007885,images/img_00007885.jpg,02_deepfirearm,deepfirearm,4cb70614cf226f4ad473fcd7614a9f6b593f22c5ff23fed3345f923ff47d55ab,,pending,,,,5
img_00007886,images/img_00007886.jpg,02_deepfirearm,deepfirearm,1a6b1be8a671f9fb693f45eff6928edfe88ffb96b2dba741e0a2c47d334a1622,,pending,,,,5
img_00007887,images/img_00007887.jpg,02_deepfirearm,deepfirearm,c977102169d8eae74613ffd31c911a21eda3883abe3105a2d419c7f20491c411,,pending,,,,5
img_00007888,images/img_00007888.jpg,02_deepfirearm,deepfirearm,4d4e3db554b274d2e14bf6f40b7d730c227ebe5a2dfc7b253368dc266930a003,,pending,,,,5
img_00007889,images/img_00007889.jpg,02_deepfirearm,deepfirearm,a3b14d4fe1cad2440eceb23dca06cb546237265d272edebce2f7ba5e8280ae8a,,pending,,,,5
img_00007890,images/img_00007890.jpg,02_deepfirearm,deepfirearm,27aebb3a69a7febd25ea65032fc5bbe72cbc1e854450249cc164e5439d2878f8,,pending,,,,5
img_00007891,images/img_00007891.jpg,02_deepfirearm,deepfirearm,5fb049302f0cf00eae1032203c9367b59eb3e4af2a1c5d2b5f8c7628169f3bf3,,pending,,,,5
img_00007892,images/img_00007892.jpg,02_deepfirearm,deepfirearm,a234297910e8201032f4be7c499d80f239d3038c0db7656acaede9905cdc1a60,,pending,,,,5
img_00007893,images/img_00007893.jpg,02_deepfirearm,deepfirearm,10ad2f2ec4e0dd0b6908941a81cf7137eaf8e8cd84cff4f4a8ff36401e765a18,,pending,,,,5
img_00007894,images/img_00007894.jpg,02_deepfirearm,deepfirearm,3730d16528d74f8827e31eb640416e15a511b08e04acf98e6d7989b4328175e7,,pending,,,,5
img_00007895,images/img_00007895.jpg,02_deepfirearm,deepfirearm,481bcb7eef3107c7448430debf4b29feb9c5bd83f56e73daa2ab6b336bb3cdf1,,pending,,,,5
img_00007896,images/img_00007896.jpg,02_deepfirearm,deepfirearm,909d62136a990ae878dc9068b9d3a49724e81781af04f1e7f7eac8c472034b23,,pending,,,,5
img_00007897,images/img_00007897.jpg,02_deepfirearm,deepfirearm,86da4f8edf9f2c96db76f6d91a6bdee1f86f940009a28461e408756af7ba7c50,,pending,,,,5
img_00007898,images/img_00007898.jpg,02_deepfirearm,deepfirearm,c6a4345d60fd8654b312547ecf7f95bd523ad8e8155b550b3f74c00349f6b0c7,,pending,,,,5
img_00007899,images/img_00007899.jpg,02_deepfirearm,deepfirearm,3d9d1951839781adde05f1644883cc0414420680f12e59d219372acdf721d12e,,pending,,,,5
img_00007900,images/img_00007900.jpg,02_deepfirearm,deepfirearm,a41621019517b00ad3f19e65ce9ba324ff895287c69e1eab4a44b7a9af8e1beb,,pending,,,,5
img_00007901,images/img_00007901.jpg,02_deepfirearm,deepfirearm,254bb6d5d1bff2cdc89cc069ef5869119f167d4d29666170c98855a1a423bc8f,,pending,,,,5
img_00007902,images/img_00007902.jpg,02_deepfirearm,deepfirearm,9912d8959170a0c3d9a8c0e449448393e21c9d7a601593aff6ce9f320b0def27,,pending,,,,5
img_00007903,images/img_00007903.jpg,02_deepfirearm,deepfirearm,c492e58c055db737c925b6e788f2487c992b6d7e41cbf130ac393dd5c6572b6b,,pending,,,,5
img_00007904,images/img_00007904.jpg,02_deepfirearm,deepfirearm,57208b0d44b5da0fd857a35dc9c59322af012ddb494c6e0c470ca9f2dec8862b,,pending,,,,5
img_00007905,images/img_00007905.jpg,02_deepfirearm,deepfirearm,ecf95cef88ec38b0ace9f2aec2c9b99a32e559996a9047910c20aca01b6e75b4,,pending,,,,5
img_00007906,images/img_00007906.jpg,02_deepfirearm,deepfirearm,11f11fe548e20f54a56d4001eef6fe10ebfe98960376203ce5bf6a97be26c7a8,,pending,,,,5
img_00007907,images/img_00007907.jpg,02_deepfirearm,deepfirearm,0e2fa91da6217380715ccec20aa556293083fe3599c0830cc9c7ea50a5d3dbc0,,pending,,,,5
img_00007908,images/img_00007908.jpg,02_deepfirearm,deepfirearm,715b9faa020512b244df1afeba22061082e825ed6f8e1fc7a8d8ea385a6e33be,,pending,,,,5
img_00007909,images/img_00007909.jpg,02_deepfirearm,deepfirearm,2e887badfb2f7f6b7cdab99f03a80bed16d60969b30fa9a3dfa1843cc6690649,,pending,,,,5
img_00007910,images/img_00007910.jpg,02_deepfirearm,deepfirearm,5a75a87239277846d020b078401d54784a658a3e356802bebfce7895ece17e2a,,pending,,,,5
img_00007911,images/img_00007911.jpg,02_deepfirearm,deepfirearm,231c5138500973487464da36ea563bca173d8c04b8a8930ed7a76ba0d5fabae6,,pending,,,,5
img_00007912,images/img_00007912.jpg,02_deepfirearm,deepfirearm,4cce757d64c68e544748268eded3eead3eaa5ba2adec03583779c4fbe0c2d155,,pending,,,,5
img_00007913,images/img_00007913.jpg,02_deepfirearm,deepfirearm,676195014aedb90843d3f84ba7f11435b12122e9b53e981032a08581c0287392,,pending,,,,5
img_00007914,images/img_00007914.jpg,02_deepfirearm,deepfirearm,a378b96487f23c5c4ab0a76407196ee72a99c3fa986d7064a5d4bbadada127a5,,pending,,,,5
img_00007915,images/img_00007915.jpg,02_deepfirearm,deepfirearm,f8ec78b36dea828f35173a27909f78e63f895842aaabc505e5fe65bf85b3fc0c,,pending,,,,5
img_00007916,images/img_00007916.jpg,02_deepfirearm,deepfirearm,df5ac530b3c89be46c3554175bc1ecdc65151a0bbcf7ba588cdd392504aae1fa,,pending,,,,5
img_00007917,images/img_00007917.jpg,02_deepfirearm,deepfirearm,6fa0bc8ec7040141c77ce470a688e3ed30544e976ac3d29994af14186e9b88bf,,pending,,,,5
img_00007918,images/img_00007918.jpg,02_deepfirearm,deepfirearm,cdc62d7c186cd129f7d3f84778621c85e008c318773bfd5532c0c0574c4df9b4,,pending,,,,5
img_00007919,images/img_00007919.jpg,02_deepfirearm,deepfirearm,f4bfc9ee24e05e1fa1e9cad1d3588edd0374e12ce7a7cddff9439d60857b8e6c,,pending,,,,5
img_00007920,images/img_00007920.jpg,02_deepfirearm,deepfirearm,aca00c822f8ff0ecd777400c00edd28b737c209a8417b713a4ea5acc98c9448f,,pending,,,,5
img_00007921,images/img_00007921.jpg,02_deepfirearm,deepfirearm,5b10a91f0aa21cfedc5a11ff00098d7b1b2dbfcaa189b4aacd1f3ee048bda0c8,,pending,,,,5
img_00007922,images/img_00007922.jpg,02_deepfirearm,deepfirearm,c1ea008f334dbea96cf772a4a83a07c0124ae840e2404a7215b9d22dc88f38d4,,pending,,,,5
img_00007923,images/img_00007923.jpg,02_deepfirearm,deepfirearm,9f4a7afafa739078f4792fd6bf267cac95d01391af80063ac39b73a734ea2ea5,,pending,,,,5
img_00007924,images/img_00007924.jpg,02_deepfirearm,deepfirearm,2edc46659ab7d8c132ee620a9948d4ea8dc746f567036ac6a037c2a58c2753e8,,pending,,,,5
img_00007925,images/img_00007925.jpg,02_deepfirearm,deepfirearm,219a0d54fdc764c5c1dd4d9680af21693a2d229fad6d3d3bf653b73f0f3093b8,,pending,,,,5
img_00007926,images/img_00007926.jpg,02_deepfirearm,deepfirearm,e239b1fa31595a213f633cd977bc3d86435773cd404ff2242d9afca6e3c9bb7b,,pending,,,,5
img_00007927,images/img_00007927.jpg,02_deepfirearm,deepfirearm,564ae51e00dd6d93f201e9e30a6c3c5e31c52c100c268371a48d938356a9be14,,pending,,,,5
img_00007928,images/img_00007928.jpg,02_deepfirearm,deepfirearm,071398944df82d4284452f679c9a049efdf14b7c93d366c3b5e67a5ea10f0b85,,pending,,,,5
img_00007929,images/img_00007929.jpg,02_deepfirearm,deepfirearm,962d0846b5d4d617cfbe0e1276ed1d478e69ef870c1a1531feec69fa231f174a,,pending,,,,5
img_00007930,images/img_00007930.jpg,02_deepfirearm,deepfirearm,1b298a13f82128731908f23a96e61634b8f78c9d0ce0d5a4e25ba60fdfc04523,,pending,,,,5
img_00007931,images/img_00007931.jpg,02_deepfirearm,deepfirearm,2c83f7f06585d1be7e980f821dd8c152883fb3550057d9673874012ebccf59c2,,pending,,,,5
img_00007932,images/img_00007932.jpg,02_deepfirearm,deepfirearm,17ec31edb6ae7785bb2f2efcad6b7ea06257508f204488744088101f6aa2b4e6,,pending,,,,5
img_00007933,images/img_00007933.jpg,02_deepfirearm,deepfirearm,54e481303b2ff1bb8aecbcd09e1791aaaea98654477247a7bf0f703d08e7268d,,pending,,,,5
img_00007934,images/img_00007934.jpg,02_deepfirearm,deepfirearm,375d4bf40efacec8fa7d4d2d2eb898c514c02cf00cd96b9e7d8faa27e8cfe834,,pending,,,,5
img_00007935,images/img_00007935.jpg,02_deepfirearm,deepfirearm,362dc4279d41793edb2818e796469368cc9677e43fd5da0d71c0acc44f157de2,,pending,,,,5
img_00007936,images/img_00007936.jpg,02_deepfirearm,deepfirearm,d35204493ce71727490297bc55679f4b2b86de76b3ab41b63cbfce5f45aed575,,pending,,,,5
img_00007937,images/img_00007937.jpg,02_deepfirearm,deepfirearm,3ef465bb9abfc340ed511f2ff2c3ac82db81793904e55c82e62d1bbffb96d8f3,,pending,,,,5
img_00007938,images/img_00007938.jpg,02_deepfirearm,deepfirearm,3b90f076c60fabad71b874cb972278f837dcc29d3476296a946f78e806ca28f8,,pending,,,,5
img_00007939,images/img_00007939.jpg,02_deepfirearm,deepfirearm,eb0aa313ed08e5dd86024739bf1ec650542ae448a933c688f4bfae73669b8879,,pending,,,,5
img_00007940,images/img_00007940.jpg,02_deepfirearm,deepfirearm,ca14913cfacb21657cb82f08af37348a1476a6a44aa3e08212a957224c6592e3,,pending,,,,5
img_00007941,images/img_00007941.jpg,02_deepfirearm,deepfirearm,3c4cfac773df477b67fbe36b5eedd97d46d93eeb437f09bb19814acf6232e99b,,pending,,,,5
img_00007942,images/img_00007942.jpg,02_deepfirearm,deepfirearm,c3f90d9114fe29afcf6a43679e32fa5acc1ec5c8807288400460070f020ff016,,pending,,,,5
img_00007943,images/img_00007943.jpg,02_deepfirearm,deepfirearm,27766ed882545324fe02d80574c52e7f0b037b3d3e8ef15c1aafd2fada822b72,,pending,,,,5
img_00007944,images/img_00007944.jpg,02_deepfirearm,deepfirearm,032b1ce6d892356db9a66648f0e1fbe9436825e6d3fa1e474f863785a5333998,,pending,,,,5
img_00007945,images/img_00007945.jpg,02_deepfirearm,deepfirearm,c507df6f69245f5f4de8c100bf07e1d9036d1538913b5c3d133774e33a628070,,pending,,,,5
img_00007946,images/img_00007946.jpg,02_deepfirearm,deepfirearm,28f38b5c4f7a90f4a010210f13a51c29962bc13825c56bf285393fe81c041fa1,,pending,,,,5
img_00007947,images/img_00007947.jpg,02_deepfirearm,deepfirearm,d4ea52142970364e79f7e9fa857833ed5335d1b1dd776beaaacaaa7565752951,,pending,,,,5
img_00007948,images/img_00007948.jpg,02_deepfirearm,deepfirearm,e25e9b32e982b5903c3af0802ee2145e8f93069c28fb185462798587294d172b,,pending,,,,5
img_00007949,images/img_00007949.jpg,02_deepfirearm,deepfirearm,e0f67cb05c99e9e4fc5fedb354f8fd4647a4fe71ad8520c8dbaaeaa4b1d99626,,pending,,,,5
img_00007950,images/img_00007950.jpg,02_deepfirearm,deepfirearm,56e576f7e4162a1247737a73e7f511a286d4d508fd2807441407ba0284b6fb22,,pending,,,,5
img_00007951,images/img_00007951.jpg,02_deepfirearm,deepfirearm,07cc213a304fb999acecd55c7217bd8223914e2df8737b016c290d7383d5bb6d,,pending,,,,5
img_00007952,images/img_00007952.jpg,02_deepfirearm,deepfirearm,39f09f55f8ae40fdbfae058360045e9e7bd6634718f5a4280d5182498a15afc6,,pending,,,,5
img_00007953,images/img_00007953.jpg,02_deepfirearm,deepfirearm,b7f5d8e15c2d08894ab1fe51fcb3064bbb0ecba0f406c0d6a0a17a03e9e27115,,pending,,,,5
img_00007954,images/img_00007954.jpg,02_deepfirearm,deepfirearm,be491a6f7f5f5d754671e1aa9ad046cc698ddb68963a62c76282655e884cebb2,,pending,,,,5
img_00007955,images/img_00007955.jpg,02_deepfirearm,deepfirearm,7859592e477026528b5d68282ac3195ea980af6a19edb16729653fdbe675a2f9,,pending,,,,5
img_00007956,images/img_00007956.jpg,02_deepfirearm,deepfirearm,6d153b4fe3353bdd409b123abd419b5ee4ada036391c3dcf3b318410dbf7f3aa,,pending,,,,5
img_00007957,images/img_00007957.jpg,02_deepfirearm,deepfirearm,38cca4f52d7996d6d01251fedd3212b58222b4661c439f837d7dd746e5c94ab9,,pending,,,,5
img_00007958,images/img_00007958.jpg,02_deepfirearm,deepfirearm,ec84d7de6a1f239c7e1efcece08b560c6793ddde6983416a27664226348cc9b3,,pending,,,,5
img_00007959,images/img_00007959.jpg,02_deepfirearm,deepfirearm,60db147b7ceba934898ad4c031c94b88d075d301300fc5d55e7e488c43e4fb68,,pending,,,,5
img_00007960,images/img_00007960.jpg,02_deepfirearm,deepfirearm,42d26c85847d18ff22854f50c2bef6e34b3eda9aa3ed0bf9ee0a252b2a0ccb50,,pending,,,,5
img_00007961,images/img_00007961.jpg,02_deepfirearm,deepfirearm,bf3d3bcf1f7da22dbb8704fd6a882a5838cda8bda46dd28a4932ee56a02708d4,,pending,,,,5
img_00007962,images/img_00007962.jpg,02_deepfirearm,deepfirearm,f44389e8f62c0a0a92c3c5684a9903ad819ad8a200c88744621b088bee95f408,,pending,,,,5
img_00007963,images/img_00007963.jpg,02_deepfirearm,deepfirearm,8e5ad8316f8507aaa2eff7a650ffccfbf5289c41e21ddf2a758caedc800b5c60,,pending,,,,5
img_00007964,images/img_00007964.jpg,02_deepfirearm,deepfirearm,45dfa08a41acb419e0fd1c8f69e04944ea45b82e333ce89469284c4fa32a9035,,pending,,,,5
img_00007965,images/img_00007965.jpg,02_deepfirearm,deepfirearm,e983c7d3c7aa8a6f127a0f62e44889ca81930f033a101b539ef2222f63abfd96,,pending,,,,5
img_00007966,images/img_00007966.jpg,02_deepfirearm,deepfirearm,623fcc0c6c5ba573dfa6712e7d76152b09cc21a23cc40e604c99bf35a5a27038,,pending,,,,5
img_00007967,images/img_00007967.jpg,02_deepfirearm,deepfirearm,51578a81c33d135356bee8ba2bf8d8aceff5673993fcfd450f103616f4e35534,,pending,,,,5
img_00007968,images/img_00007968.jpg,02_deepfirearm,deepfirearm,6755035b9d4f9860e6f002f77f7e3988a2a1701de3c39cc9b3ebd171ea1ada75,,pending,,,,5
img_00007969,images/img_00007969.jpg,02_deepfirearm,deepfirearm,48de8e5eeda54a8244a6d6d920fc170faef41d2930941db5f75c8374dbfeb926,,pending,,,,5
img_00007970,images/img_00007970.jpg,02_deepfirearm,deepfirearm,03fa5575689c8b32821a6f7c4a90f94b0e4284d695bb4aec09f5dca66e54780b,,pending,,,,5
img_00007971,images/img_00007971.jpg,02_deepfirearm,deepfirearm,04e8a0296bebbef7e6068cbe9bb6dd87dc9921c28e97d078ba08a5002bb0fe7c,,pending,,,,5
img_00007972,images/img_00007972.jpg,02_deepfirearm,deepfirearm,2fb824bd56047d4150215bf89413aecf60e8cd11ff33ca45e0b834c698c9c775,,pending,,,,5
img_00007973,images/img_00007973.jpg,02_deepfirearm,deepfirearm,2c60ebb137013eac31550e09ece86ac8d460892dabe98bc00313a39385b342fb,,pending,,,,5
img_00007974,images/img_00007974.jpg,02_deepfirearm,deepfirearm,59b4b3d0214ed40e7affe360b0231d9f674ab11852de80cbf7bf2d3003b6a2d9,,pending,,,,5
img_00007975,images/img_00007975.jpg,02_deepfirearm,deepfirearm,b0926bc1dab464fd79356e2f5b763511a0be280e2608963b3dcd2a7265e3c1de,,pending,,,,5
img_00007976,images/img_00007976.jpg,02_deepfirearm,deepfirearm,b905952028735315985c774671e593e33eacae19dad723d65d277d689b7fb7a5,,pending,,,,5
img_00007977,images/img_00007977.jpg,02_deepfirearm,deepfirearm,9e9b640c191a4f182b5d495537ac811a17937d95c61a404f283c8ca4b54597c8,,pending,,,,5
img_00007978,images/img_00007978.jpg,02_deepfirearm,deepfirearm,9ddeb5c16f7a352b48dc31e4723c48ee1c0e1ebbc41cdd818615dd6e7f61a554,,pending,,,,5
img_00007979,images/img_00007979.jpg,02_deepfirearm,deepfirearm,9816019b1a4cecd0798f49a6c34ac5ca4b18e3f91988f53cd222773fc3588d10,,pending,,,,5
img_00007980,images/img_00007980.jpg,02_deepfirearm,deepfirearm,736c9c6fe484655bbcdbebb5633dc71d01402f9b6eac44f983bb568d26041556,,pending,,,,5
img_00007981,images/img_00007981.jpg,02_deepfirearm,deepfirearm,ca73104c675477cd60e6586729817bd98dafcc7e790807e979f0d5a76ba3e9a2,,pending,,,,5
img_00007982,images/img_00007982.jpg,02_deepfirearm,deepfirearm,3925f12c6535f45f0d655d3c2d57e4409a7de7771c09b3a4df4b999e038d283a,,pending,,,,5
img_00007983,images/img_00007983.jpg,02_deepfirearm,deepfirearm,4dc7f09aabc62d7f1a69f07f966f96280d109b4459ce4a0387a26a1d24508e40,,pending,,,,5
img_00007984,images/img_00007984.jpg,02_deepfirearm,deepfirearm,e30298190f38ff36856c4cafda22755eca608ce9bc20cc650b27f484bf78c53e,,pending,,,,5
img_00007985,images/img_00007985.jpg,02_deepfirearm,deepfirearm,e4edd80c72ee034027e58acbe9fe6dc5f57e117bd828a91a0c6999ca12ff98f8,,pending,,,,5
img_00007986,images/img_00007986.jpg,02_deepfirearm,deepfirearm,cef92fe5fb43dc9427675fee19895b484048610770873a95b8644e5306b0c575,,pending,,,,5
img_00007987,images/img_00007987.jpg,02_deepfirearm,deepfirearm,f2b1d18e473fd6ac1d55c493f665f1ae6782d1acb6411831a6e815bbf633f1c6,,pending,,,,5
img_00007988,images/img_00007988.jpg,02_deepfirearm,deepfirearm,5b21e62909706fe1c14efd73cdb17d1a6ee3d9a94c13d167cdab43819c4482e0,,pending,,,,5
img_00007989,images/img_00007989.jpg,02_deepfirearm,deepfirearm,cf2f64579bfb0da5bd4f656777a396c2674d5c88384f0cdec6dc331cfd87d95b,,pending,,,,5
img_00007990,images/img_00007990.jpg,02_deepfirearm,deepfirearm,191572db9284da720d968c413cfc9f16d93d5920ccdccb4750ba195b1a230386,,pending,,,,5
img_00007991,images/img_00007991.jpg,02_deepfirearm,deepfirearm,8514a18b4ccc38eefb66c525e2d960e379d397947d822458cc343cb130ea3428,,pending,,,,5
img_00007992,images/img_00007992.jpg,02_deepfirearm,deepfirearm,c614c3d3d81c05eec2bc91d3df0b2406f36b6063212bb0081470c736f44dc553,,pending,,,,5
img_00007993,images/img_00007993.jpg,02_deepfirearm,deepfirearm,9de46727834dba21529b4f29053026c3bc1e6e034eddfd97011187feba2c7345,,pending,,,,5
img_00007994,images/img_00007994.jpg,02_deepfirearm,deepfirearm,9e809826bb0155431f028192ee6c7f11f9b45371352037d0365e2bb81495c01d,,pending,,,,5
img_00007995,images/img_00007995.jpg,02_deepfirearm,deepfirearm,30f87389825999e1e85899efe14235d99d1203c6c13a20b4fe69f21c74cb7bff,,pending,,,,5
img_00007996,images/img_00007996.jpg,02_deepfirearm,deepfirearm,3edd2950ea7ef6727aab98f850a9431f7f7580341b8b17abeb82916b9ba11f76,,pending,,,,5
img_00007997,images/img_00007997.jpg,02_deepfirearm,deepfirearm,f3776ab4c40506d285d044af00d2cdf24c52a443ba1c6dc3093cd20ed6c160f1,,pending,,,,5
img_00007998,images/img_00007998.jpg,02_deepfirearm,deepfirearm,b00a23e9e3c81773594290d1d135a91281581d6c9b2f2ab32c215b6a9d807290,,pending,,,,5
img_00007999,images/img_00007999.jpg,02_deepfirearm,deepfirearm,169930210946009ef97d0c54f2302b745fab2d2628f1eaa2942a3b96b29cfeb6,,pending,,,,5
img_00008000,images/img_00008000.jpg,02_deepfirearm,deepfirearm,a06a26f6bf53b44ad443bf616fa62c1e8fa9d1f8869d5557f16e12c083834ebf,,pending,,,,5
img_00008001,images/img_00008001.jpg,02_deepfirearm,deepfirearm,cba02fc0b5a7d71dd90277b5f9d866e2fa0ca256319b762e8cfaac7b6018a787,,pending,,,,5
img_00008002,images/img_00008002.jpg,02_deepfirearm,deepfirearm,1483679f9405c188c47fda452ff0b9b2d56f67d66f47a70665b47739bb2cb0ff,,pending,,,,5
img_00008003,images/img_00008003.jpg,02_deepfirearm,deepfirearm,ff227703290283dd12c7d2b1b54167a914e4721430fca415ebdd50b105052d27,,pending,,,,5
img_00008004,images/img_00008004.jpg,02_deepfirearm,deepfirearm,a3f30d34c810ae88f3028cedacd1d1c2dc573760ae9c76664d98ab1ea1c9aa03,,pending,,,,5
img_00008005,images/img_00008005.jpg,02_deepfirearm,deepfirearm,0f2b3f1d3988ae4dbccf470f0e9e3131b29d8552c637d24ef954f14cba137ec6,,pending,,,,5
img_00008006,images/img_00008006.jpg,02_deepfirearm,deepfirearm,394dd578ef6b679b557d819dcfa693b26687117ec8d9374cbe9fa5af1622cbca,,pending,,,,5
img_00008007,images/img_00008007.jpg,02_deepfirearm,deepfirearm,303a4dcd85fa25508b4aec77393bdb22bab3f9739a94380a0f0baa5186f0a487,,pending,,,,5
img_00008008,images/img_00008008.jpg,02_deepfirearm,deepfirearm,20989354788b8ac3f5252c35cb7207146bbf7289677165a3dc3037d086971deb,,pending,,,,5
img_00008009,images/img_00008009.jpg,02_deepfirearm,deepfirearm,4ae78450a0f727894c37e7bdfac20235b09ea8ee5b9b38b2e0713bfb855cedef,,pending,,,,5
img_00008010,images/img_00008010.jpg,02_deepfirearm,deepfirearm,894cca6f894449ee10e7333f9fc19d225ca59d422bdb2ecc1b96b69610a12c99,,pending,,,,5
img_00008011,images/img_00008011.jpg,02_deepfirearm,deepfirearm,aa889b81f4d8b37d7826ae5bfea637d706b4fd7ba84a602a42dce1b81f5908de,,pending,,,,5
img_00008012,images/img_00008012.jpg,02_deepfirearm,deepfirearm,a0f137be9291140d871bd2b47befecbf5c2751c0685e079b70c8714ba1e9cdc1,,pending,,,,5
img_00008013,images/img_00008013.jpg,02_deepfirearm,deepfirearm,7abdd11d5d54655c4719e2e5d67f6fc0ac79608e2dacc6752095a0bdc3ccd03c,,pending,,,,5
img_00008014,images/img_00008014.jpg,02_deepfirearm,deepfirearm,c39137667721bf261d21fc4c734916ba8c4961094ec03d6f3d6e44775b863a1c,,pending,,,,5
img_00008015,images/img_00008015.jpg,02_deepfirearm,deepfirearm,d1b0116638457594efa34adb2ecd217d6e5e9f6e868316cf4e4c22517695c8c0,,pending,,,,5
img_00008016,images/img_00008016.jpg,02_deepfirearm,deepfirearm,7a1642b840a340d0c409170b6aa15c516b64ab22f096513174458ba6272b8f7b,,pending,,,,5
img_00008017,images/img_00008017.jpg,02_deepfirearm,deepfirearm,842b7c98ed1ee415c9fe09f1612fe504c4ce04c247eb4e910faab1261be218cf,,pending,,,,5
img_00008018,images/img_00008018.jpg,02_deepfirearm,deepfirearm,d058f1ee05ff695ebb26e38723bdf4882f0224d0aa04868c844fd841af12751c,,pending,,,,5
img_00008019,images/img_00008019.jpg,02_deepfirearm,deepfirearm,32e326aebdfe12ecf8acfb1966b6007c75016f494d530e1e7f07a9a57e234d46,,pending,,,,5
img_00008020,images/img_00008020.jpg,02_deepfirearm,deepfirearm,ec707c4f36d11469d31285e1d38701d57972a65006377346bec6bf53166ea4e1,,pending,,,,5
img_00008021,images/img_00008021.jpg,02_deepfirearm,deepfirearm,98f6ad451a788d0779a071c7dd84f9afd3634da6324a91ae337167c68fe3cf72,,pending,,,,5
img_00008022,images/img_00008022.jpg,02_deepfirearm,deepfirearm,efd0345da4893b7d41587b546b6e616fe87089ac87976d516ae2c45462c4185b,,pending,,,,5
img_00008023,images/img_00008023.jpg,02_deepfirearm,deepfirearm,08d4214add05cdc771e441f8285ab7c3ada0df956e7154ddfc7a1e4540098e71,,pending,,,,5
img_00008024,images/img_00008024.jpg,02_deepfirearm,deepfirearm,48b5b6ad3653cc107ff5fd7e00acf6fd9ceb7213de597c6bdc7cb713675e4a68,,pending,,,,5
img_00008025,images/img_00008025.jpg,02_deepfirearm,deepfirearm,d470eb52440a74bbf450f95002c02f97858df33f7ccd13b70a8e23cb41da25cf,,pending,,,,5
img_00008026,images/img_00008026.jpg,02_deepfirearm,deepfirearm,84479fc57f838f96a5bfafaae707f2d78a73b88fa6af15dc838bd852c51075c1,,pending,,,,5
img_00008027,images/img_00008027.jpg,02_deepfirearm,deepfirearm,cd346a7c2ee777fed10c35141c4b56fb6842755017d0dc0c5bfb01d523c82802,,pending,,,,5
img_00008028,images/img_00008028.jpg,02_deepfirearm,deepfirearm,75e7b8d5adb5865f059e084ba01dadbb24b09322d944a729cb5a0c2c0a238391,,pending,,,,5
img_00008029,images/img_00008029.jpg,02_deepfirearm,deepfirearm,4dc54447d9863de5bd69e2d392d0609c1b01e938798ebc42f17ef790559d5816,,pending,,,,5
img_00008030,images/img_00008030.jpg,02_deepfirearm,deepfirearm,1294a95dddde998bb2c4acddeb2cb5df33befa4f840fb34d88262f1d33dca384,,pending,,,,5
img_00008031,images/img_00008031.jpg,02_deepfirearm,deepfirearm,4b0ca38b592454037e1972f91cc8e7decc5468b3f219e825234cf9c25e1fa679,,pending,,,,5
img_00008032,images/img_00008032.jpg,02_deepfirearm,deepfirearm,8c48b3b91a26448959b674cef6e9183101a26bfcd3a164d1a9d77cc2f61ee011,,pending,,,,5
img_00008033,images/img_00008033.jpg,02_deepfirearm,deepfirearm,009041b0b26fb846c27eb2a8c20392cffaedcfe66ac563db36448dc2ea1bf273,,pending,,,,5
img_00008034,images/img_00008034.jpg,02_deepfirearm,deepfirearm,0de2479b2157893cf6730439cb1f981318fe105f857f1f5609be1b516d2bf1c6,,pending,,,,5
img_00008035,images/img_00008035.jpg,02_deepfirearm,deepfirearm,a0e8bb2d572abac0a06daa9d934dc7fa0de360fe2e99eedafa0691ff36c75aed,,pending,,,,5
img_00008036,images/img_00008036.jpg,02_deepfirearm,deepfirearm,c3bcee38fdd3e8da4285c95dd8256abb1cf569990d548b9c65200871c6f58c2f,,pending,,,,5
img_00008037,images/img_00008037.jpg,02_deepfirearm,deepfirearm,f3d3ba5c683928532ab2de0d729e24c6c4f3cc2d8cb86f96b34b6e3c44102472,,pending,,,,5
img_00008038,images/img_00008038.jpg,02_deepfirearm,deepfirearm,362c80e0b0119fcd30aa056c57b71ece28c06c69e37c8514a96e03a7a75947a0,,pending,,,,5
img_00008039,images/img_00008039.jpg,02_deepfirearm,deepfirearm,69cad0ccaf905c4bb12fefc278228f72be1f5591a2d85bd1a486361dddb88f5f,,pending,,,,5
img_00008040,images/img_00008040.jpg,02_deepfirearm,deepfirearm,c09fa315ca69fe892cc07e4a5667acf1d0db8a79c125d352d36718034465c5f4,,pending,,,,5
img_00008041,images/img_00008041.jpg,02_deepfirearm,deepfirearm,d9c6a006a3ea062589226e01193890989bdd599c720b13d8d1049915694deb83,,pending,,,,5
img_00008042,images/img_00008042.jpg,02_deepfirearm,deepfirearm,102146cba1e3d063fea18925bdf9029b90f76028b028ebea9923ef089e951025,,pending,,,,5
img_00008043,images/img_00008043.jpg,02_deepfirearm,deepfirearm,5fe52000524ec735c624e4257bf3ad364d957f8d9b5caf5ba895f9939ca4ca93,,pending,,,,5
img_00008044,images/img_00008044.jpg,02_deepfirearm,deepfirearm,77c4a9704f89667dbb8420ff8887be4da30b4a66bdb3687f4121759a9ddcf9c0,,pending,,,,5
img_00008045,images/img_00008045.jpg,02_deepfirearm,deepfirearm,975af3e216f504fdd94390eb98b7470ade14ef89556aab0ad6800e94baf68122,,pending,,,,5
img_00008046,images/img_00008046.jpg,02_deepfirearm,deepfirearm,98f3c575bb1fd2ced007daf1b879b7810706782b780257d31ff32d5d208e3ac4,,pending,,,,5
img_00008047,images/img_00008047.jpg,02_deepfirearm,deepfirearm,6fb3825cf5f8c86ddaa0b014590e9ff8b1789cea51d406785b007e4a18a9c19c,,pending,,,,5
img_00008048,images/img_00008048.jpg,02_deepfirearm,deepfirearm,83d6e5d9c4d008de3eface5055a06cd6b4f743fe2739dff3a6db6de16daf1d4e,,pending,,,,5
img_00008049,images/img_00008049.jpg,02_deepfirearm,deepfirearm,e124b8d0efe1683da27342fac31fb2a78ba4b4cb53f87ed10818172f9e2a7451,,pending,,,,5
img_00008050,images/img_00008050.jpg,02_deepfirearm,deepfirearm,6c8081bd73dd8bb2ce02b0eaea52216cc5dcdd484ef7548a9a5f93a1bc5c6840,,pending,,,,5
img_00008051,images/img_00008051.jpg,02_deepfirearm,deepfirearm,d7245574deebebc653a8e1a7de47388e095f255c7f9d2ec1733904fb6993cc14,,pending,,,,5
img_00008052,images/img_00008052.jpg,02_deepfirearm,deepfirearm,03a7a315f42754462750a90c26821c591fa56d54406999970b8c545f2c218e42,,pending,,,,5
img_00008053,images/img_00008053.jpg,02_deepfirearm,deepfirearm,24cfb357614bcca90afe25a641a1639345d00682a41d48f3f9dc12837fe574bc,,pending,,,,5
img_00008054,images/img_00008054.jpg,02_deepfirearm,deepfirearm,4a4290a23254a2c01f962fe3def965786ad1adfac6634bc777929f306ed376ed,,pending,,,,5
img_00008055,images/img_00008055.jpg,02_deepfirearm,deepfirearm,80cfaf8d94460689f129f571cfad2a0fe5bc1a88b57ab5b17b780b46d9c1dc44,,pending,,,,5
img_00008056,images/img_00008056.jpg,02_deepfirearm,deepfirearm,c2c88c706fac6ec9990526d18af458ce5069d861e0c43a66bb5fbea879f886a9,,pending,,,,5
img_00008057,images/img_00008057.jpg,02_deepfirearm,deepfirearm,6df143a6149a453e878fb66fe4f01d2f1e6ba81c5670cd160cbd8faa915f28da,,pending,,,,5
img_00008058,images/img_00008058.jpg,02_deepfirearm,deepfirearm,e3f247be2adbe5c5e926d2db2aa5ec639f74919c0285a127e8b7f9d6237c61dc,,pending,,,,5
img_00008059,images/img_00008059.jpg,02_deepfirearm,deepfirearm,949f50fa570fe4925031062f845830c05f81b2456ec0c70adc36b52d714bcd2d,,pending,,,,5
img_00008060,images/img_00008060.jpg,02_deepfirearm,deepfirearm,77860a1fbb285d97a1719f56db9253b292380b10fe82af6593911e6413f0f8bd,,pending,,,,5
img_00008061,images/img_00008061.jpg,02_deepfirearm,deepfirearm,7be39a6a47f38e05d26b9bd784e05175deba9e1414820237a6a5df8192ce309b,,pending,,,,5
img_00008062,images/img_00008062.jpg,02_deepfirearm,deepfirearm,8a2b837ca4127557ef1fc23b936882244911a435d1858160fc6207bace01189c,,pending,,,,5
img_00008063,images/img_00008063.jpg,02_deepfirearm,deepfirearm,ceefd2ef6fb7a43f113f7b79efa62d5ea507cc623344d545020207e762387599,,pending,,,,5
img_00008064,images/img_00008064.jpg,02_deepfirearm,deepfirearm,6c4095d90f88b424c4048791298c40488df5f743709273119d934139a28b7e33,,pending,,,,5
img_00008065,images/img_00008065.jpg,02_deepfirearm,deepfirearm,cc898345065043142e1bd25397fb6cf00e372ed123e6c07943d8d1f39758c94b,,pending,,,,5
img_00008066,images/img_00008066.jpg,02_deepfirearm,deepfirearm,83566b662eb429798ecd5d33e35a8c599c83ff89db7b15405368012cd16d005c,,pending,,,,5
img_00008067,images/img_00008067.jpg,02_deepfirearm,deepfirearm,4aa6d2fbb7c4a3cfa36749c0a90141c4f3f99f7c4df98fc80184a9241c6e7418,,pending,,,,5
img_00008068,images/img_00008068.jpg,02_deepfirearm,deepfirearm,484235f7c5d65921b936d662096b5d2fcef67e9d935fc0b89dfbbaa9e2dbc6bf,,pending,,,,5
img_00008069,images/img_00008069.jpg,02_deepfirearm,deepfirearm,f08d2ce973d2d5b4edd870b8051ffaa90a1b2b580bfa0c1ca5d13accbbe2b129,,pending,,,,5
img_00008070,images/img_00008070.jpg,02_deepfirearm,deepfirearm,a7a6c550e799e8e74a2bbf3a64e30782e9087f50804a40f1e7f8d138fd1988f8,,pending,,,,5
img_00008071,images/img_00008071.jpg,02_deepfirearm,deepfirearm,3d4ac3737066857ba5aec5e8b93bd8417f3f990f279cbd86921be578d28f088c,,pending,,,,5
img_00008072,images/img_00008072.jpg,02_deepfirearm,deepfirearm,d5327969ff6bf27afadf2f47ba285bf39c9aaf7a98d244c70bb2856b7fcbc01e,,pending,,,,5
img_00008073,images/img_00008073.jpg,02_deepfirearm,deepfirearm,30078253d3a9436b0e33fb6da0376ef57e6faa380427f016fb97e2d024e72f2b,,pending,,,,5
img_00008074,images/img_00008074.jpg,02_deepfirearm,deepfirearm,a4c8eaf623fb9a14c41ca382907e255b07cbee17523060d91cdbb667bf634e9e,,pending,,,,5
img_00008075,images/img_00008075.jpg,02_deepfirearm,deepfirearm,0e2f1dfb4abee278ea67e2079131141c1c18b3506dd4425451e6adc3447dacb6,,pending,,,,5
img_00008076,images/img_00008076.jpg,02_deepfirearm,deepfirearm,585f0449eab7a4e4c64f1df881c0ae50a265bce26978dc3a0e42263d35867923,,pending,,,,5
img_00008077,images/img_00008077.jpg,02_deepfirearm,deepfirearm,cfd29655a59d321870b373df85ff83cbbd166c1c6ffa32c57ac59a2980bfbc6f,,pending,,,,5
img_00008078,images/img_00008078.jpg,02_deepfirearm,deepfirearm,d0fb55b5e2aeb919e42c9b0b949ee3188fd8cbe27948efda06e1f33059eaeca4,,pending,,,,5
img_00008079,images/img_00008079.jpg,02_deepfirearm,deepfirearm,80fe50c5239aed4f69b8c14a0358a6e8474421299fde5c8bfd8b02ac14fbd5ad,,pending,,,,5
img_00008080,images/img_00008080.jpg,02_deepfirearm,deepfirearm,efcbc48c94f0bce9cffa6cb41792b9eb3e2c954a02ee8b78a7e0a116d5fdd3b1,,pending,,,,5
img_00008081,images/img_00008081.jpg,02_deepfirearm,deepfirearm,e3f63033d4b0fc70be4ac9fa0a02c13b4d1d276353e91458d7d41f95112ce214,,pending,,,,5
img_00008082,images/img_00008082.jpg,02_deepfirearm,deepfirearm,200a4de1d342452058114a92753205322de7ad228fbf4399feca73e60da8011d,,pending,,,,5
img_00008083,images/img_00008083.jpg,02_deepfirearm,deepfirearm,a1535d2184ee9f20e8f9d940ecf967a4be8bcd0b2f5804ccff95df4ee08d90eb,,pending,,,,5
img_00008084,images/img_00008084.jpg,02_deepfirearm,deepfirearm,70b4f5fc537bd609b2685ffb52584e39954ee8605f0c130741f8f7565d5eb088,,pending,,,,5
img_00008085,images/img_00008085.jpg,02_deepfirearm,deepfirearm,fa3d0245db68dfa74dba0898b9b19ae4877348e99f33b210875184dccef09d60,,pending,,,,5
img_00008086,images/img_00008086.jpg,02_deepfirearm,deepfirearm,7166ad2235222bb05abfb9f43e58bef390c637a54bd6b3ce59cbd4983ae8f157,,pending,,,,5
img_00008087,images/img_00008087.jpg,02_deepfirearm,deepfirearm,b461f26a03a1d7f7e73d4861f9625fee13cffa6f50f67b10c5b9cd4d9c4b1b3f,,pending,,,,5
img_00008088,images/img_00008088.jpg,02_deepfirearm,deepfirearm,a0797f6f15c15f85fca68ee5a301d3160c5945f6489913c42cc8241ca5fe6c05,,pending,,,,5
img_00008089,images/img_00008089.jpg,02_deepfirearm,deepfirearm,b487ac9db988f47c69e923c82190700d38064fa5ffa7277b290aa4e553511972,,pending,,,,5
img_00008090,images/img_00008090.jpg,02_deepfirearm,deepfirearm,a8f833a48d17209394f76319e87f81c4cdc829de38b00d0daf745283654548a5,,pending,,,,5
img_00008091,images/img_00008091.jpg,02_deepfirearm,deepfirearm,007adfaa37fe61b49ea57ee46f58a1debd76482bc9b64dbfac6cb4224862dc47,,pending,,,,5
img_00008092,images/img_00008092.jpg,02_deepfirearm,deepfirearm,93febf7f0140b78a3044a7435d19eeada8a99e69c6d558d3b8052c353db63602,,pending,,,,5
img_00008093,images/img_00008093.jpg,02_deepfirearm,deepfirearm,0e28b1572b5747e3d87ff3c47c79794f01c9369dc35a16c9fca5f01b15bd307c,,pending,,,,5
img_00008094,images/img_00008094.jpg,02_deepfirearm,deepfirearm,66cdc6b4360f2b95dff2e617f149dbbd56fcdcf3c1b8a9ee4b3c225d11d7fd31,,pending,,,,5
img_00008095,images/img_00008095.jpg,02_deepfirearm,deepfirearm,a5ebc2e437c0def972f72769bde8396717cc6a06fd36c7033032b3f6dbfc19e3,,pending,,,,5
img_00008096,images/img_00008096.jpg,02_deepfirearm,deepfirearm,58fc887175c385828e8d9dc06a5e21ed0b097549e80044c13b11cdf01dc1fbb8,,pending,,,,5
img_00008097,images/img_00008097.jpg,02_deepfirearm,deepfirearm,5a4fb26438861a2a6df2bbc67089935116ccf794cc16db8882c465769072dc2e,,pending,,,,5
img_00008098,images/img_00008098.jpg,02_deepfirearm,deepfirearm,c5125bedec22236ed2e06c91234d3c9ff8a221474518c9f49613a7373ddc786e,,pending,,,,5
img_00008099,images/img_00008099.jpg,02_deepfirearm,deepfirearm,ee75230277d4e12eccd7c57971d3a89742faa839fdc0b9c765367c06a68f6cf4,,pending,,,,5
img_00008100,images/img_00008100.jpg,02_deepfirearm,deepfirearm,4b7946f7d19261f48c7dc6d44ae6de3cb62101e30953e183edb99e43226fbf9c,,pending,,,,5
img_00008101,images/img_00008101.jpg,02_deepfirearm,deepfirearm,a8fc510d887da102993ff19350a9945bd9102b679537cec978da498bd2d2e3b6,,pending,,,,5
img_00008102,images/img_00008102.jpg,02_deepfirearm,deepfirearm,f854493234ecda2f2d9d07e79bca949808204bebe49a5dcaac848b3b30b45a8f,,pending,,,,5
img_00008103,images/img_00008103.jpg,02_deepfirearm,deepfirearm,281703b6e07cb6649556647a1800f8f7c15f22374cd5abeefae146672b84f02c,,pending,,,,5
img_00008104,images/img_00008104.jpg,02_deepfirearm,deepfirearm,2f3b9dc4c545bf7defe97c1b28ecc57ca4b068ea833c9c9027ef2ea2ff8835df,,pending,,,,5
img_00008105,images/img_00008105.jpg,02_deepfirearm,deepfirearm,8737c88aef103bb799c4eff903a8d468c8489fb0e09a7204e2e5f2fd5e381b2b,,pending,,,,5
img_00008106,images/img_00008106.jpg,02_deepfirearm,deepfirearm,93e601f5e66e8406002cf461bc7ff4944d38d0109e51c76e0f0be37a3d82be95,,pending,,,,5
img_00008107,images/img_00008107.jpg,02_deepfirearm,deepfirearm,5302a4eeca5e1debf5dfc3147e552c5db770bd36883796f9ad4b74fff059cdd8,,pending,,,,5
img_00008108,images/img_00008108.jpg,02_deepfirearm,deepfirearm,fd60cce0135c5ff3b2d4bce516af2bb7a977fd7f3dd679103483d05af7206ef2,,pending,,,,5
img_00008109,images/img_00008109.jpg,02_deepfirearm,deepfirearm,08e272081497ab910918ac46923ef25507e2ef058d4699846f881e5271ed7683,,pending,,,,5
img_00008110,images/img_00008110.jpg,02_deepfirearm,deepfirearm,6f75f3bc7aa14137d489605d3005725b04740e8ed5199eeee9b4c27c925a009d,,pending,,,,5
img_00008111,images/img_00008111.jpg,02_deepfirearm,deepfirearm,588cda554d529960b51e088ea0ad61857bb71c6815522c5ed23bb305da33f585,,pending,,,,5
img_00008112,images/img_00008112.jpg,02_deepfirearm,deepfirearm,5df2b5a8c62c4cbdf9b07ee8a2912a966b37c43bc8339ae128b4a83575f1c99f,,pending,,,,5
img_00008113,images/img_00008113.jpg,02_deepfirearm,deepfirearm,f9898a685547ddab0b1582f84ae173eeab5045368319e828fe0c7406d1881579,,pending,,,,5
img_00008114,images/img_00008114.jpg,02_deepfirearm,deepfirearm,54b86aa5142a6d4a36c4e983da32fdaeb62b8d06641b07756f5b778b6d57cbb5,,pending,,,,5
img_00008115,images/img_00008115.jpg,02_deepfirearm,deepfirearm,870bd8fedb5a72c198f9fada4e842956197931ee42d7ac27ab9912120dae0d72,,pending,,,,5
img_00008116,images/img_00008116.jpg,02_deepfirearm,deepfirearm,ef1d19b22e768cd2d3e94ab6f04f6be5a2d49be70eb035bffa67f06f2468dd3e,,pending,,,,5
img_00008117,images/img_00008117.jpg,02_deepfirearm,deepfirearm,f9f21737a3014e2d9227f2ac1723413dded5d724e622f28856cd7d0536952e27,,pending,,,,5
img_00008118,images/img_00008118.jpg,02_deepfirearm,deepfirearm,a65f8a4ec2cc245b4c2590c740f892a347ddbd329a1789363f27a2a95e98e580,,pending,,,,5
img_00008119,images/img_00008119.jpg,02_deepfirearm,deepfirearm,e49f366813fc5d19e69e675ccd9757e138a9f5e6893b40cbf1a0e9231354f61e,,pending,,,,5
img_00008120,images/img_00008120.jpg,02_deepfirearm,deepfirearm,c41e97f9b290820482c920f8f9b1cd3a0cb439e7ad086499c3ae380f1657c28c,,pending,,,,5
img_00008121,images/img_00008121.jpg,02_deepfirearm,deepfirearm,8a983fe899c7b205f621b391bbdc2dbcd9000e7f7620ebb36f73c79ccd437441,,pending,,,,5
img_00008122,images/img_00008122.jpg,02_deepfirearm,deepfirearm,5ed619f80b1de053ff5b35246e41c2444285db5dcde3a9eae9ea4eb15db9ebe0,,pending,,,,5
img_00008123,images/img_00008123.jpg,02_deepfirearm,deepfirearm,85dbc9e56d34795880288ec5f67903d257b4669ee04aad4e63f82803715d58ae,,pending,,,,5
img_00008124,images/img_00008124.jpg,02_deepfirearm,deepfirearm,abd5d465d365a1406df1c0bc8f0730c27efb4366a620f583250ab84ee5df2868,,pending,,,,5
img_00008125,images/img_00008125.jpg,02_deepfirearm,deepfirearm,c931b2fc440507713cc791bb7290e4cc8f891a9b996c5165775ca1cd6d2dd1c5,,pending,,,,5
img_00008126,images/img_00008126.jpg,02_deepfirearm,deepfirearm,c124062a0f6e82b02f27f9b9b29737a585b800a25d173b86378c927bccbe1851,,pending,,,,5
img_00008127,images/img_00008127.jpg,02_deepfirearm,deepfirearm,f6cf238adc256f28485488792def2d24b28c28d0063de8a6f89b56e7cbf52f31,,pending,,,,5
img_00008128,images/img_00008128.jpg,02_deepfirearm,deepfirearm,d409c69082809f365e5d7fc29c03b82d58470bef674b6ef59df8f87db6d4e775,,pending,,,,5
img_00008129,images/img_00008129.jpg,02_deepfirearm,deepfirearm,2a7d8b3f442d3f31cdc68000aca0b254969763a25b50719e758981927a8db546,,pending,,,,5
img_00008130,images/img_00008130.jpg,02_deepfirearm,deepfirearm,08507c9e881285c0b579c0feeb0f0e00fcacb2c3ee68aa45c35db2ae9c1a2425,,pending,,,,5
img_00008131,images/img_00008131.jpg,02_deepfirearm,deepfirearm,1ecae2e28da644de78edcbaad4c62ea1ad132150ddb4ce5182505f6bedb4da3f,,pending,,,,5
img_00008132,images/img_00008132.jpg,02_deepfirearm,deepfirearm,9845fbffe786b6f7db78f15d79621630bc9e9bd5ba2c3e3a478b0d4a0774d993,,pending,,,,5
img_00008133,images/img_00008133.jpg,02_deepfirearm,deepfirearm,f61093f903f4071d140151715b05e07cece2068c2c7e2705240f34b30e28dd83,,pending,,,,5
img_00008134,images/img_00008134.jpg,02_deepfirearm,deepfirearm,4a844dafe420ad9d5c84447536c2dbbfbddd669cfeef31e81781115964a73b82,,pending,,,,5
img_00008135,images/img_00008135.jpg,02_deepfirearm,deepfirearm,d9db2a2a1e289eef77a78901b6f9a6616ebb1ab80396257a16d9ade0a7f6227f,,pending,,,,5
img_00008136,images/img_00008136.jpg,02_deepfirearm,deepfirearm,946dfb21e059fcddea2836745a7112c2da10c8e2812afc66619fcbf403ee7200,,pending,,,,5
img_00008137,images/img_00008137.jpg,02_deepfirearm,deepfirearm,309abbcdd7fdb680dbffba2d476241f7c4be55d1808a149d2604bcb04cd2892d,,pending,,,,5
img_00008138,images/img_00008138.jpg,02_deepfirearm,deepfirearm,252ebb313e68800a8efa1fb535d678930e86b854f8f55479e6329f6ef2b0393b,,pending,,,,5
img_00008139,images/img_00008139.jpg,02_deepfirearm,deepfirearm,56c0fcdd60b514065dd0e643a7174e0e3e24e3283faae1cb6fb8b3e45e8417c0,,pending,,,,5
img_00008140,images/img_00008140.jpg,02_deepfirearm,deepfirearm,08e339a698a05bb963ec172aaa6b2f698368aad2585bed54c9b28b783e5583ab,,pending,,,,5
img_00008141,images/img_00008141.jpg,02_deepfirearm,deepfirearm,78cad8e8a8e1c0f0ccb3d4fd64090753298bbabbebc76bad931456f95c61e043,,pending,,,,5
img_00008142,images/img_00008142.jpg,02_deepfirearm,deepfirearm,1afdbcf34b799459861adcfd2a44afd0fe089dffaa4840cbe249a2685295b2c2,,pending,,,,5
img_00008143,images/img_00008143.jpg,02_deepfirearm,deepfirearm,13eaf5ef71abab142dd95c7a31c3fc05e66f4a2e769731e3cb23e7f1ae1a8d9f,,pending,,,,5
img_00008144,images/img_00008144.jpg,02_deepfirearm,deepfirearm,c446b25f41c11de9c74ffe72de49e9d54bfade2f764c44012c9e9bae7bf9ebb9,,pending,,,,5
img_00008145,images/img_00008145.jpg,02_deepfirearm,deepfirearm,4e0c8e3ecdb047ffedcd6fabcf94475a20f940868e77c96de27c71731d740f32,,pending,,,,5
img_00008146,images/img_00008146.jpg,02_deepfirearm,deepfirearm,0e5fc08c12ab42dc4b47e46934adee4ee333998e789207fa047dd08e87e49559,,pending,,,,5
img_00008147,images/img_00008147.jpg,02_deepfirearm,deepfirearm,d4fbca5cd010d55b34354ba89e1452bfb9264d5c36860e6294d225ad7a574d9e,,pending,,,,5
img_00008148,images/img_00008148.jpg,02_deepfirearm,deepfirearm,63cc5daee2a69679f2be4affb082a0abfabec6c0e0c89de6ed5c66cc97267e48,,pending,,,,5
img_00008149,images/img_00008149.jpg,02_deepfirearm,deepfirearm,d8548091821b4c336ef7280eaf113759006ac757b2be6abed2078076c1a33ea7,,pending,,,,5
img_00008150,images/img_00008150.jpg,02_deepfirearm,deepfirearm,b331c556b6324462d7a49a77c8bbc57e511499d03d3249ce88ef3dae6502a153,,pending,,,,5
img_00008151,images/img_00008151.jpg,02_deepfirearm,deepfirearm,ff1ff6d8cf985b2ede9cf64a88530b893c1eb91e24ab60a13f0e1e2c94f2da5b,,pending,,,,5
img_00008152,images/img_00008152.jpg,02_deepfirearm,deepfirearm,a942ead2dee97afcf6695b63371fd510c9c0968556266fc7193d4a111f3c51a9,,pending,,,,5
img_00008153,images/img_00008153.jpg,02_deepfirearm,deepfirearm,38091cba664b6e1a8b84c67ddba7c17a7b35030e925d812cfddd90708c39d25c,,pending,,,,5
img_00008154,images/img_00008154.jpg,02_deepfirearm,deepfirearm,1ba710b81d8a42c4b5131a1408367b83593481eae9d6378c92ee8b84a18c2148,,pending,,,,5
img_00008155,images/img_00008155.jpg,02_deepfirearm,deepfirearm,e9c1bdb4e90770f53c2d64d080be717bb157676bbb39a8c8904ff2cebb82fe2b,,pending,,,,5
img_00008156,images/img_00008156.jpg,02_deepfirearm,deepfirearm,ce21cb976685669e0e6ed310aecf56b4fd33295e873bf5b48ceaae4c9011f770,,pending,,,,5
img_00008157,images/img_00008157.jpg,02_deepfirearm,deepfirearm,2d935646276905992412b955bdf695df3d36d942f3e71c5ff0c48611295521db,,pending,,,,5
img_00008158,images/img_00008158.jpg,02_deepfirearm,deepfirearm,a2ce9a4780b0d6d39d5fffcb5931a7bc7970cc2c7c4dfd1e805e966de240f7a4,,pending,,,,5
img_00008159,images/img_00008159.jpg,02_deepfirearm,deepfirearm,91f142a2191f4cfc78149913599f7a928838d6c32e4f0f945cbf21587ad51f1e,,pending,,,,5
img_00008160,images/img_00008160.jpg,02_deepfirearm,deepfirearm,f13c9b9ca2a9fdfa5294e9414fc63dc8f923236bded64d15b0d40cceeb26bf06,,pending,,,,5
img_00008161,images/img_00008161.jpg,02_deepfirearm,deepfirearm,ba98ea812925105bf49f6e2bdbcd5c470b89993d5383cfab74cbb026ca136254,,pending,,,,5
img_00008162,images/img_00008162.jpg,02_deepfirearm,deepfirearm,424fc99a25265c5d2186d7f31b3e5e26f2f3c20a5c7b32f0710b26310c4302f1,,pending,,,,5
img_00008163,images/img_00008163.jpg,02_deepfirearm,deepfirearm,bd58866fcd108e9da6f5b5d9ba01ff7afc735c534258414ab14acb8dc142ad29,,pending,,,,5
img_00008164,images/img_00008164.jpg,02_deepfirearm,deepfirearm,53e3b165257d52e084ee47edcd31bb4b1fdbb19b9c87b02fbc428d8825dbe4b6,,pending,,,,5
img_00008165,images/img_00008165.jpg,02_deepfirearm,deepfirearm,b783fadea42d14ed0e386dddca2dcf5d41ee0b95a99de46ba389e98b5bcec6a9,,pending,,,,5
img_00008166,images/img_00008166.jpg,02_deepfirearm,deepfirearm,f923f3019bef11d83efa3ec70d6f8f5dac3edaebddc846fdf1db5e9f6f4936a2,,pending,,,,5
img_00008167,images/img_00008167.jpg,02_deepfirearm,deepfirearm,de065147a349a067be8be865ddf22a37447262d54feb65f41c068c8388e668f0,,pending,,,,5
img_00008168,images/img_00008168.jpg,02_deepfirearm,deepfirearm,adf1aceec6eeeac220719e9e6f15aabb971d240fd5487f8f0e1023bc546eed05,,pending,,,,5
img_00008169,images/img_00008169.jpg,02_deepfirearm,deepfirearm,3cdfd7ec094749351a89dd5cd6a74809c7b0eb521c0b3462106300aa5817ede2,,pending,,,,5
img_00008170,images/img_00008170.jpg,02_deepfirearm,deepfirearm,a396b0fa174b827a0404355ebb11a531e212afa0d7773587aa612116e3da09e3,,pending,,,,5
img_00008171,images/img_00008171.jpg,02_deepfirearm,deepfirearm,b1c71b4fdd98929320b0701a1141a6a24f26422025929ed5725e2aa8856cc0eb,,pending,,,,5
img_00008172,images/img_00008172.jpg,02_deepfirearm,deepfirearm,15e43a863de068095f167efae3a1585731e8f58f384dc2e3562e3c5c44c5b1ca,,pending,,,,5
img_00008173,images/img_00008173.jpg,02_deepfirearm,deepfirearm,5c733f2a956374b0e8e3bbeccf2de0f4f72afc49d2d811889f9d1821102d7717,,pending,,,,5
img_00008174,images/img_00008174.jpg,02_deepfirearm,deepfirearm,40f9aa33f256aae36ea7704b5ecfc2b48ede4e30b07a9183fd432469e1cd377c,,pending,,,,5
img_00008175,images/img_00008175.jpg,02_deepfirearm,deepfirearm,e359bc09ef1f3b52b8dfa14b8a5cec55c50e1942333dda22665a98551262657e,,pending,,,,5
img_00008176,images/img_00008176.jpg,02_deepfirearm,deepfirearm,90cec2c20d2bb05df045eb77e7fc03d78fc8554cd10dc601c26a86295aeff97a,,pending,,,,5
img_00008177,images/img_00008177.jpg,02_deepfirearm,deepfirearm,84a2c75056c3fafac7a5ea9de15109c95c9e3ba5437c7af3dae0c8d31819ece5,,pending,,,,5
img_00008178,images/img_00008178.jpg,02_deepfirearm,deepfirearm,609c992106a259d860d21637dd54f6979c1b9316ab84394c9cb1c147ba6bc206,,pending,,,,5
img_00008179,images/img_00008179.jpg,02_deepfirearm,deepfirearm,a103bc7f008b393050f0f877935b7b06dfb485e74f836537130cef4283347523,,pending,,,,5
img_00008180,images/img_00008180.jpg,02_deepfirearm,deepfirearm,6e53a79a1aad5a0143c766e684d8a8807a7f007858642e4b5079f3bad9c449bf,,pending,,,,5
img_00008181,images/img_00008181.jpg,02_deepfirearm,deepfirearm,8889714710584ae0d42cffca1a05c1473c96943d6cd97fec94a980c60af6a789,,pending,,,,5
img_00008182,images/img_00008182.jpg,02_deepfirearm,deepfirearm,2696fe571352c320116fb27368d917e83336805bfa4cab27b75d4fa0eabfd642,,pending,,,,5
img_00008183,images/img_00008183.jpg,02_deepfirearm,deepfirearm,59326aac0039255db12fddd92ca914c9cb898f1edd8461b5bfa8a0f199a4ec54,,pending,,,,5
img_00008184,images/img_00008184.jpg,02_deepfirearm,deepfirearm,a04f33481c240f2422a7a44c000edcd561033764a42b065422ca1af9d8cda5cd,,pending,,,,5
img_00008185,images/img_00008185.jpg,02_deepfirearm,deepfirearm,0d5ff3eb0b07f3f333a82c93cba186e22fd845418c211d77d894835f106ebf2c,,pending,,,,5
img_00008186,images/img_00008186.jpg,02_deepfirearm,deepfirearm,0636d67491fd2e03402869258e1071c5c12563d30313116328b5e8737f8a43d0,,pending,,,,5
img_00008187,images/img_00008187.jpg,02_deepfirearm,deepfirearm,38284bf14a7163ccea5b96040b3f1d5dd52a6e66c568e27a43c9909d3faf99fc,,pending,,,,5
img_00008188,images/img_00008188.jpg,02_deepfirearm,deepfirearm,2fffa175dcbb91e3a71b0b2ce1a8062ef875a69a5f40ce87bd1c321110b00478,,pending,,,,5
img_00008189,images/img_00008189.jpg,02_deepfirearm,deepfirearm,738ffc8b1a1246a1c65ce989444ac7a3e0519b907a917fc27cb65bd5eae4aeb0,,pending,,,,5
img_00008190,images/img_00008190.jpg,02_deepfirearm,deepfirearm,cbc4dd626e6c9cde6e7ae8b425f6c12c71cb11ad07da0ccffcc7bdce8b2d72b8,,pending,,,,5
img_00008191,images/img_00008191.jpg,02_deepfirearm,deepfirearm,a2c444045300fd34265ce307aaf5a8fd43cee44471b556537212c640784a8102,,pending,,,,5
img_00008192,images/img_00008192.jpg,02_deepfirearm,deepfirearm,411b7684af0a9d749678d21e62370ab9fd1f5767c6b21f4263df9dd22cf0e743,,pending,,,,5
img_00008193,images/img_00008193.jpg,02_deepfirearm,deepfirearm,db45eeced7a4b7afdcbf229d59ccebeb58ea0645d25b340873e9fcb2c8238a6d,,pending,,,,5
img_00008194,images/img_00008194.jpg,02_deepfirearm,deepfirearm,18bec3dfe02d4b3f06857f168cb09db3334b382f3011363a211e5929721fa9c7,,pending,,,,5
img_00008195,images/img_00008195.jpg,02_deepfirearm,deepfirearm,1869200092294df81ec77ffc3508014fc46229af76d845e2f008ae264f7cb658,,pending,,,,5
img_00008196,images/img_00008196.jpg,02_deepfirearm,deepfirearm,d49995fba00b89f9bb93b7023840780f2d4d6c2e0b87f2e3030809c7957d17a9,,pending,,,,5
img_00008197,images/img_00008197.jpg,02_deepfirearm,deepfirearm,cfbe29ed2640a21eb2f71b36f8f0d6e0bd1d92e399f50f1bc5398a67128b1a25,,pending,,,,5
img_00008198,images/img_00008198.jpg,02_deepfirearm,deepfirearm,88428fe8e803ad55cef27be7145f6194058e77f7e5361a2901f0d739a1e33061,,pending,,,,5
img_00008199,images/img_00008199.jpg,02_deepfirearm,deepfirearm,039fc6b93367da62658581912dac5f94962a0473737ec789ef2c6614d0c6fe37,,pending,,,,5
img_00008200,images/img_00008200.jpg,02_deepfirearm,deepfirearm,4970977dbe2b2095eb3309f2f72ba273fdbc990a067245bf54a2e35429beab73,,pending,,,,5
img_00008201,images/img_00008201.jpg,02_deepfirearm,deepfirearm,5be71b18b275edb93d6a3c48811559e5c6b146b442b416460ee7d49dd39d4007,,pending,,,,5
img_00008202,images/img_00008202.jpg,02_deepfirearm,deepfirearm,fb8ff9c6b4422dd123137c8e0a6414c4b6a7ee1d42392dd0efca0c0e09772852,,pending,,,,5
img_00008203,images/img_00008203.jpg,02_deepfirearm,deepfirearm,4519d11f6c0213eb369f43d81d93c1b66270f21b133c50df050992f24422db59,,pending,,,,5
img_00008204,images/img_00008204.jpg,02_deepfirearm,deepfirearm,d5a951688174f9d2e317a827136e95cc8656d181bd6c66188056755b29f1436d,,pending,,,,5
img_00008205,images/img_00008205.jpg,02_deepfirearm,deepfirearm,7fa08112f43918194bcffec758f3cbe0be81cb23ff53f0203afa00f33ad48fe8,,pending,,,,5
img_00008206,images/img_00008206.jpg,02_deepfirearm,deepfirearm,399c7e370fbbb10e61dc7ffaf4f5b19c9528cd71db99e4a4ee22dbbe3b44bcf8,,pending,,,,5
img_00008207,images/img_00008207.jpg,02_deepfirearm,deepfirearm,fa0505a60c7bc6dec2f9f01154f2c2a07dede05c9e2c205ad2f8c0edf292da8f,,pending,,,,5
img_00008208,images/img_00008208.jpg,02_deepfirearm,deepfirearm,f555ff135bafbe763e30877b6e9d4e89a4a6bed3e33baf41c23994f185c6a70b,,pending,,,,5
img_00008209,images/img_00008209.jpg,02_deepfirearm,deepfirearm,196bf2468a212bb96c6dac3d5f3a537b5d328049a3994446ff42cbd169300619,,pending,,,,5
img_00008210,images/img_00008210.jpg,02_deepfirearm,deepfirearm,8373d82a7abbeef68a919cb727f2b58cfd511e18cf424665cfbe425c9c3a8381,,pending,,,,5
img_00008211,images/img_00008211.jpg,02_deepfirearm,deepfirearm,834020f2adac0817c05d61c530ba40c2f17f7cbd819518c6f4cb98c419bd77d5,,pending,,,,5
img_00008212,images/img_00008212.jpg,02_deepfirearm,deepfirearm,062c197d087793b164f1b3eb0cb1340f8b0d3bf8a54faaeaff147a04c1ce3c40,,pending,,,,5
img_00008213,images/img_00008213.jpg,02_deepfirearm,deepfirearm,3cf91d66446f57b73c11d57289d527a150d0299debd6bcc73f8adc910f79c1aa,,pending,,,,5
img_00008214,images/img_00008214.jpg,02_deepfirearm,deepfirearm,9a778355e712ec91cdb2f4d351d64cdcdde650e31519d324186110689154ca5b,,pending,,,,5
img_00008215,images/img_00008215.jpg,02_deepfirearm,deepfirearm,7938efc09cc849688b05fd34bbfb47aab8f1e4f48a0e66e3a564c41720c43a40,,pending,,,,5
img_00008216,images/img_00008216.jpg,02_deepfirearm,deepfirearm,d8c3d60da83ce24e208b6e106d2c931b49449ebaa8182d3ffafa96aefe0e1ff4,,pending,,,,5
img_00008217,images/img_00008217.jpg,02_deepfirearm,deepfirearm,005368a0d14e407f680690a68dade9fc63ec07ebae5aa5938d81a7cec878970c,,pending,,,,5
img_00008218,images/img_00008218.jpg,02_deepfirearm,deepfirearm,58450fe8da79f1074620ff0253398fa5118ecd317953dc1851a4dc96a6ce40e3,,pending,,,,5
img_00008219,images/img_00008219.jpg,02_deepfirearm,deepfirearm,6f646efa225fa04f5329c2aa531d75bee9f0a714395328d9534376a50a464485,,pending,,,,5
img_00008220,images/img_00008220.jpg,02_deepfirearm,deepfirearm,ab9649fd86b1437bb3ab13c9f192e9a6cc375b7d033b7caed41d3ea9688b5b1f,,pending,,,,5
img_00008221,images/img_00008221.jpg,02_deepfirearm,deepfirearm,60eb6b2000c29aaedc58b093f413fcae3bc899943cff8219af32d9bc797dfbab,,pending,,,,5
img_00008222,images/img_00008222.jpg,02_deepfirearm,deepfirearm,1cea1c224ea9207aa93305c9225d953d317ca1eec89ee18ef099191c5746f5d9,,pending,,,,5
img_00008223,images/img_00008223.jpg,02_deepfirearm,deepfirearm,20efc76f9b5b64d6c5d5c628381f2e6e38ad785ba24a807366b166cc75c257bc,,pending,,,,5
img_00008224,images/img_00008224.jpg,02_deepfirearm,deepfirearm,47b57af5bc2b27b40179b431d37aaa29d149ef46367f751aaeda45ba8e388368,,pending,,,,5
img_00008225,images/img_00008225.jpg,02_deepfirearm,deepfirearm,735a6538e5555d81cbddf3635314f87c2289a0b548ae991cb667092eae726576,,pending,,,,5
img_00008226,images/img_00008226.jpg,02_deepfirearm,deepfirearm,697294fb0cfac95a44e80b1a7aae8006a54973afa3e0ef98789931c210a4dcbb,,pending,,,,5
img_00008227,images/img_00008227.jpg,02_deepfirearm,deepfirearm,afb649e148b80497fd2011a383c52b7e44095c5b7ec3fe5c5de5994462d0347e,,pending,,,,5
img_00008228,images/img_00008228.jpg,02_deepfirearm,deepfirearm,b8788380ea7833dec58368a3a19ff67b3703cd1f232426b1564f5f690764196b,,pending,,,,5
img_00008229,images/img_00008229.jpg,02_deepfirearm,deepfirearm,cc5bf54071f9edaa84ac0ccf35dda0c96d20ed1cbf13a08f1baae3a38645cafa,,pending,,,,5
img_00008230,images/img_00008230.jpg,02_deepfirearm,deepfirearm,51e69c2ded1008fba7d957c80d854c3399aed95bb1f4c80c5d8bc8f2c788a4a2,,pending,,,,5
img_00008231,images/img_00008231.jpg,02_deepfirearm,deepfirearm,17464370da482f79dd28e2102aeed0ef3398aa29bdc6c27af690698bf095804d,,pending,,,,5
img_00008232,images/img_00008232.jpg,02_deepfirearm,deepfirearm,0d0b6b0bf3aad33d7f6db069385a37e1ea698fa6a90f7aef6df19252673c8434,,pending,,,,5
img_00008233,images/img_00008233.jpg,02_deepfirearm,deepfirearm,703d4ba15283588df47b8a9dd7d3bd761e007070eb9d81b7033d7dea0d836e5a,,pending,,,,5
img_00008234,images/img_00008234.jpg,02_deepfirearm,deepfirearm,7493931a6f54aad61f4cba841a35c0fc9535f9ad445eb21664d843447e5dd1a3,,pending,,,,5
img_00008235,images/img_00008235.jpg,02_deepfirearm,deepfirearm,f436a605586b5b71f73574349f6ca0e6eefd47e3a26f0088565c2c67ae7bb885,,pending,,,,5
img_00008236,images/img_00008236.jpg,02_deepfirearm,deepfirearm,5c55923e3a9405a373ea175a4b4b2822d7e32fc40fc8e6ce88fe58adece9970f,,pending,,,,5
img_00008237,images/img_00008237.jpg,02_deepfirearm,deepfirearm,5ec270a413d51e2f64173432eba33790054d138fd25edbcbaf06dbf6eadf2542,,pending,,,,5
img_00008238,images/img_00008238.jpg,02_deepfirearm,deepfirearm,7968ca4a9a9c5c16a2bf8edd16281df5f1d2eb361740d12221b9a7c1d08e61c6,,pending,,,,5
img_00008239,images/img_00008239.jpg,02_deepfirearm,deepfirearm,8c04c5894c686b3b33295b3fa2e850649a68977ce1921ce262772b93bc768d15,,pending,,,,5
img_00008240,images/img_00008240.jpg,02_deepfirearm,deepfirearm,9842c37789a38c06d8cc14ca883793ceb8a8d63579eb120702e7c4ac7057a873,,pending,,,,5
img_00008241,images/img_00008241.jpg,02_deepfirearm,deepfirearm,3b846dd6f31b1fe8b06e01fa64ec7ee58dc1921e9b55c4098ee4b9cc6499cc62,,pending,,,,5
img_00008242,images/img_00008242.jpg,02_deepfirearm,deepfirearm,697050bcff1309ac2358e60fc0fe33d3360501ba33af82a9dca8e5e5795926fa,,pending,,,,5
img_00008243,images/img_00008243.jpg,02_deepfirearm,deepfirearm,dd555a118e19854f955598de8ba998231dc563d655dde910d17935eb0854ab8f,,pending,,,,5
img_00008244,images/img_00008244.jpg,02_deepfirearm,deepfirearm,14076666a49eceeed577b08df5c53e9e45d0d2faa70a4a387d7a10243bce16af,,pending,,,,5
img_00008245,images/img_00008245.jpg,02_deepfirearm,deepfirearm,4d42cba743a64569b47fe52da1037290b731ff447ad047ab1d8aebe62de3c482,,pending,,,,5
img_00008246,images/img_00008246.jpg,02_deepfirearm,deepfirearm,0fc0154777feff0e9f9f257cc9f91efcfb8a1c5bd17006991b7264fd5831b0ae,,pending,,,,5
img_00008247,images/img_00008247.jpg,02_deepfirearm,deepfirearm,931adfee01d0638a9e27c5d73c76173ded043dc12ef143ee54dd1f26352579c2,,pending,,,,5
img_00008248,images/img_00008248.jpg,02_deepfirearm,deepfirearm,33225d1e79c5fce4f2da7a53f10c7a4a29908cddb99752d4398a1fef1d8eb704,,pending,,,,5
img_00008249,images/img_00008249.jpg,02_deepfirearm,deepfirearm,cd82726d7d4ef14211b6d1f6fdb6189b7c2693fa9aedea2b9d9050d7107ba630,,pending,,,,5
img_00008250,images/img_00008250.jpg,02_deepfirearm,deepfirearm,219236405cb81cf7129fbf2bd8c0fb9d4a8e3d3ca07bd5b617e0cec59dc996a7,,pending,,,,5
img_00008251,images/img_00008251.jpg,02_deepfirearm,deepfirearm,b90206addf8eae8e0b6c6a03c25efd1bcf260a882950aef2e16a756870131155,,pending,,,,5
img_00008252,images/img_00008252.jpg,02_deepfirearm,deepfirearm,b9872334471e7db85e8a716b05244d9cf784fb29fa10a456bceb23b20e819767,,pending,,,,5
img_00008253,images/img_00008253.jpg,02_deepfirearm,deepfirearm,8c93ef75e5eca02fb5f2bfcd496bd993a9effaf3bc16b8583820d18ba00508d1,,pending,,,,5
img_00008254,images/img_00008254.jpg,02_deepfirearm,deepfirearm,0504bc455a1a4be8d78e92686bf395f8c172536a8cb84c48c7eb12cbcd1f0a26,,pending,,,,5
img_00008255,images/img_00008255.jpg,02_deepfirearm,deepfirearm,8defe6bb53819068a92b5cc00d1a37522a92c516d930d6eed11895d31821ec84,,pending,,,,5
img_00008256,images/img_00008256.jpg,02_deepfirearm,deepfirearm,dc141ce89d7f5cd02cd6b04dde3b06b0d5b569b10c77464b5121959e7c364ba9,,pending,,,,5
img_00008257,images/img_00008257.jpg,02_deepfirearm,deepfirearm,206462037ab5f9d3a82425557646f4544adc35a5177d34a8f48dca577aeeace0,,pending,,,,5
img_00008258,images/img_00008258.jpg,02_deepfirearm,deepfirearm,e8214c9605f742d41cb75faab50b0e100e81bbb1c1e282d1a09a9f1c5d81c449,,pending,,,,5
img_00008259,images/img_00008259.jpg,02_deepfirearm,deepfirearm,6727c12afa923d9244ac3a34fed515cb8b84c7bb1d0ca55ff505bdde085076a3,,pending,,,,5
img_00008260,images/img_00008260.jpg,02_deepfirearm,deepfirearm,c08ddd27d84dc661e6b7f6305f99279ebd9c7b2f13a8153d9c5eb6f0466c94bf,,pending,,,,5
img_00008261,images/img_00008261.jpg,02_deepfirearm,deepfirearm,da2dec7d0d850c7941a449fe7784cbeecf079425508ac5028bae422f573eb243,,pending,,,,5
img_00008262,images/img_00008262.jpg,02_deepfirearm,deepfirearm,a03e0fa5b88c39fbcd4fd45c79f18a187e3c3198bfb280aa06c05999b34929a2,,pending,,,,5
img_00008263,images/img_00008263.jpg,02_deepfirearm,deepfirearm,f2ba813e2981a0d2c6c9931211d9ba41a58833cbf60bba300dd449d6ebc87332,,pending,,,,5
img_00008264,images/img_00008264.jpg,02_deepfirearm,deepfirearm,528ff03bdc6f3318511b6b978231ebba70e3ba36d62094e9de80c508221a008f,,pending,,,,5
img_00008265,images/img_00008265.jpg,02_deepfirearm,deepfirearm,9ddfce5c5e24c4e25bcf77604a608c62ce1af9101d3de58dee3a39d761e07b02,,pending,,,,5
img_00008266,images/img_00008266.jpg,02_deepfirearm,deepfirearm,cdf0b0b7b61605456ae1589a69b11908cdb11626e1efa34e055fc309005bde22,,pending,,,,5
img_00008267,images/img_00008267.jpg,02_deepfirearm,deepfirearm,2cfc01f12d091ef29533ddf0464b63183c54bf118a9ff2cdb994846fe8577500,,pending,,,,5
img_00008268,images/img_00008268.jpg,02_deepfirearm,deepfirearm,45c78f64c1128bed427a97c03644751bbcaf37e34e8fa8ea2644bfd8d0eac20f,,pending,,,,5
img_00008269,images/img_00008269.jpg,02_deepfirearm,deepfirearm,5b80a6ce4e3dd98504a3694587ac9bfc62ac4ce00528b108b30acc6954a2dfc9,,pending,,,,5
img_00008270,images/img_00008270.jpg,02_deepfirearm,deepfirearm,2037124ec6bca267b241df4ddcb054fc188d287d9ac3d4b109cfd70324524d74,,pending,,,,5
img_00008271,images/img_00008271.jpg,02_deepfirearm,deepfirearm,2b704cfab6a5df1200af334027096c7c1097849ea9867218f81a2bb745efc476,,pending,,,,5
img_00008272,images/img_00008272.jpg,02_deepfirearm,deepfirearm,a3d3a293486e564d8c32f456896e504c3217668334b5a997b02e17e533efc0a7,,pending,,,,5
img_00008273,images/img_00008273.jpg,02_deepfirearm,deepfirearm,1d29ff4aad7cbeaef4db06fe7efc669cbd53d45c1265b1569862a16beb248dc6,,pending,,,,5
img_00008274,images/img_00008274.jpg,02_deepfirearm,deepfirearm,0bb09b78b106fa5093e1d248da302d1120aa64bd52d1102efda41e955b5a11d6,,pending,,,,5
img_00008275,images/img_00008275.jpg,02_deepfirearm,deepfirearm,f617cf8a350607255a2dc4447f1acec66fe32222cfb3b0a94515cbb7cd5de178,,pending,,,,5
img_00008276,images/img_00008276.jpg,02_deepfirearm,deepfirearm,4d045d6f875ea156669627914b273a289b597752e19b1bc8d5b57fcc674fc1b2,,pending,,,,5
img_00008277,images/img_00008277.jpg,02_deepfirearm,deepfirearm,00c427c65b50de04664bc8f14e3a1a27477c5d630e6931e9d4b49b878cb205e4,,pending,,,,5
img_00008278,images/img_00008278.jpg,02_deepfirearm,deepfirearm,083db96f6858e4406b0541cd8ec17102886327b9e87b17967cc6bea82677d41a,,pending,,,,5
img_00008279,images/img_00008279.jpg,02_deepfirearm,deepfirearm,70e0087dd99455a89526fa916aecff717fc89a2356b92b0048d673a9fd21e00a,,pending,,,,5
img_00008280,images/img_00008280.jpg,02_deepfirearm,deepfirearm,8d6bff4ca0ec3d40909713b9eca8ccd79148474a52d317d4cf07d04b950c8c34,,pending,,,,5
img_00008281,images/img_00008281.jpg,02_deepfirearm,deepfirearm,bd83e48429ff33c742ccfcb2ec4c0c577e411a3af50983e4f1113988d6cfbc0b,,pending,,,,5
img_00008282,images/img_00008282.jpg,02_deepfirearm,deepfirearm,11c5635fdae47cc68f598f24db939e4c08f65308d190108aad5ac08974c67f66,,pending,,,,5
img_00008283,images/img_00008283.jpg,02_deepfirearm,deepfirearm,924719df00ee58c95321e1a97810b12179cab880efddea62a6376bdba1abea73,,pending,,,,5
img_00008284,images/img_00008284.jpg,02_deepfirearm,deepfirearm,9891747308d99f78246db927299d3b225e16c57a13d7fcb7428bdfe39992f660,,pending,,,,5
img_00008285,images/img_00008285.jpg,02_deepfirearm,deepfirearm,7c3e8000412db608a2734f22a660e62794e58782615efa72aee53cc9dcefd10b,,pending,,,,5
img_00008286,images/img_00008286.jpg,02_deepfirearm,deepfirearm,2935ec2568219821df551a504c2b0966de9b7eefca9ab2781092876dc6e8d57f,,pending,,,,5
img_00008287,images/img_00008287.jpg,02_deepfirearm,deepfirearm,25bfe8e80f498fe544edf51a705a163418a1477e15b8089136cba00d4727b624,,pending,,,,5
img_00008288,images/img_00008288.jpg,02_deepfirearm,deepfirearm,534c6aa9b042725edf4532cad586f4e02a152913936e6f6455f7271c92457e37,,pending,,,,5
img_00008289,images/img_00008289.jpg,02_deepfirearm,deepfirearm,4e12e95c9f97d17eb88086e21414f33c7bb3470541c8dc978eccb56e5601a59e,,pending,,,,5
img_00008290,images/img_00008290.jpg,02_deepfirearm,deepfirearm,e1e11830249df30968eb0b075ae832009437d6655fb374fe4f7955a97319e9d6,,pending,,,,5
img_00008291,images/img_00008291.jpg,02_deepfirearm,deepfirearm,90043c65aa7e561d913813497cce676a1e401323ca04d25c5d9209a1e06a4ce3,,pending,,,,5
img_00008292,images/img_00008292.jpg,02_deepfirearm,deepfirearm,74c1cef5e6a4c5e1969f7edb6525fdac52e8190133cfb0205b55e9e08839ddcc,,pending,,,,5
img_00008293,images/img_00008293.jpg,02_deepfirearm,deepfirearm,e654c2dc1d2150328eaad32f7f5a2a6b62f0df57693cdd9df84b3b83499db6ac,,pending,,,,5
img_00008294,images/img_00008294.jpg,02_deepfirearm,deepfirearm,7b4e563c48bf1565b5e3235bf372697b5aa39b2b404d1e96b84f660721d5a71e,,pending,,,,5
img_00008295,images/img_00008295.jpg,02_deepfirearm,deepfirearm,e0b1eaf990e897627d0efacb18b0f4fdfe8eae3106e567ef5de133d607e354ca,,pending,,,,5
img_00008296,images/img_00008296.jpg,02_deepfirearm,deepfirearm,183ea5bb52dbc42e973f5c0db52e8d218dbd1ca179eacc7c4d48d75189ca20b8,,pending,,,,5
img_00008297,images/img_00008297.jpg,02_deepfirearm,deepfirearm,fdd5d93a3521582917ce4d50db06ac129fc6e50a402806e96510ea442dfcaa67,,pending,,,,5
img_00008298,images/img_00008298.jpg,02_deepfirearm,deepfirearm,1a5512d123e82cb90f9450ac3d06f5b90fce1a064375e44bc78b653a159deeb8,,pending,,,,5
img_00008299,images/img_00008299.jpg,02_deepfirearm,deepfirearm,074a9f628c3646445ac272a60ec9f06415d07e359a29726f46fc68859ea75c97,,pending,,,,5
img_00008300,images/img_00008300.jpg,02_deepfirearm,deepfirearm,1adf94341e3bc1b5819a276358fadc432b8f01f3b5373820ebfbd21abf42df9d,,pending,,,,5
img_00008301,images/img_00008301.jpg,02_deepfirearm,deepfirearm,e9909d2fabc722678e1f75238ee64a9183113c83aa3b7c58132eb50bdab0950d,,pending,,,,5
img_00008302,images/img_00008302.jpg,02_deepfirearm,deepfirearm,02cc8a73fa63d7d03c51ce5934a1a5994708725285f0372a7db2fa76f2ed8233,,pending,,,,5
img_00008303,images/img_00008303.jpg,02_deepfirearm,deepfirearm,74752f97d92baa1f96fdb62b01063445d61cdabf9e3b2766d9a4cc81a575222e,,pending,,,,5
img_00008304,images/img_00008304.jpg,02_deepfirearm,deepfirearm,04d58994f716accdc631496274370d32ab4749844cc426f4518a228820d3e0c7,,pending,,,,5
img_00008305,images/img_00008305.jpg,02_deepfirearm,deepfirearm,88b4c592a9cc3825c786a49bacf036eed862ef21d6990205637232ae58721945,,pending,,,,5
img_00008306,images/img_00008306.jpg,02_deepfirearm,deepfirearm,113c29f5a3bb7a97fcf72eb417932bc52c684b2c59e4f1a71291a3cdc0655fa2,,pending,,,,5
img_00008307,images/img_00008307.jpg,02_deepfirearm,deepfirearm,d76ff73bbe68c33cfcfc2bca7668abcd90ef71662eb632250b900f3c4c489272,,pending,,,,5
img_00008308,images/img_00008308.jpg,02_deepfirearm,deepfirearm,b0ce116f2aca291a4eab91ae1e94f8f4076c22cc4d4bcfd1dc908fafc7136b51,,pending,,,,5
img_00008309,images/img_00008309.jpg,02_deepfirearm,deepfirearm,781a265c622cfa5dfd0b4cd6d5f3898e5352ec90510ccbe3db9bad7d658df617,,pending,,,,5
img_00008310,images/img_00008310.jpg,02_deepfirearm,deepfirearm,bf075dbb75801601e51614d275964b47fd46ebf75be254091a77f205719af6ae,,pending,,,,5
img_00008311,images/img_00008311.jpg,02_deepfirearm,deepfirearm,a64caaa3284bfbe778232df4a8789c50791c830a902b20807b9e5462b0b10adc,,pending,,,,5
img_00008312,images/img_00008312.jpg,02_deepfirearm,deepfirearm,17b31a8175319dd730e34a653203841621937eb50f79432417184103ee4c63b3,,pending,,,,5
img_00008313,images/img_00008313.jpg,02_deepfirearm,deepfirearm,aa3c7232a08adddda3c9e4a80a82bad6e1709a24661b527d4fcddd063db85673,,pending,,,,5
img_00008314,images/img_00008314.jpg,02_deepfirearm,deepfirearm,1506f4c1df535cf482ca5b163b40365cd942be08b01d755494d4565ae5228bba,,pending,,,,5
img_00008315,images/img_00008315.jpg,02_deepfirearm,deepfirearm,2e7d777e9baad85149fd9729bfb4122aa00844f2d131f052847b6594386af613,,pending,,,,5
img_00008316,images/img_00008316.jpg,02_deepfirearm,deepfirearm,2e40367dc8d84bcd80ad564b34915b92ed0b014a523d3683a17c1f08ea142d37,,pending,,,,5
img_00008317,images/img_00008317.jpg,02_deepfirearm,deepfirearm,38ad7c3e5823098935e3c609f76811224d622ecf5c0399f263c7de2cd61b1238,,pending,,,,5
img_00008318,images/img_00008318.jpg,02_deepfirearm,deepfirearm,a7cb5eb3f1f7991312b6e74e4a95b7d5989894d3b5469af771ae8c31db97f2a1,,pending,,,,5
img_00008319,images/img_00008319.jpg,02_deepfirearm,deepfirearm,459c0145406720f61e13299d64225c8266b2c02c22c8901f51b6cc09f7845c4c,,pending,,,,5
img_00008320,images/img_00008320.jpg,02_deepfirearm,deepfirearm,866b279d464b82395f4645507fd2fa4e50bbd8b6441373d026c33dc2891743d0,,pending,,,,5
img_00008321,images/img_00008321.jpg,02_deepfirearm,deepfirearm,fcbbd15a7be70c03693d8749a948a2a4696c89a49e21d1e8c2e9f289e6e0744c,,pending,,,,5
img_00008322,images/img_00008322.jpg,02_deepfirearm,deepfirearm,2cd33ad8eb8761cdc0469f40b924ea14fcbfbc3c110ab28f69d18ceb7b217118,,pending,,,,5
img_00008323,images/img_00008323.jpg,02_deepfirearm,deepfirearm,224baa55f8aa7ada163c241e327317ac1f56757ffdaa36ce21b96db37abbd0f9,,pending,,,,5
img_00008324,images/img_00008324.jpg,02_deepfirearm,deepfirearm,7e7b1f28676248e1b21d44c80389d5c9cd6ab5ede1c6036241c1a396b97759cb,,pending,,,,5
img_00008325,images/img_00008325.jpg,02_deepfirearm,deepfirearm,89f835becb2aa88d844e764746fc63f8bdb0f9c5d302a9223a5bab8322a3c540,,pending,,,,5
img_00008326,images/img_00008326.jpg,02_deepfirearm,deepfirearm,34b3949be5b66463570245f4de35e11a5aaae46d12653d13fc5bf6687d4ca15a,,pending,,,,5
img_00008327,images/img_00008327.jpg,02_deepfirearm,deepfirearm,ac0f78cefcc8cb0e5627b58426b4633a8b94358a35682612c93b924a80af89a5,,pending,,,,5
img_00008328,images/img_00008328.jpg,02_deepfirearm,deepfirearm,02a7f284f32993e1335566e1d1229c39ac13ed87c503e53d784c525f1ce55c8b,,pending,,,,5
img_00008329,images/img_00008329.jpg,02_deepfirearm,deepfirearm,7cecb4c5b331d261b5c2a7209eafdcf6574079e7cc8c5951cf30958d022ed027,,pending,,,,5
img_00008330,images/img_00008330.jpg,02_deepfirearm,deepfirearm,51947068bed3aaeb9139ae7d697079f5f56ec1530f7cb9d85d63d9d80b5bad41,,pending,,,,5
img_00008331,images/img_00008331.jpg,02_deepfirearm,deepfirearm,042eb46441750bf02518204575c3e4537f4f66fbddcda8d14a60a0af43402ca3,,pending,,,,5
img_00008332,images/img_00008332.jpg,02_deepfirearm,deepfirearm,bc8e6a2c6bea6c60d83a4785e2a7fd271713cf7bad782497cd92571e970d72f6,,pending,,,,5
img_00008333,images/img_00008333.jpg,02_deepfirearm,deepfirearm,8d7a80372cb701fe1669efce51a5deb83238bab7656e8ebbc805b4507004c410,,pending,,,,5
img_00008334,images/img_00008334.jpg,02_deepfirearm,deepfirearm,0356ef1a051c55d88a95bf33d0dd771dcabae0fd986a11a0240fce2174400800,,pending,,,,5
img_00008335,images/img_00008335.jpg,02_deepfirearm,deepfirearm,73929f0221bb105b8b52c50a751b0e7d99f117e9d9816ebe5d2bc7acac612e8d,,pending,,,,5
img_00008336,images/img_00008336.jpg,02_deepfirearm,deepfirearm,ab56dcef78fa3d6bd03c9c772e76d0bf1375164341262ea44342b00929d138df,,pending,,,,5
img_00008337,images/img_00008337.jpg,02_deepfirearm,deepfirearm,d98d450403643c2ded69029eb4ee0c20c53e652502c6e261b50b3a10b923ba16,,pending,,,,5
img_00008338,images/img_00008338.jpg,02_deepfirearm,deepfirearm,5bf2b38a688a3a3a907c455185723dd43bd3e24ac16a897a0dae9438fcd0ae3f,,pending,,,,5
img_00008339,images/img_00008339.jpg,02_deepfirearm,deepfirearm,4892c8b7b48e4d45748f20635a07cbca38c865dabb1d07014cc5d76b71a66546,,pending,,,,5
img_00008340,images/img_00008340.jpg,02_deepfirearm,deepfirearm,05fb24881db03bb6f2938dbe8ffd07ec2cad1d790192ccfb4fcc810e710c9444,,pending,,,,5
img_00008341,images/img_00008341.jpg,02_deepfirearm,deepfirearm,92e8ae4c8328c15773f1ead99316e5a17d1ea97c83212dab834753649137decb,,pending,,,,5
img_00008342,images/img_00008342.jpg,02_deepfirearm,deepfirearm,d53f2849c64b9f8e43d5e90ab54132e94e807a64ae6ac87218d68fd0de44e682,,pending,,,,5
img_00008343,images/img_00008343.jpg,02_deepfirearm,deepfirearm,8d08f98393f0b2d6b3e21b7d8de72ffc2ed21280c1024100766d86f00304bbb5,,pending,,,,5
img_00008344,images/img_00008344.jpg,02_deepfirearm,deepfirearm,09f9e913f48a91c7a21a1bdeab3abb3a500ce3f89895f9b6723bae488168d6d5,,pending,,,,5
img_00008345,images/img_00008345.jpg,02_deepfirearm,deepfirearm,6dff2a7f8f764cad7b034c1a8dcba47875d973fd9f22f761a7076804acad1018,,pending,,,,5
img_00008346,images/img_00008346.jpg,02_deepfirearm,deepfirearm,6fad298dd347816d789248e8ef0b8af6abf3dceee2593df5d023787c77570760,,pending,,,,5
img_00008347,images/img_00008347.jpg,02_deepfirearm,deepfirearm,764643b2a190351dc867e17202343eb76c58802bd3f9fd794ab09abfc4ad47c1,,pending,,,,5
img_00008348,images/img_00008348.jpg,02_deepfirearm,deepfirearm,fc9f7115ec90e4f0443b71d788010988054fab9d46eb7d94c710afcf5fa2c53b,,pending,,,,5
img_00008349,images/img_00008349.jpg,02_deepfirearm,deepfirearm,5ce062fc4bd97dca3273f02e8aa21ba9b9997a36b45531654cc8e104ef83edb4,,pending,,,,5
img_00008350,images/img_00008350.jpg,02_deepfirearm,deepfirearm,ba8c7277b7221ef76db4f47561c63d7929dfdcdf4e856d729555174e31ad122f,,pending,,,,5
img_00008351,images/img_00008351.jpg,02_deepfirearm,deepfirearm,ff9ea9e84798d1a987fb7fbec4656f22f2a8735e257a9e0acb30df1c077bdab2,,pending,,,,5
img_00008352,images/img_00008352.jpg,02_deepfirearm,deepfirearm,c0cbf9589b510f9aa923c3648341e798425c8c15f72e5cd22eafeb03ef7c32c1,,pending,,,,5
img_00008353,images/img_00008353.jpg,02_deepfirearm,deepfirearm,2a8b93defe4e6944c502357df3f92523fff60c4c21158799b4ff7e298230c7e8,,pending,,,,5
img_00008354,images/img_00008354.jpg,02_deepfirearm,deepfirearm,ddb3e2b498e8ebcbcabaa322f6dde282a248cdbea5944b791d1c2f1ce972438d,,pending,,,,5
img_00008355,images/img_00008355.jpg,02_deepfirearm,deepfirearm,6aad56a4343a34180fa7fc557e38375396f9e7b2604a2e92d548de25994c73ea,,pending,,,,5
img_00008356,images/img_00008356.jpg,02_deepfirearm,deepfirearm,62d4e218048a47a53bfec2d65b7ffc9876aaf7121adeb1f859532721453d35d9,,pending,,,,5
img_00008357,images/img_00008357.jpg,02_deepfirearm,deepfirearm,f874d0f427c13733866645f63cb29ac6686c33a8958342e1595eec373a0519a2,,pending,,,,5
img_00008358,images/img_00008358.jpg,02_deepfirearm,deepfirearm,0db570d8dc149f51a50495a9f1a9a0ec3a657e9151250eeb3afa16aa04952aa7,,pending,,,,5
img_00008359,images/img_00008359.jpg,02_deepfirearm,deepfirearm,28467e27c1a06d15c2fe28f1702dfb1ff802181cdab666092f90e6be97170204,,pending,,,,5
img_00008360,images/img_00008360.jpg,02_deepfirearm,deepfirearm,bed1646d6cf6cb94bd50914588806ec9fcfadb192847d66752f4a985dcae9d07,,pending,,,,5
img_00008361,images/img_00008361.jpg,02_deepfirearm,deepfirearm,3924f099524c90e49d8c082ca45d8e7e996beacdc75fc2dadfd01daef8097ddc,,pending,,,,5
img_00008362,images/img_00008362.jpg,02_deepfirearm,deepfirearm,3ba03e1c7f3e6d2d14d6b13bb2c0c1e6dc6e1abf1ba4322eddd8fbe6a1a75ae2,,pending,,,,5
img_00008363,images/img_00008363.jpg,02_deepfirearm,deepfirearm,c6840f8118ba5230f01b02dc21692cdcc762c13c5f07454dcb53b11c9ada3421,,pending,,,,5
img_00008364,images/img_00008364.jpg,02_deepfirearm,deepfirearm,c5e1786476a723ce7818a8d2e59a7b4009d362ee753f7c27eb3c8a1b00698f42,,pending,,,,5
img_00008365,images/img_00008365.jpg,02_deepfirearm,deepfirearm,50752b076262c15488139fd29846b6abadf8f6b281c4fec44449d25bb92097e1,,pending,,,,5
img_00008366,images/img_00008366.jpg,02_deepfirearm,deepfirearm,d4e0d1d10b0722c9f724a54e4a1212071c0e643663206ca1247356ba6ad1edcc,,pending,,,,5
img_00008367,images/img_00008367.jpg,02_deepfirearm,deepfirearm,232da35d035bcfda84f6b0557af0e606611cd6218d3b2daab83b8400eaa70628,,pending,,,,5
img_00008368,images/img_00008368.jpg,02_deepfirearm,deepfirearm,158016d41c9af64670427d5fcfc170a46ed847c05b0a2a9165b1a892d303d484,,pending,,,,5
img_00008369,images/img_00008369.jpg,02_deepfirearm,deepfirearm,a233a1fdf1f08005e78b8c89ed46f6fea85fb1adc6cb4e3a98d26f6c3f9a6669,,pending,,,,5
img_00008370,images/img_00008370.jpg,02_deepfirearm,deepfirearm,a8a39eace088c52be51bea06053692dfa885eaafdd120af1dd8082d2db604778,,pending,,,,5
img_00008371,images/img_00008371.jpg,02_deepfirearm,deepfirearm,40df834f2e77de863c1f1bd2bbd61eb72c0a4384eb16f8bcd3e783eb46f8fecf,,pending,,,,5
img_00008372,images/img_00008372.jpg,02_deepfirearm,deepfirearm,a7c121049544c05c987e5dbb8ed7a118d1c0a5adb35383cfd2a33bafff429362,,pending,,,,5
img_00008373,images/img_00008373.jpg,02_deepfirearm,deepfirearm,dbb7be31e62b573b8ed17661b99ee84058f0b21d68dbca8c1a9b6735503b7160,,pending,,,,5
img_00008374,images/img_00008374.jpg,02_deepfirearm,deepfirearm,15472ed41770697b682a93f58a9cf2dcb4a6ac1ba740f033802fba52742e3218,,pending,,,,5
img_00008375,images/img_00008375.jpg,02_deepfirearm,deepfirearm,99a8be898d9c2e7a8438712b2989664006e264af02b35abfb3d64ab6e11e1d73,,pending,,,,5
img_00008376,images/img_00008376.jpg,02_deepfirearm,deepfirearm,6a3e3131aa3da6df902173e48c371cab6d75a43650c15c4813966aaeec057dec,,pending,,,,5
img_00008377,images/img_00008377.jpg,02_deepfirearm,deepfirearm,ed366711dc7876b5c2d52a364fd0eb87385f926b16ddbed49ca88a104487329d,,pending,,,,5
img_00008378,images/img_00008378.jpg,02_deepfirearm,deepfirearm,46294aef3cc9cef992ccd03bc358fff26b1a14317d90d4cf7c66cb42d244bcbf,,pending,,,,5
img_00008379,images/img_00008379.jpg,02_deepfirearm,deepfirearm,1e260d2c3afb3e9d3731b7dbfe2437df08c8ac1b60d1afefaf51d45deb6e0896,,pending,,,,5
img_00008380,images/img_00008380.jpg,02_deepfirearm,deepfirearm,330760ef758d830fba21b0e3a46e83db3de710b2d7819a25c3651fa3096dafde,,pending,,,,5
img_00008381,images/img_00008381.jpg,02_deepfirearm,deepfirearm,6b2288410bce2482eb44f450ee5e91903f2c1d8ef2b39cb43d637fcf2b50d400,,pending,,,,5
img_00008382,images/img_00008382.jpg,02_deepfirearm,deepfirearm,51680d0312885be497ecd9728ee2e84c5b431a344fe9fbc0516c0e901683506f,,pending,,,,5
img_00008383,images/img_00008383.jpg,02_deepfirearm,deepfirearm,f522e6388701f2761a83bf38a622d319aa815f837762bf3d5ef1043ca34f26a0,,pending,,,,5
img_00008384,images/img_00008384.jpg,02_deepfirearm,deepfirearm,8c2d4db6fd44d3b75d44b46291d2f590f4fd99ff2e253446e835456457ef7466,,pending,,,,5
img_00008385,images/img_00008385.jpg,02_deepfirearm,deepfirearm,b999216140ee66ed0f72b94576e97569b774f69cf9b0f104c7f61bc3eb027746,,pending,,,,5
img_00008386,images/img_00008386.jpg,02_deepfirearm,deepfirearm,eeb6a42c3125c8cbcba91854983b3a9e5df995ed55e18eb3a78186ded2a380c9,,pending,,,,5
img_00008387,images/img_00008387.jpg,02_deepfirearm,deepfirearm,6222fb8fc36a5f72f642e548d0cbe0f4b210aaba134c5817725e60aa4eb7264a,,pending,,,,5
img_00008388,images/img_00008388.jpg,02_deepfirearm,deepfirearm,ef1e5cf6a4c3dc2b67b0a1a8bea4944b2da56bbac57b27f99338a3b7c5e033f1,,pending,,,,5
img_00008389,images/img_00008389.jpg,02_deepfirearm,deepfirearm,bf132a7ccea431da5903595a2231e23f3f8bfac693692d75eb29de0e67fa5e14,,pending,,,,5
img_00008390,images/img_00008390.jpg,02_deepfirearm,deepfirearm,010e613639ed4e2a8e287b682d8e28e4fce01be9c790de05472f458960106bdf,,pending,,,,5
img_00008391,images/img_00008391.jpg,02_deepfirearm,deepfirearm,6d099e8e7f2c6bc484f905dd95afe1b32c819ae984de1b269463fab5c029446e,,pending,,,,5
img_00008392,images/img_00008392.jpg,02_deepfirearm,deepfirearm,43d405758ef4972a34d1f23c0ef7e7b924187c9d4f5585db8e43283ff9bae6d9,,pending,,,,5
img_00008393,images/img_00008393.jpg,02_deepfirearm,deepfirearm,b451907dfe1351e48275c09c602d49959d64415c1199ce467d16a1840ac86fbb,,pending,,,,5
img_00008394,images/img_00008394.jpg,02_deepfirearm,deepfirearm,8e73956060284419257f080bee2aa6d38731d59c3182eaf8ca03d25f57ee9594,,pending,,,,5
img_00008395,images/img_00008395.jpg,02_deepfirearm,deepfirearm,2509d35453289f01177f6f0cc7076f65f29bd88ea577fd0fd336305cf3ffb4ab,,pending,,,,5
img_00008396,images/img_00008396.jpg,02_deepfirearm,deepfirearm,ad5d34cf6e62749019dd66614b3e06237d4f10741267886258bf1bda2a406c15,,pending,,,,5
img_00008397,images/img_00008397.jpg,02_deepfirearm,deepfirearm,325d36a5dfdac1d0603ab7d02a5a493e46844779ec1cb23fd4dca6d140eca60e,,pending,,,,5
img_00008398,images/img_00008398.jpg,02_deepfirearm,deepfirearm,8deaedf72b3b7492a218fe8a8f4e9f6609463f3821061234d06f03f810ab1332,,pending,,,,5
img_00008399,images/img_00008399.jpg,02_deepfirearm,deepfirearm,4d9d8470c97974b78d82ebc3e3f0a1549567219115f05862babcf1d2150cb244,,pending,,,,5
img_00008400,images/img_00008400.jpg,02_deepfirearm,deepfirearm,e669bb2e0891099cd39440f7292adb01984a627644b17e9dd28f6142eaefc6ba,,pending,,,,5
img_00008401,images/img_00008401.jpg,02_deepfirearm,deepfirearm,fb9a49c680a0f12e0c6d62a046dd85eb28c08aa2c6fcc1932d497ae1f73e0132,,pending,,,,5
img_00008402,images/img_00008402.jpg,02_deepfirearm,deepfirearm,20b6947243451361caaefd6a8e17118480e38088d4a7537ce92fc2fae05f8bcb,,pending,,,,5
img_00008403,images/img_00008403.jpg,02_deepfirearm,deepfirearm,38f9ada040e88fb670d032dd54220722a864910c923ec39fb1e29aea7b78b4fe,,pending,,,,5
img_00008404,images/img_00008404.jpg,02_deepfirearm,deepfirearm,8500c06eda17cf2d50725a8d515d20ee630fc3809f2c2d43ebadb8896865aad0,,pending,,,,5
img_00008405,images/img_00008405.jpg,02_deepfirearm,deepfirearm,15257390b93e4c9b44fe726b912bfaef49d6f7f9c3cf90241a0ada5c55d2d14b,,pending,,,,5
img_00008406,images/img_00008406.jpg,02_deepfirearm,deepfirearm,eb61f58fb40b33bb2db2ea58b85ea9f7315625a3cad6388c8b03ba59144a7c2d,,pending,,,,5
img_00008407,images/img_00008407.jpg,02_deepfirearm,deepfirearm,2cc23ec1c41731537d001e879502565b2f0f95bde2942b29961e849e3165ae40,,pending,,,,5
img_00008408,images/img_00008408.jpg,02_deepfirearm,deepfirearm,2f08cdc77fbaa3673a3f629d110f8efebb514322e9c5402fddb06fe42f6718cc,,pending,,,,5
img_00008409,images/img_00008409.jpg,02_deepfirearm,deepfirearm,f7c0ed473477855f3768050fc2806e727cfd1c971e253087a582e3ca2e93ada7,,pending,,,,5
img_00008410,images/img_00008410.jpg,02_deepfirearm,deepfirearm,470e6c459bfcd6c7e31939e41af1db9aa6876c55c4a5535252abb1fde682ec50,,pending,,,,5
img_00008411,images/img_00008411.jpg,02_deepfirearm,deepfirearm,c1a1403e88997e0814f302c3fd2d907038a8cf9a26f5aff387f7a6e270a59627,,pending,,,,5
img_00008412,images/img_00008412.jpg,02_deepfirearm,deepfirearm,b1a111ebb4ad4a5860905462a1caa1fadd8c5333386d084b447347b7737350f1,,pending,,,,5
img_00008413,images/img_00008413.jpg,02_deepfirearm,deepfirearm,a64e3edc583a2dc584f4b9afcfa19ba4d24da35abc3eea1914908d242821a34a,,pending,,,,5
img_00008414,images/img_00008414.jpg,02_deepfirearm,deepfirearm,dcd2417d446e956d8f7a0f382ba01bda49f96453cd6ef0ec93f2bb4401c5db91,,pending,,,,5
img_00008415,images/img_00008415.jpg,02_deepfirearm,deepfirearm,cd83491ee7259675c4aaf053827b352baf35ff9bf7609774bd965c04385f1be9,,pending,,,,5
img_00008416,images/img_00008416.jpg,02_deepfirearm,deepfirearm,f8c73cb775949941283858318c4137ecccdc117a4df6cbc7c94535f0dc625ca9,,pending,,,,5
img_00008417,images/img_00008417.jpg,02_deepfirearm,deepfirearm,36f2fe6279f030fbf608b947d6e0e98908d89fd97318b5a5bc870db8a8b60823,,pending,,,,5
img_00008418,images/img_00008418.jpg,02_deepfirearm,deepfirearm,8cc360e2a60f28623321dcd6e025539d50eab1a98d3a0e5ad302ecca309a5fb8,,pending,,,,5
img_00008419,images/img_00008419.jpg,02_deepfirearm,deepfirearm,30fb433f6c13bd9e69d62a18e4e4d06c0ae4b991183c3195341d70f33f4fb1b5,,pending,,,,5
img_00008420,images/img_00008420.jpg,02_deepfirearm,deepfirearm,c6d283b23739cb4226790a6d44840b61cf2f33530da2be0515567cdb4c40be85,,pending,,,,5
img_00008421,images/img_00008421.jpg,02_deepfirearm,deepfirearm,14b3ab639a5257f801691e55cad957817c3f02a20b16c9b13278e5724c855a99,,pending,,,,5
img_00008422,images/img_00008422.jpg,02_deepfirearm,deepfirearm,35e4597f0d2081040e42fcd2a7285f5c54d410f4f435ce48988585cd5520a4c7,,pending,,,,5
img_00008423,images/img_00008423.jpg,02_deepfirearm,deepfirearm,5e9dc5d2f2a0302565cd15e0c8b14f35f91e070ac02d89e6c92ac14a7079da04,,pending,,,,5
img_00008424,images/img_00008424.jpg,02_deepfirearm,deepfirearm,c152e2d99eb79f342bf1684fb32c7f29fef6d9bb056aef69ffae25029517532e,,pending,,,,5
img_00008425,images/img_00008425.jpg,02_deepfirearm,deepfirearm,d8ee5853f110ac0e2a6df4425fada60ad383fa9d375c7b7b1d8281cc015d1597,,pending,,,,5
img_00008426,images/img_00008426.jpg,02_deepfirearm,deepfirearm,d912b70d7bba0c18360da03710ea32e80a18579f84ae47a3c59cc3848d4d302f,,pending,,,,5
img_00008427,images/img_00008427.jpg,02_deepfirearm,deepfirearm,09f76073152560dfde7186221cbb146b1a78c6a8be09f8182034ff874cb35be9,,pending,,,,5
img_00008428,images/img_00008428.jpg,02_deepfirearm,deepfirearm,a7ede48dfb3a81e87eaee51f1a8adfea062e8547a129fab515b306c64089a5ae,,pending,,,,5
img_00008429,images/img_00008429.jpg,02_deepfirearm,deepfirearm,215e0c0b40fa9d4cf5a8f8eb1806dbbba9ebea404a1b6b9a9abb8406e899b6bb,,pending,,,,5
img_00008430,images/img_00008430.jpg,02_deepfirearm,deepfirearm,f600ce4fe1d06a911c6e963d185ed5f10a29cf9080f0826539b6ecfd0810ab49,,pending,,,,5
img_00008431,images/img_00008431.jpg,02_deepfirearm,deepfirearm,2b0cd8b48896539932347b6812ceace4390488c92327f9dbb865ffe3bacf6984,,pending,,,,5
img_00008432,images/img_00008432.jpg,02_deepfirearm,deepfirearm,1e9fd3f7bd7c912c891adb4a5c90999b99424937e0a92fcf23f7b8a8c61b6f11,,pending,,,,5
img_00008433,images/img_00008433.jpg,02_deepfirearm,deepfirearm,48e611484435ab7e846f14399d94daac2d50e582f5792871c8982ad04309d27a,,pending,,,,5
img_00008434,images/img_00008434.jpg,02_deepfirearm,deepfirearm,c32bb2b9ded2edd7ba3a2b8638496b19f971cf57f2f51211575d79186f90c6f1,,pending,,,,5
img_00008435,images/img_00008435.jpg,02_deepfirearm,deepfirearm,9480e1fd7d776e73749a948d7c6a4a1d5903191ac95f9dd1345f39b9b4b869e3,,pending,,,,5
img_00008436,images/img_00008436.jpg,02_deepfirearm,deepfirearm,54a2e5c25bdfeddd9974bb77a399d4af3ec1dbdfcfc462d1f30514be89937cb1,,pending,,,,5
img_00008437,images/img_00008437.jpg,02_deepfirearm,deepfirearm,cd729325067ab15797a9c2b48d9d126a2b31a3c032c0531d4dc6ec1099724b58,,pending,,,,5
img_00008438,images/img_00008438.jpg,02_deepfirearm,deepfirearm,0254758864af568f1911be0733050f985a7f06086de157d3b35254b9e96bbddd,,pending,,,,5
img_00008439,images/img_00008439.jpg,02_deepfirearm,deepfirearm,339c6c89bdefd668e186d67203b658e15a14fd97622d75fb77c89aeee75b76c6,,pending,,,,5
img_00008440,images/img_00008440.jpg,02_deepfirearm,deepfirearm,c50148a81f7dda64f77386dbac0bdc693858d9384b336fbb2dce5b180fa1062f,,pending,,,,5
img_00008441,images/img_00008441.jpg,02_deepfirearm,deepfirearm,ac4134e801e19c510102ace98ebaad1cca7b1a01cf2060ebda6347b389734015,,pending,,,,5
img_00008442,images/img_00008442.jpg,02_deepfirearm,deepfirearm,fbc35a2bca55a98d2960abde150f7751599db9404f955e91e965cdb8b360bc97,,pending,,,,5
img_00008443,images/img_00008443.jpg,02_deepfirearm,deepfirearm,5ac786d6f50fcfac52d129ea000ebdea0489a20770d2e8f8ec3a917552c675c4,,pending,,,,5
img_00008444,images/img_00008444.jpg,02_deepfirearm,deepfirearm,b0837ee938394ce80c67b29876528f850797ea593ecb8c1afbab1ab943816ab4,,pending,,,,5
img_00008445,images/img_00008445.jpg,02_deepfirearm,deepfirearm,8d469ed6609eafc78a6ad4f72b8f74851a5a6c84043c79f09156aee88f42a647,,pending,,,,5
img_00008446,images/img_00008446.jpg,02_deepfirearm,deepfirearm,e71ffb17afa4b1606af8c1180d5f1ef6d754f573525de0d35579bdfc21121db9,,pending,,,,5
img_00008447,images/img_00008447.jpg,02_deepfirearm,deepfirearm,3fb1372be01775b0a44f5ae7503967f6cbbba47f13f257fc40b85555029f7f1b,,pending,,,,5
img_00008448,images/img_00008448.jpg,02_deepfirearm,deepfirearm,2fb0bdd55c070dcfa975dd1c97be5248f0d3c0091807e75b4c83f43c0113782f,,pending,,,,5
img_00008449,images/img_00008449.jpg,02_deepfirearm,deepfirearm,0ee7a32ed18ef067fd9426fa993aa350dc502328e33e578439ea1db83632fdad,,pending,,,,5
img_00008450,images/img_00008450.jpg,02_deepfirearm,deepfirearm,20528f30b6a234284e363f06afa34f179b6b72ef2486b5f359ae9a7bdcbb030b,,pending,,,,5
img_00008451,images/img_00008451.jpg,02_deepfirearm,deepfirearm,5ccd40ba53fea2ef31c20b41cb6b961ba187d19959b2da67dc7afb5823651b07,,pending,,,,5
img_00008452,images/img_00008452.jpg,02_deepfirearm,deepfirearm,8c04807bc41017d768b441098865119b7c4ff166e5518ca33d56b0553e8a5627,,pending,,,,5
img_00008453,images/img_00008453.jpg,02_deepfirearm,deepfirearm,4751d5fa8f297fc140d60c013d62dfcb7a26068dd4521390383fa62a59e9c92b,,pending,,,,5
img_00008454,images/img_00008454.jpg,02_deepfirearm,deepfirearm,de0a4e2d978aac63bae1d0790ab77c5fadd9c03376b0d1bf4696323c8631d881,,pending,,,,5
img_00008455,images/img_00008455.jpg,02_deepfirearm,deepfirearm,61e7aece9c376d37e2560b6b9cb0aa0056497ee3895bce710b44f60b7a9c18fe,,pending,,,,5
img_00008456,images/img_00008456.jpg,02_deepfirearm,deepfirearm,2a4a6a39b6226e849f5e94f6acbb0e780ed24711005e8c76507d5231b60affae,,pending,,,,5
img_00008457,images/img_00008457.jpg,02_deepfirearm,deepfirearm,128d86dc36b515717c248387fe4970b4a0ff7d25ff509b7d1929f50799209e20,,pending,,,,5
img_00008458,images/img_00008458.jpg,02_deepfirearm,deepfirearm,72d9d25179a0cd773b19556e2ccd1c5a710449850b0866697f0f0342db0241f7,,pending,,,,5
img_00008459,images/img_00008459.jpg,02_deepfirearm,deepfirearm,decef8c5610e7dbeb7cb625a6f6ae94dafd7631e500dc8f179398593dc581438,,pending,,,,5
img_00008460,images/img_00008460.jpg,02_deepfirearm,deepfirearm,76a347e6b00d36879ec658eb22cedb1713178c0d61d7145e85f562bceb7f1bd6,,pending,,,,5
img_00008461,images/img_00008461.jpg,02_deepfirearm,deepfirearm,7639f357b261fbb820ef922780d854becfdab01bc0ccc8f10435bd8981d12def,,pending,,,,5
img_00008462,images/img_00008462.jpg,02_deepfirearm,deepfirearm,8c449ee059692d5180801ecc82b4100cc365b6889e8d11e7c5553107e775059b,,pending,,,,5
img_00008463,images/img_00008463.jpg,02_deepfirearm,deepfirearm,310526647787a4d356b80068e358dbf1cc3f6751c92bb45bf901187b42ccc31a,,pending,,,,5
img_00008464,images/img_00008464.jpg,02_deepfirearm,deepfirearm,b06eea7e8927d11f0e67ddf91466334d2f28d043b8d60d9544967f26454cda33,,pending,,,,5
img_00008465,images/img_00008465.jpg,02_deepfirearm,deepfirearm,3433ffa144467dd6aaa7602345672466a62508d31d3d340333670280b5128660,,pending,,,,5
img_00008466,images/img_00008466.jpg,02_deepfirearm,deepfirearm,cd12461ec1e729adfd22a6fb097cd204a0d20ef477a0bb35ba28645ae5fd820f,,pending,,,,5
img_00008467,images/img_00008467.jpg,02_deepfirearm,deepfirearm,8333d79b5919a63050b571c4de8b4e791065163b0d811fb9891c3e41847ef244,,pending,,,,5
img_00008468,images/img_00008468.jpg,02_deepfirearm,deepfirearm,c816803118d640818231cfb7cd071bdcef02f42e452afe8bc94c074a1438ff91,,pending,,,,5
img_00008469,images/img_00008469.jpg,02_deepfirearm,deepfirearm,8434f623645618018be80643406ffb94ebe19b71bf2884724f50c4cdb85d9d9b,,pending,,,,5
img_00008470,images/img_00008470.jpg,02_deepfirearm,deepfirearm,cd11c1026a8350aa211ef3f889e283aa40189d3903fe7856f4d7e4dc4b7fca4c,,pending,,,,5
img_00008471,images/img_00008471.jpg,02_deepfirearm,deepfirearm,1cebd0ba25ab45c22a481f4da4dd841044e51b640ae8191f0d43da46ba077c43,,pending,,,,5
img_00008472,images/img_00008472.jpg,02_deepfirearm,deepfirearm,b5ac0f28573e4f2ecc96a2b6df7839cba1dec434b84bea5f634e28116173ea5d,,pending,,,,5
img_00008473,images/img_00008473.jpg,02_deepfirearm,deepfirearm,06222421521c95a87e73fb5c3917e51a4f8d7b0babee97b14c201c695d6ebbb2,,pending,,,,5
img_00008474,images/img_00008474.jpg,02_deepfirearm,deepfirearm,27563f2395f35f3312d879e9b7078ed89ac6fb690bb17f54b1caeb087ac7e238,,pending,,,,5
img_00008475,images/img_00008475.jpg,02_deepfirearm,deepfirearm,7bf016aaf03be55cf5632edf7696236f25fad07065803fbca8fa6e718ea17c95,,pending,,,,5
img_00008476,images/img_00008476.jpg,02_deepfirearm,deepfirearm,1bf9bba3e75c13446cd87dcbefa350a64441eb64bf0fb5cef6028551059ce662,,pending,,,,5
img_00008477,images/img_00008477.jpg,02_deepfirearm,deepfirearm,05581335fe105233fe8fd25a26fdd913c9c0654c2d276a382b4a6f54ba7a2c62,,pending,,,,5
img_00008478,images/img_00008478.jpg,02_deepfirearm,deepfirearm,f53428bfa376c6f33c96dcf7106f80fa6fc00fbf62dd8fa36eef866f8d8c2565,,pending,,,,5
img_00008479,images/img_00008479.jpg,02_deepfirearm,deepfirearm,34560e91b662166db33490b1ccb1675581ad4a84827bdc84ce3610f84fdbdbd3,,pending,,,,5
img_00008480,images/img_00008480.jpg,02_deepfirearm,deepfirearm,8f7cdcf30a496f0f92c1e7c6db4b6305580dbace2ae4c2fe1f59b3879e19ec19,,pending,,,,5
img_00008481,images/img_00008481.jpg,02_deepfirearm,deepfirearm,c6939d9148e4adc01c29ef5231a1c9d0201f2bd9ad451ec8d8526eb95e991484,,pending,,,,5
img_00008482,images/img_00008482.jpg,02_deepfirearm,deepfirearm,d5762274456e58a6cc770d9d8b4fdd2cc5b3f967817d8c641d9264a9dfcbfd17,,pending,,,,5
img_00008483,images/img_00008483.jpg,02_deepfirearm,deepfirearm,1f00fcbc851c454d7b8db30a952d94f20b5a6ec8b4b52f144e85e62fd88dfed1,,pending,,,,5
img_00008484,images/img_00008484.jpg,02_deepfirearm,deepfirearm,67b0c7e5e2d8295513b231f292dcace1c33307a5e34356a3b291ee3a1caaf39a,,pending,,,,5
img_00008485,images/img_00008485.jpg,02_deepfirearm,deepfirearm,d370633989454d42927ecec1ba5e39e40e0f20d42f3bcfaf24bf67f9e32a19ea,,pending,,,,5
img_00008486,images/img_00008486.jpg,02_deepfirearm,deepfirearm,af4452a3af370d0e504c36304a389e837eed7c6886bed13e5e3583ea0f3c19f8,,pending,,,,5
img_00008487,images/img_00008487.jpg,02_deepfirearm,deepfirearm,c9412668380a5e4c46365a988a483f92871bfbdc3ec4d322c35bb7158f731679,,pending,,,,5
img_00008488,images/img_00008488.jpg,02_deepfirearm,deepfirearm,ec7fbd2feb891871a4542ce88781c287665699325ad9082dbe8b0c97570e729c,,pending,,,,5
img_00008489,images/img_00008489.jpg,02_deepfirearm,deepfirearm,4c5bf67417cfebf9df6563c2d2bb2842e55c03e09f97bc4e2e0150aaf7ac5abe,,pending,,,,5
img_00008490,images/img_00008490.jpg,02_deepfirearm,deepfirearm,6d4f805b37f6be89205b38fdf05c146b06c68855afed919142dff40759796b8a,,pending,,,,5
img_00008491,images/img_00008491.jpg,02_deepfirearm,deepfirearm,a83cbc878ab6efb58e2df32576b20e8ba792b23e9e89c1880719d609a0ec1e54,,pending,,,,5
img_00008492,images/img_00008492.jpg,02_deepfirearm,deepfirearm,f91be39f781f1a457a22b0d1bf5021b6ca2bbb64f683e3d71f803656461e568d,,pending,,,,5
img_00008493,images/img_00008493.jpg,02_deepfirearm,deepfirearm,5d0587b44937dcb5003bc68fc02c8928bf15c6a2f56d54f92b865d161711c587,,pending,,,,5
img_00008494,images/img_00008494.jpg,02_deepfirearm,deepfirearm,5059b3cc371a35ca50313655b5f6aafdf9b0f9e443f2dd74abfb19b88f884a0b,,pending,,,,5
img_00008495,images/img_00008495.jpg,02_deepfirearm,deepfirearm,32356ac7631b068cf0eed297422a08d8eddbdf878aa56475624888a91daa31ee,,pending,,,,5
img_00008496,images/img_00008496.jpg,02_deepfirearm,deepfirearm,ae89aeb9bc081abb34a7bb71a5440c029a7dfab8b0da530c500695e5ad8366be,,pending,,,,5
img_00008497,images/img_00008497.jpg,02_deepfirearm,deepfirearm,5e26a2734a76a23f77a31dc4c392aeba377e0ceb07d593f4181e679f5861c863,,pending,,,,5
img_00008498,images/img_00008498.jpg,02_deepfirearm,deepfirearm,9662e514f5ccec3eea4c809cd862d60385b6e15010dfd8021a6cad09dc0635cc,,pending,,,,5
img_00008499,images/img_00008499.jpg,02_deepfirearm,deepfirearm,3134b14cfef60e357cf7d485ce2e3c0abf46b731e6fb0c784ad4c9c491dcb622,,pending,,,,5
img_00008500,images/img_00008500.jpg,02_deepfirearm,deepfirearm,f5c2a5094f24a99f37909c0bc7c91e883d3258fa4acb747ed6e4c82a9ca56393,,pending,,,,5
img_00008501,images/img_00008501.jpg,02_deepfirearm,deepfirearm,dae4424d7981d1aa881b5dfb6f0d32f1ad4f94c1094ea33668f7e1d0f0cc5857,,pending,,,,5
img_00008502,images/img_00008502.jpg,02_deepfirearm,deepfirearm,257e28e6fb90dff4ccfc32e388228fa8772ef18dbf105f4c1afbbd99ef367f9a,,pending,,,,5
img_00008503,images/img_00008503.jpg,02_deepfirearm,deepfirearm,5c7af81d19058fa0e2505d1536f727bd93fe3c94ca179ad24810ad77aaa7cb1b,,pending,,,,5
img_00008504,images/img_00008504.jpg,02_deepfirearm,deepfirearm,b9167db4b378162657d75ec4db82b08320d35218b5067e26e7199528e0f64c83,,pending,,,,5
img_00008505,images/img_00008505.jpg,02_deepfirearm,deepfirearm,c640a3a3e0abb3926ebe95eaa3abb338a26bb22dfd8224f0e125b3e50aabd595,,pending,,,,5
img_00008506,images/img_00008506.jpg,02_deepfirearm,deepfirearm,937f7d608de87f148ed7934c68faf37ab30da3c2b4ff241ac32e28cce87a9a3e,,pending,,,,5
img_00008507,images/img_00008507.jpg,02_deepfirearm,deepfirearm,c195d7875896ebd13319d8f7e47132b2edee6845bddae04897e5b44aefddeb1f,,pending,,,,5
img_00008508,images/img_00008508.jpg,02_deepfirearm,deepfirearm,fd4ef5f6c7e66b7b7cf12439c7188b7bb10f07162cd60e2c9191c17ed01ca941,,pending,,,,5
img_00008509,images/img_00008509.jpg,02_deepfirearm,deepfirearm,9e02fcade5809a76a7c6d36215ffe20e2222a7c9f49d1e32f6d01e979ed0283a,,pending,,,,5
img_00008510,images/img_00008510.jpg,02_deepfirearm,deepfirearm,737a6f5743e6e2bdce0f33df81c4cb6ce6571a2300db130495b165b097e8444e,,pending,,,,5
img_00008511,images/img_00008511.jpg,02_deepfirearm,deepfirearm,d9f58b95521d603a4e6d24e923d44df99bc176b15fae8d6256db5c10ce1ca8ed,,pending,,,,5
img_00008512,images/img_00008512.jpg,02_deepfirearm,deepfirearm,4a365a11f77e450a92aa91d9d2b6f27febfbe8ec0067e7ae22f9e23fb588077d,,pending,,,,5
img_00008513,images/img_00008513.jpg,02_deepfirearm,deepfirearm,b0b97585e3440bc903caf45c20d98f777be0c57271f9b8362d7fd9996e7dd7fe,,pending,,,,5
img_00008514,images/img_00008514.jpg,02_deepfirearm,deepfirearm,39e63f896994eafa55b889aee3bd628f1622b9b3f401b2e90a22536d2e2b9685,,pending,,,,5
img_00008515,images/img_00008515.jpg,02_deepfirearm,deepfirearm,7a7bbf5d1ba53f8df0462281387fbb1dd0acee398a4f0ab987828b95d3578a6f,,pending,,,,5
img_00008516,images/img_00008516.jpg,02_deepfirearm,deepfirearm,465ecae073016a47d05006aa390eb186f39d0594adf68ba9dd3947e88e9388a5,,pending,,,,5
img_00008517,images/img_00008517.jpg,02_deepfirearm,deepfirearm,918576cc43f00d1003086cbe9645651e5089b12838b5c57aaecfd514379e4747,,pending,,,,5
img_00008518,images/img_00008518.jpg,02_deepfirearm,deepfirearm,05ace7888614dbe53b6d4854e33ac99c93c22105eb940a9b79a175fc658a0215,,pending,,,,5
img_00008519,images/img_00008519.jpg,02_deepfirearm,deepfirearm,167d3149f5f28dffc0a4fe5094c2a62941a9cc893e5064be3ae8d2eb2744f22d,,pending,,,,5
img_00008520,images/img_00008520.jpg,02_deepfirearm,deepfirearm,dc7207d3191a96e3e550a51e6190d310f4e2c6f36b345fa219a6b27e7f2515db,,pending,,,,5
img_00008521,images/img_00008521.jpg,02_deepfirearm,deepfirearm,c6de85abeb072d718f82d2a04639c12a6fb632b7f87ee0774341eb962e458af9,,pending,,,,5
img_00008522,images/img_00008522.jpg,02_deepfirearm,deepfirearm,2b7ad0c859de8b8932c55e1a5bacb3c256ac193797690ac03dd655785f8d786b,,pending,,,,5
img_00008523,images/img_00008523.jpg,02_deepfirearm,deepfirearm,e2348dde53acf575d7943ea47a30c84d2d16de94918c3441a97339d4838baf4f,,pending,,,,5
img_00008524,images/img_00008524.jpg,02_deepfirearm,deepfirearm,e166b1391dd907474b0ba84f1143fcbe08bd049569b9ff2687f976d6b3a500e1,,pending,,,,5
img_00008525,images/img_00008525.jpg,02_deepfirearm,deepfirearm,1fcf489e62fd82304ee3998136822f7ae8b60866d4ec0d772e5682d112640362,,pending,,,,5
img_00008526,images/img_00008526.jpg,02_deepfirearm,deepfirearm,9e8d93a38d72bc4d3ec594a2973652d90be5a1d9e58940e9b5375bca86dc6b2a,,pending,,,,5
img_00008527,images/img_00008527.jpg,02_deepfirearm,deepfirearm,0c1a19e09e4bf5af1d04edf10035bf56ec3908793e822eb088c873c6e24b01bb,,pending,,,,5
img_00008528,images/img_00008528.jpg,02_deepfirearm,deepfirearm,3a6fea1d65fb28585b07f77687c797375b2b76e4953e83f4a819bbfbbc79678d,,pending,,,,5
img_00008529,images/img_00008529.jpg,02_deepfirearm,deepfirearm,e99703dc3dec440beb7a1e2d4ec0ca778e278710704f1602ad0b02159c1bd308,,pending,,,,5
img_00008530,images/img_00008530.jpg,02_deepfirearm,deepfirearm,61a1e3fa270bc4996e283e55cfc63a72db55ce78a0c4133e431509ab89d3da53,,pending,,,,5
img_00008531,images/img_00008531.jpg,02_deepfirearm,deepfirearm,02421eabb41fc2392bc753aba5fb16859a9ef01f5ad45ba8541804a9bb1a1e0f,,pending,,,,5
img_00008532,images/img_00008532.jpg,02_deepfirearm,deepfirearm,2196ccfd9262c6846cc8a5d140766041b97b101d1caea943d977628bb4747c00,,pending,,,,5
img_00008533,images/img_00008533.jpg,02_deepfirearm,deepfirearm,79d7c23fba17058bd1c427c59fce2e594eb673002876916ebdf0f6bec20bc128,weapon,reviewed,,Lello,2026-04-22T09:23:40+00:00,5
img_00008534,images/img_00008534.jpg,02_deepfirearm,deepfirearm,3c127b406e1d4e5d02148cbf444c95c3a56a44d2b9909565f1256cb7794e5d6c,weapon,reviewed,,Lello,2026-04-22T09:23:38+00:00,5
img_00008535,images/img_00008535.jpg,02_deepfirearm,deepfirearm,5a27ed12ffbe7b13731d2f2e18b15506fe8dfacccf4a89beed61881962c98122,weapon,reviewed,,Lello,2026-04-22T09:23:36+00:00,5
img_00008536,images/img_00008536.jpg,02_deepfirearm,deepfirearm,85b9c6b99fbf91cc7a532e452a7803f5145e03a34a876ab48d271b0c91997e5f,weapon,reviewed,,Lello,2026-04-22T09:23:37+00:00,5
img_00008537,images/img_00008537.jpg,02_deepfirearm,deepfirearm,06af3a14cbd210b703beb67e731e3dbfe765a43df21acd805557257f8715b74c,,pending,,,,5
img_00008538,images/img_00008538.jpg,02_deepfirearm,deepfirearm,0fa19f57537294a92464c8fe73a34bed35d3723f4b79593dceb04f387a58f78e,,pending,,,,5
img_00008539,images/img_00008539.jpg,02_deepfirearm,deepfirearm,052f0c7819d34ee8879a351cbba7057afe34f845393faa46c57a4aa6faaf5ebf,,pending,,,,5
img_00008540,images/img_00008540.jpg,02_deepfirearm,deepfirearm,42acaa9fc62abb1ec1b3003cc6dbed61d6b12895079675bb9b261c0b158b64da,,pending,,,,5
img_00008541,images/img_00008541.jpg,02_deepfirearm,deepfirearm,5ea0ef909c5351988c97f73213dc8819b4e310cfdcc7543079aa8a2efbf2fcb7,,pending,,,,5
img_00008542,images/img_00008542.jpg,02_deepfirearm,deepfirearm,45579bd8aa1598b83c18fa4078cdcf71aca2d5185cb1727ced3dde166fa81791,weapon,reviewed,,Lello,2026-04-22T09:23:41+00:00,5
img_00008543,images/img_00008543.jpg,02_deepfirearm,deepfirearm,97b2ea948168a82f5b0aa52db0849485f74c6b724c6c56d4f977ef8ab5f7f3ed,,pending,,,,5
img_00008544,images/img_00008544.jpg,02_deepfirearm,deepfirearm,5bb7672da5fda1974ca31605a1f04e02f0485e9e6c90f796397dc5c9c7c7b0ee,,pending,,,,5
img_00008545,images/img_00008545.jpg,02_deepfirearm,deepfirearm,9a5861cc195901ab76f5e00d2f422c3912d62e79724981d6f559a740d1862d67,,pending,,,,5
img_00008546,images/img_00008546.jpg,02_deepfirearm,deepfirearm,93c302ea1708035f748a4ad32575e40dacf0410e368e7e7b21961dc44f1826a3,,pending,,,,5
img_00008547,images/img_00008547.jpg,02_deepfirearm,deepfirearm,a59a39c7ba6cb42bb764bfa8eb6909f7cdb4cd44a67e68a1457d77f47a56aa55,,pending,,,,5
img_00008548,images/img_00008548.jpg,02_deepfirearm,deepfirearm,41abeebd84da3c30c82c4101556c29bb01920c647a5e84cc3dc88c30c5b51cd8,,pending,,,,5
img_00008549,images/img_00008549.jpg,02_deepfirearm,deepfirearm,52a20e6b40686cad5c455df886ecf583fbe02c066ab7d860a750059b0f5af720,,pending,,,,5
img_00008550,images/img_00008550.jpg,02_deepfirearm,deepfirearm,e570e7cad4682ac3113ee1ef072be11cb83a76566c1548e9638c3cfa9460d0f7,,pending,,,,5
img_00008551,images/img_00008551.jpg,02_deepfirearm,deepfirearm,916e23ed7d2a97b265bcfaa3d80dbf84960f0f57ce267668f271be3f17a43858,,pending,,,,5
img_00008552,images/img_00008552.jpg,02_deepfirearm,deepfirearm,efe381782a8d445576bf85169aed16123c88c3298d9341da03855db93148b643,,pending,,,,5
img_00008553,images/img_00008553.jpg,02_deepfirearm,deepfirearm,24f7300f9bfd9557dd1d38ecbe312a500533cf01a8c9b340b9d5758f409add01,,pending,,,,5
img_00008554,images/img_00008554.jpg,02_deepfirearm,deepfirearm,523951d00b33e632dc47b29297d4b4757c10526aeaeac5724801641f8e04963c,,pending,,,,5
img_00008555,images/img_00008555.jpg,02_deepfirearm,deepfirearm,75d62a2e1d0b02fdf4f7fd03e9992b6fb526888704f8190d89101ccbf8b651a9,,pending,,,,5
img_00008556,images/img_00008556.jpg,02_deepfirearm,deepfirearm,42a8434dde936c6f6a19b1b2aebc6b7b39c0878efd4dac08f67195e31923cbcc,,pending,,,,5
img_00008557,images/img_00008557.jpg,02_deepfirearm,deepfirearm,6ba0ab4c2742d8d123be75107fb7aa9d4d103e196ae8726e8b304818d8ba223f,,pending,,,,5
img_00008558,images/img_00008558.jpg,02_deepfirearm,deepfirearm,32aa321439020849a14dc6c7747d9526113eef00c005f4ad760416f757b0915f,,pending,,,,5
img_00008559,images/img_00008559.jpg,02_deepfirearm,deepfirearm,e2af27e39044685996200e864eee2a77a56964c7be031f1b10cb87314ab25fcc,,pending,,,,5
img_00008560,images/img_00008560.jpg,02_deepfirearm,deepfirearm,153d91ee4b391d0a354bb30dd1b1dfefbe163aac748ebe73d4f2b3d038068aa8,,pending,,,,5
img_00008561,images/img_00008561.jpg,02_deepfirearm,deepfirearm,aba8b8836cd466bbd8e07c97b98c9e51ca5d3962f468ee9bbddc23b54a72bc2a,,pending,,,,5
img_00008562,images/img_00008562.jpg,02_deepfirearm,deepfirearm,ed3fd0b0614d2ce7c78923ab36222cf933766fc7f367b77cfd33215c276ec363,,pending,,,,5
img_00008563,images/img_00008563.jpg,02_deepfirearm,deepfirearm,f788f911b5821861187576a0e38c147c0674f8ca4f5f2984c933ce1b800f539e,,pending,,,,5
img_00008564,images/img_00008564.jpg,02_deepfirearm,deepfirearm,39f6f63bf50e812f6dda4266f56e6de0120c1b0f748a996950dc42026e389561,,pending,,,,5
img_00008565,images/img_00008565.jpg,02_deepfirearm,deepfirearm,ed05eaf95f50bd91b5ef86102e4b2e8fc800086f46b3d0e82de163a983034660,,pending,,,,5
img_00008566,images/img_00008566.jpg,02_deepfirearm,deepfirearm,670fb1e8ac74cd84c22388f149fdde0e09bef2665a91adc7f43495c4244755c3,,pending,,,,5
img_00008567,images/img_00008567.jpg,02_deepfirearm,deepfirearm,9c5c300a7fe7e9b4adb7347c7a22ee1a9720167801b5eb9fd2b42818523a92c6,,pending,,,,5
img_00008568,images/img_00008568.jpg,02_deepfirearm,deepfirearm,d14f0ac1fc8ff8e493fcedd39c7d135a855a928fe61fd67075af04acbb69a5a9,,pending,,,,5
img_00008569,images/img_00008569.jpg,02_deepfirearm,deepfirearm,c1fbf8030e818ce7832eea6546ea84b6ed2076000aa60f25373e42fae5cd0cb7,,pending,,,,5
img_00008570,images/img_00008570.jpg,02_deepfirearm,deepfirearm,84195dc4dd8b7d8b18ea290aa47a893d9c8b2529dd0c52618f5ca011f9b690ef,,pending,,,,5
img_00008571,images/img_00008571.jpg,02_deepfirearm,deepfirearm,1793786957d9236e5366e47ebdb43de447caabc5d58ca7af964439acbdf7c348,,pending,,,,5
img_00008572,images/img_00008572.jpg,02_deepfirearm,deepfirearm,a687baad246c13f8c249b1391e586784ecf7d7cd1031e4838aa235cb2ce0537e,,pending,,,,5
img_00008573,images/img_00008573.jpg,02_deepfirearm,deepfirearm,13eafbdb2c7dde571b198b5274815f4f3e1222124f20b939b20ee2ac05455ebc,,pending,,,,5
img_00008574,images/img_00008574.jpg,02_deepfirearm,deepfirearm,e3e596e3894bc5ca6dddef9870f307b36376973648e4675b23b35d7cc38132e3,,pending,,,,5
img_00008575,images/img_00008575.jpg,02_deepfirearm,deepfirearm,7c26afe553f17debdba2a61f885fe49dbed4227110b964e9a8876cc8cc9851a7,,pending,,,,5
img_00008576,images/img_00008576.jpg,02_deepfirearm,deepfirearm,c4a594d96ab086b5c150faffbffbd96a6dadc527cbad8b25fde7eb6f387a29a6,,pending,,,,5
img_00008577,images/img_00008577.jpg,02_deepfirearm,deepfirearm,7f9bf6852184ff4a74aad0534e67a899573db795d05f3d875a66fbec9146271e,,pending,,,,5
img_00008578,images/img_00008578.jpg,02_deepfirearm,deepfirearm,1cce8fc0bf9f312d4003def8964a753b131e6c5372e7e0c1fe3945b2fb112d03,,pending,,,,5
img_00008579,images/img_00008579.jpg,02_deepfirearm,deepfirearm,30ff25d6d0d2b2e29a570e6642cf595216e64d9d8f0d5d0ef5d354dccb33183d,,pending,,,,5
img_00008580,images/img_00008580.jpg,02_deepfirearm,deepfirearm,2c06f315284ce567c9ac8b7ff7a603073a697229036a25f8c6be9964e3c2b094,,pending,,,,5
img_00008581,images/img_00008581.jpg,02_deepfirearm,deepfirearm,a936917c31b80ddbe7303bcfc264c4431901463a1754c3d869d30fadfef3695d,,pending,,,,5
img_00008582,images/img_00008582.jpg,02_deepfirearm,deepfirearm,69fdd58bcc41b5ad7a08cef926fe250fdee0025e6f68b13a543463b3dbed0039,,pending,,,,5
img_00008583,images/img_00008583.jpg,02_deepfirearm,deepfirearm,d6e5ac02677460c734332acf28df611e7510e66fc20d64b761cfd3e47401358e,,pending,,,,5
img_00008584,images/img_00008584.jpg,02_deepfirearm,deepfirearm,a15ba97c9f3dd066d1311c5f0fc9043d29c0140e84136d5036ef6ff97269a1fd,,pending,,,,5
img_00008585,images/img_00008585.jpg,02_deepfirearm,deepfirearm,02102a1e0130fbcfeed8b373fea1439b5758a65902f2c0607e678cf654bae4fc,,pending,,,,5
img_00008586,images/img_00008586.jpg,02_deepfirearm,deepfirearm,be548ae0caf5b68d3e01e8dee2aa4c618763fbfd2b607dd214cdef281e3fc9ba,,pending,,,,5
img_00008587,images/img_00008587.jpg,02_deepfirearm,deepfirearm,2cb05ba895fb5e72ce09785546a680d158f53dee983c96eb910faee6727c9bdd,,pending,,,,5
img_00008588,images/img_00008588.jpg,02_deepfirearm,deepfirearm,4d1894d2d2c4a9220c506430dbd396e7ad9b7700ab9eee7723c841eea3ac4e65,,pending,,,,5
img_00008589,images/img_00008589.jpg,02_deepfirearm,deepfirearm,a08f704570877b51a0b899008a4df66377c17b617414f2a5bf7aae4fca3d1ba1,,pending,,,,5
img_00008590,images/img_00008590.jpg,02_deepfirearm,deepfirearm,7468f5a62dca1a9f9e28130c5b2ca5b1bff829c7cb1777e97e15a0e406f47025,,pending,,,,5
img_00008591,images/img_00008591.jpg,02_deepfirearm,deepfirearm,e5bd7b00db7f8c374d3d43a06c93d3cd980328d0504c654493a530c6a1c9c83a,,pending,,,,5
img_00008592,images/img_00008592.jpg,02_deepfirearm,deepfirearm,ec1899eb709850b468acc80fc09ed855ffdb4efe7977b6d673d3b0c802ebfe47,,pending,,,,5
img_00008593,images/img_00008593.jpg,02_deepfirearm,deepfirearm,57a1910f55026c73e6684e5a1b2bf4f83a7db888164041cf90f45db1f52587c4,,pending,,,,5
img_00008594,images/img_00008594.jpg,02_deepfirearm,deepfirearm,bb4f7fa8852b6e676be324094e5874d5fa40ddfaac9f7ee5e80e6b1ac067ec80,,pending,,,,5
img_00008595,images/img_00008595.jpg,02_deepfirearm,deepfirearm,c3ce41b361dc95603327c4deaf0f8957e7f71d48db79cfb1eeadd71b67b7ba6d,,pending,,,,5
img_00008596,images/img_00008596.jpg,02_deepfirearm,deepfirearm,1460b08de05ca2d8e722d16ad318eeab9a38437cf781ff0ce4bbd5dd21389cc6,,pending,,,,5
img_00008597,images/img_00008597.jpg,02_deepfirearm,deepfirearm,bc7100684363901766032fe3eb2cd81ed257a4e07fc060818f8571cabe59c0e2,,pending,,,,5
img_00008598,images/img_00008598.jpg,02_deepfirearm,deepfirearm,554b33edd376575c2ce4a4dca227028b53dfeeca23a0644a7291f36dc75222d2,,pending,,,,5
img_00008599,images/img_00008599.jpg,02_deepfirearm,deepfirearm,b7ea00331832d87da1d40c672e64d96f2f049a05597a6b15cda8deb58d709afa,,pending,,,,5
img_00008600,images/img_00008600.jpg,02_deepfirearm,deepfirearm,115fa1eb9e82c686849efe2cfa8599e5e84a9e208b6152ca673cff918fa2f563,,pending,,,,5
img_00008601,images/img_00008601.jpg,02_deepfirearm,deepfirearm,6cbe2f1da0030081d3f0035ba5b306b511cdae5f73429c97df136afd95c27385,,pending,,,,5
img_00008602,images/img_00008602.jpg,02_deepfirearm,deepfirearm,6775dea4ec17f4c49ea4383f79c1718d3cc1ac7ed620a93e830b0a7ae4a3960d,,pending,,,,5
img_00008603,images/img_00008603.jpg,02_deepfirearm,deepfirearm,efe574dd22f1c7b3d2c5c3aa16925ba94a0799bc16e9b385031b37cbded47556,,pending,,,,5
img_00008604,images/img_00008604.jpg,02_deepfirearm,deepfirearm,b520837e99f7d47d950fa8952027cdee03a1b74668c13310ebfc1def5f133180,,pending,,,,5
img_00008605,images/img_00008605.jpg,02_deepfirearm,deepfirearm,d2d323785b6ebb15072daf24634cde3f5c1ba4c3e40a6ed43b284dfc745b1177,,pending,,,,5
img_00008606,images/img_00008606.jpg,02_deepfirearm,deepfirearm,f609018fddc48747bd7259c420d05e450a975f7a74431c01b366c3dbc1789555,,pending,,,,5
img_00008607,images/img_00008607.jpg,02_deepfirearm,deepfirearm,323624681fdf2c6904b2e4b260c2010348debf17c521849228d1b1b32dbafcab,,pending,,,,5
img_00008608,images/img_00008608.jpg,02_deepfirearm,deepfirearm,fd0087dfcc33dc81e16c42e335950bd762810b676bd0201af6ff579758d08a97,,pending,,,,5
img_00008609,images/img_00008609.jpg,02_deepfirearm,deepfirearm,9c7186c09bffd719b460fdbe5615922c187fbe575394a4cf7d3cda38b2fd1328,,pending,,,,5
img_00008610,images/img_00008610.jpg,02_deepfirearm,deepfirearm,548e1a068b0850f5309f45af188b6e15d2f36dd716832816eff9de17c2984829,,pending,,,,5
img_00008611,images/img_00008611.jpg,02_deepfirearm,deepfirearm,001ab29f9a2a6b77d4b2e59fa9ae94c963abb5462cd3c4c5d39e2fbb0b6ea605,,pending,,,,5
img_00008612,images/img_00008612.jpg,02_deepfirearm,deepfirearm,009484a411d0144f065b94f93ba4dca6bcd90da2dc6ca8b19d12e44b193b9ea5,,pending,,,,5
img_00008613,images/img_00008613.jpg,02_deepfirearm,deepfirearm,63dcc35341234643008b58a57358b7c398ed453d87c75e9d733b7052a82b1605,,pending,,,,5
img_00008614,images/img_00008614.jpg,02_deepfirearm,deepfirearm,30ccce7f95e1c5de15f9ba3370f7af4826a093d6fbbb946d629e9af087be537d,,pending,,,,5
img_00008615,images/img_00008615.jpg,02_deepfirearm,deepfirearm,da9fbb35eeda0dc690dfafcb88b7ee34b44e6a18706f434942a0824f5b6046a9,,pending,,,,5
img_00008616,images/img_00008616.jpg,02_deepfirearm,deepfirearm,8181a5db1feef1ab53de9bcfb4c668757cf636f67688ead66fbe3924ec6b3cee,,pending,,,,5
img_00008617,images/img_00008617.jpg,02_deepfirearm,deepfirearm,3e608a1d164e197eed123a832584878d875adc207c18b02fc396c4a95903823e,,pending,,,,5
img_00008618,images/img_00008618.jpg,02_deepfirearm,deepfirearm,9ba96ba143638b1d254d3ed507c4b4714ea1219613612938da82c97cbf2f2b02,,pending,,,,5
img_00008619,images/img_00008619.jpg,02_deepfirearm,deepfirearm,f573e24369458a25a9ce101fec4152838b58e9693cc80016af2583d328cceca2,,pending,,,,5
img_00008620,images/img_00008620.jpg,02_deepfirearm,deepfirearm,cbd950683e6fe9c59738a28dc2997d19416f65677f386a4797318772a94745ac,,pending,,,,5
img_00008621,images/img_00008621.jpg,02_deepfirearm,deepfirearm,2b1ecd0dc31bb869750a0f72eea19ff5a1e2a4d8a8d7fbe9abba9fae22b691ac,,pending,,,,5
img_00008622,images/img_00008622.jpg,02_deepfirearm,deepfirearm,9a09f8ff81c9e123e6dc9009db8b66e97bf53b863c23169a823a2ed0bc584759,,pending,,,,5
img_00008623,images/img_00008623.jpg,02_deepfirearm,deepfirearm,81cb899438063194fa2f6fb8e83ce3ebdc4160ba0722ee7232313ff25fb68728,,pending,,,,5
img_00008624,images/img_00008624.jpg,02_deepfirearm,deepfirearm,8aabea6841bbb1c8d856f537aeba13a5500d0e7d538e3b4211ae91e9f6693b44,,pending,,,,5
img_00008625,images/img_00008625.jpg,02_deepfirearm,deepfirearm,22496cb2516809eb2b4729a5aea96601d97e334d773b595dd7edc4619cc755d5,,pending,,,,5
img_00008626,images/img_00008626.jpg,02_deepfirearm,deepfirearm,e866ac2139800557d6b421d591a96f953cf9805b75399d6f5a523bcb48bd0387,,pending,,,,5
img_00008627,images/img_00008627.jpg,02_deepfirearm,deepfirearm,409ff936e6fd2a53faf3a90cde99d792d6b52894785075de920e70784b57dc04,,pending,,,,5
img_00008628,images/img_00008628.jpg,02_deepfirearm,deepfirearm,03998ee0896b41ab40d449ad911dae416489b2ec8cab3e7c2c3b009297e16296,,pending,,,,5
img_00008629,images/img_00008629.jpg,02_deepfirearm,deepfirearm,4f3036584f10534e7944310560f0f0a7dfaa4cc0247d61421cfe27b339fbd7ab,,pending,,,,5
img_00008630,images/img_00008630.jpg,02_deepfirearm,deepfirearm,c0f74f9f481409664ea526484b81dc7a14df650732a062c066ed3ad9f567fd10,,pending,,,,5
img_00008631,images/img_00008631.jpg,02_deepfirearm,deepfirearm,cc906611d1d2ca4b1048f4ac7ad2f8aed17ee8f2b12fef32b3c311a18235024a,,pending,,,,5
img_00008632,images/img_00008632.jpg,02_deepfirearm,deepfirearm,8965e0183e7dcb94b6c7167122f5c544342bbbb825fd595e2bbd03d764058ed4,,pending,,,,5
img_00008633,images/img_00008633.jpg,02_deepfirearm,deepfirearm,d062d89e669f42423ae63727add49a589c2be5661ffd8549f1ad15a94d0138c2,,pending,,,,5
img_00008634,images/img_00008634.jpg,02_deepfirearm,deepfirearm,be8a54de9f0121c1029beac96f072f10e295c0ce0593b41bf006622f061b2361,,pending,,,,5
img_00008635,images/img_00008635.jpg,02_deepfirearm,deepfirearm,ab9cd1b0f367b80cb5eb8dc07f93aad427eb1262fd6253011873f40642e2575e,,pending,,,,5
img_00008636,images/img_00008636.jpg,02_deepfirearm,deepfirearm,390ef22859cd8df37ee617f786a8aaffaff851ebb5fb6e77609b8e4c26d674f0,,pending,,,,5
img_00008637,images/img_00008637.jpg,02_deepfirearm,deepfirearm,77190dbd03ea5f30e3a72ae0734d8b3c0907ab2a72f788e0e51a4b0e7057dd75,,pending,,,,5
img_00008638,images/img_00008638.jpg,02_deepfirearm,deepfirearm,589a06f22cf4a95e9083d2b98ce557c2fcc16b4da89a025268624947f513908d,,pending,,,,5
img_00008639,images/img_00008639.jpg,02_deepfirearm,deepfirearm,05e879e23e2fd1eaf7b99c21f597ef9955e1bf9416d50f2b99037b0c9200a67b,,pending,,,,5
img_00008640,images/img_00008640.jpg,02_deepfirearm,deepfirearm,0719f8a2090e7c2f8c19605a5e66974a7d2e93cf6a3ef250452e19b70a522420,,pending,,,,5
img_00008641,images/img_00008641.jpg,02_deepfirearm,deepfirearm,3ae0b540a8118ba701e2d57fa515eb2918be8550574e2e012095378bb048e7ab,,pending,,,,5
img_00008642,images/img_00008642.jpg,02_deepfirearm,deepfirearm,b39e2c5bd7ca7bc53898c8ebc6194d83ce20983800266f5a157684d9531a5acb,,pending,,,,5
img_00008643,images/img_00008643.jpg,02_deepfirearm,deepfirearm,2997d97f9dcc172a6a372338258f42b03e65ac41b76ce12b2ac6d6ab8ed794d6,,pending,,,,5
img_00008644,images/img_00008644.jpg,02_deepfirearm,deepfirearm,057342d33c48162c4ed463a455a5b8ef796f60ed2a3f057bc527228297f456a3,,pending,,,,5
img_00008645,images/img_00008645.jpg,02_deepfirearm,deepfirearm,f1734008b2b3732ac7eab2515b815a4fa89c1dff66494bf6069e9f50a8efcc38,,pending,,,,5
img_00008646,images/img_00008646.jpg,02_deepfirearm,deepfirearm,3e4efcb81e939abae8e6ee8fb35301bb2abcefb1fc679766d0d47990bd483fe6,,pending,,,,5
img_00008647,images/img_00008647.jpg,02_deepfirearm,deepfirearm,46bab3860fcb19b57f2ff83f242fe23cebf314f45bed93d956a12617400fdeb0,,pending,,,,5
img_00008648,images/img_00008648.jpg,02_deepfirearm,deepfirearm,d87183dca97c5b990404b052de338448cf92e66d2022a8f1de09d7882df273fc,,pending,,,,5
img_00008649,images/img_00008649.jpg,02_deepfirearm,deepfirearm,4d245d53fc8fb9b5cda9204cbf1b8884e1051ff32a9e0bcef204122e569b5982,,pending,,,,5
img_00008650,images/img_00008650.jpg,02_deepfirearm,deepfirearm,b16a69c5394c02dfe0938c759e9f34e1b910925fd6d2c3fbb7c2519785787d85,,pending,,,,5
img_00008651,images/img_00008651.jpg,02_deepfirearm,deepfirearm,26638e3409992f3ea8900092159aaac01ce3df34a0695f502b6aa634d136c612,,pending,,,,5
img_00008652,images/img_00008652.jpg,02_deepfirearm,deepfirearm,bd3d6ebe4854e650444df857ab50fd410c1fbab06434f827425880957e0841c5,,pending,,,,5
img_00008653,images/img_00008653.jpg,02_deepfirearm,deepfirearm,6f10a0fd415523e24e64331e1e844235935b209e6f74f2e4d29564f188ee0efb,,pending,,,,5
img_00008654,images/img_00008654.jpg,02_deepfirearm,deepfirearm,897ae5735d3ce56a242fb7e67bcfdfa4ee695924b60e232681fb95576fd770d7,,pending,,,,5
img_00008655,images/img_00008655.jpg,02_deepfirearm,deepfirearm,d8a2a8a62dce0376e77e8337248d8355219c23a163274446b6e767e3dc5f4b4f,,pending,,,,5
img_00008656,images/img_00008656.jpg,02_deepfirearm,deepfirearm,cd00f17a19510d6ea2131eac81b45e31c77fef45bc16858e6250d76d12bdd30c,,pending,,,,5
img_00008657,images/img_00008657.jpg,02_deepfirearm,deepfirearm,a9cf8338c342d5bc9c394e1bf3d89db2130c5bcf8422ced477a8c2ded7f7a983,,pending,,,,5
img_00008658,images/img_00008658.jpg,02_deepfirearm,deepfirearm,6187eae8729de59f3f3bc046e3853ad4e9ea941d6d295ef780f3c09d7efafe24,,pending,,,,5
img_00008659,images/img_00008659.jpg,02_deepfirearm,deepfirearm,ba68b73c82dccb46afb01ad26539b37b1352fc5d1aad58c0cfb78f6fe8e21c33,,pending,,,,5
img_00008660,images/img_00008660.jpg,02_deepfirearm,deepfirearm,b252ba36ea73d5e64edf2925fdfa236a2bf283bdea62d6d6c84171920cb00cba,,pending,,,,5
img_00008661,images/img_00008661.jpg,02_deepfirearm,deepfirearm,9bf569719b8d34f1a4c5a5a6b04132cbdbfffe61e65fd2d08c1eb279304f4736,,pending,,,,5
img_00008662,images/img_00008662.jpg,02_deepfirearm,deepfirearm,52679e28ce2d8a2b4503060d7f10ea7ae1e92381ceb19fc21629e40e59ee236f,,pending,,,,5
img_00008663,images/img_00008663.jpg,02_deepfirearm,deepfirearm,027cf62b775f0a5ae8197f01fd7fbcce0b5236e403ae551c3e7dee2bd8d2162e,,pending,,,,5
img_00008664,images/img_00008664.jpg,02_deepfirearm,deepfirearm,72f2338a9d32984498a1a171137390bd92b8320543efa7fd4cfd9c8457e2b94d,,pending,,,,5
img_00008665,images/img_00008665.jpg,02_deepfirearm,deepfirearm,a9668a8a4bfafd3f09621b5a8d68e0bd5a7e089eef1bf0a8f69860ec4c181e29,,pending,,,,5
img_00008666,images/img_00008666.jpg,02_deepfirearm,deepfirearm,1b5fd4379c4dbc9d8bd38614116b8d075c095851d48046d2251848646f7840d5,,pending,,,,5
img_00008667,images/img_00008667.jpg,02_deepfirearm,deepfirearm,73e02afda6a1592f798c265d06822be5feb8eaaa8a6ff3521f0a94147ab2d338,,pending,,,,5
img_00008668,images/img_00008668.jpg,02_deepfirearm,deepfirearm,7b1bd2a5704f0a8ca08b751dbdfc722ef69543cfc2b1269730331594ca6ef508,,pending,,,,5
img_00008669,images/img_00008669.jpg,02_deepfirearm,deepfirearm,6eb7a589d7210bd308d85f09263413c1fa1a34f3c5886a869dd3fc26ec9b365a,,pending,,,,5
img_00008670,images/img_00008670.jpg,02_deepfirearm,deepfirearm,6f39296c341cb09e40fd352d1a13e8fa5d3eac5745af29700c7d1a355799268b,,pending,,,,5
img_00008671,images/img_00008671.jpg,02_deepfirearm,deepfirearm,7eee4c47a01d2708685c2735d4ce043c1ea1f5917e4810bf28946a749e0171b3,,pending,,,,5
img_00008672,images/img_00008672.jpg,02_deepfirearm,deepfirearm,2649229dde90a9285cc3dc39fce8c3603ce50b91e98ebf722eb22900d648aed4,,pending,,,,5
img_00008673,images/img_00008673.jpg,02_deepfirearm,deepfirearm,0658254ab7bf1e05bd0bb0fbfcba26dd6e0e741a48f258d39211c064ed5991d7,,pending,,,,5
img_00008674,images/img_00008674.jpg,02_deepfirearm,deepfirearm,d36551c4ce4c839c7126c2825f555668a6bfe696f0f653cc034e014824b8910f,,pending,,,,5
img_00008675,images/img_00008675.jpg,02_deepfirearm,deepfirearm,6fb003923c069541ca9ee32607d5ff4004f1113867e550b4bdb0f8c04c5229c7,,pending,,,,5
img_00008676,images/img_00008676.jpg,02_deepfirearm,deepfirearm,66836ab5fee1207784b4df6b19e2f6fd9460a6a06127ccd91d884174de99d03b,,pending,,,,5
img_00008677,images/img_00008677.jpg,02_deepfirearm,deepfirearm,23a1eac8bcff5309ff4a649d2defb536a5af731f6af322b5266902ec13493ced,,pending,,,,5
img_00008678,images/img_00008678.jpg,02_deepfirearm,deepfirearm,80fa3bf232c4655825d1a4431a8e3e9cf61163f8382b01ddd151b7f47da8de6b,,pending,,,,5
img_00008679,images/img_00008679.jpg,02_deepfirearm,deepfirearm,04df7c9a40498ecfc2c80ca7e3f42b9fd794c475cb257567b0e8312ee65764d2,,pending,,,,5
img_00008680,images/img_00008680.jpg,02_deepfirearm,deepfirearm,e94bf2409f314efbe7a4739689b95580ad517b3b4332a92e43be68be801e86c4,,pending,,,,5
img_00008681,images/img_00008681.jpg,02_deepfirearm,deepfirearm,7296f203375ff7f91b85ced2c824bc489bd0a314bf8b1235b3f0d571e850fe72,,pending,,,,5
img_00008682,images/img_00008682.jpg,02_deepfirearm,deepfirearm,3c9dd1f9f6f24f0d2e6b94cf0e230d10e472925356327ca6d60b49a17396d533,,pending,,,,5
img_00008683,images/img_00008683.jpg,02_deepfirearm,deepfirearm,dc485b0f953907d07a4bfc1b5f543436e5754264eb825086919faee32275ea73,,pending,,,,5
img_00008684,images/img_00008684.jpg,02_deepfirearm,deepfirearm,cec1ca38f164e6c1135387fe992ca499734aed2e96b52521a1b13e41e3ce01d0,,pending,,,,5
img_00008685,images/img_00008685.jpg,02_deepfirearm,deepfirearm,1f5ae232b81af15f2fe5adbad0d54c3c89e965f41455fd59420b406e8a7edc67,,pending,,,,5
img_00008686,images/img_00008686.jpg,02_deepfirearm,deepfirearm,6b2daae85d5d686092888b5782b7b900d35ba0f68f4e05751acafb27559ded17,,pending,,,,5
img_00008687,images/img_00008687.jpg,02_deepfirearm,deepfirearm,4d6752cb9aa424863712f949f07c0e680a5dc721393c7d65d7c659ce7cf6bbc6,,pending,,,,5
img_00008688,images/img_00008688.jpg,02_deepfirearm,deepfirearm,490712a0c9d08934cb8deb48e8cff8784cabd31203cf8cee98cd6ea76e0c74fa,,pending,,,,5
img_00008689,images/img_00008689.jpg,02_deepfirearm,deepfirearm,d15dc5efcb71d4605394935b0f78bd9d480bcb690e6e8aabaccd060dcff90f63,,pending,,,,5
img_00008690,images/img_00008690.jpg,02_deepfirearm,deepfirearm,f284774cf500526a006195d6d4a9a966e74278f12969c95b542af686452d2e67,,pending,,,,5
img_00008691,images/img_00008691.jpg,02_deepfirearm,deepfirearm,976a473fb9d9a472e72f6e8cb190df163a6c14c84283d8c4da79673f1ad3ceaf,,pending,,,,5
img_00008692,images/img_00008692.jpg,02_deepfirearm,deepfirearm,5e21e112679602aabbe66bacba037a3d98c1dc4433212349762400191b30cf0e,,pending,,,,5
img_00008693,images/img_00008693.jpg,02_deepfirearm,deepfirearm,51bcfda49375d8d5d12919e1605cbeef9115d5406be1dd06271dc565b0be3b9b,,pending,,,,5
img_00008694,images/img_00008694.jpg,02_deepfirearm,deepfirearm,9b24ddd2a30c9ae694506e6c569fab54cfdc6bc799216419f6130a5e04eefb47,,pending,,,,5
img_00008695,images/img_00008695.jpg,02_deepfirearm,deepfirearm,5a92fb7d6c14db91cdcc4795505477c3b5fc0887dab157e4c62087103e73c017,,pending,,,,5
img_00008696,images/img_00008696.jpg,02_deepfirearm,deepfirearm,5c4e99bc2382ad5faf95857e21eb0c358deb10669cb64fbebc44310a26c5c0cf,,pending,,,,5
img_00008697,images/img_00008697.jpg,02_deepfirearm,deepfirearm,72104ded770dd227aa3fff35add9236a7d09904772d24f775b36608bc23c9dec,,pending,,,,5
img_00008698,images/img_00008698.jpg,02_deepfirearm,deepfirearm,3e257a3f40c998ba010961a1c4d249b1b23986231dd6524d7fe297c9becfb0fc,,pending,,,,5
img_00008699,images/img_00008699.jpg,02_deepfirearm,deepfirearm,4f3550b6c40e8f15a08b709b61bbc97945f4341948df7bad37df0ac24666948e,,pending,,,,5
img_00008700,images/img_00008700.jpg,02_deepfirearm,deepfirearm,f25403d3d4fcc333f51e6a1fa19bb47fc87dc6ffd92be0ace010bb703d61b0bc,,pending,,,,5
img_00008701,images/img_00008701.jpg,02_deepfirearm,deepfirearm,93ea053d651ee795f530be3e7a3290e79301acb90db90c0904bbe8d42596f185,,pending,,,,5
img_00008702,images/img_00008702.jpg,02_deepfirearm,deepfirearm,9113ca5f93de526bce86225648b17b85c362f01604d48cdd341e282e45e8f27c,,pending,,,,5
img_00008703,images/img_00008703.jpg,02_deepfirearm,deepfirearm,24151e746335581a6d856c994ff44d44adc76cc14b1035fb4c0d5c2b878d7311,,pending,,,,5
img_00008704,images/img_00008704.jpg,02_deepfirearm,deepfirearm,d449cdb0b422da3b48bfb2c8d84293ba17e919502f45e8eb4f62d263219829c3,,pending,,,,5
img_00008705,images/img_00008705.jpg,02_deepfirearm,deepfirearm,7af33f6697ea6d20d7b1959cf717f73f9cdc5da60d34171d4b4797d7c097515b,,pending,,,,5
img_00008706,images/img_00008706.jpg,02_deepfirearm,deepfirearm,6ac2c005d28e4a1d007b64d92bb5add953156ca7e4a1e282254496fee1987d70,,pending,,,,5
img_00008707,images/img_00008707.jpg,02_deepfirearm,deepfirearm,647a35352873e9ab5cdaf42d719e9b454b10954978078cd25b50b064a527ce56,,pending,,,,5
img_00008708,images/img_00008708.jpg,02_deepfirearm,deepfirearm,2b5cd760871d5a644061ca5155a1a219374bbf20cd1e876545c428a39b29ed8b,,pending,,,,5
img_00008709,images/img_00008709.jpg,02_deepfirearm,deepfirearm,3e9df19f6355f4322d29bd26fd08dd580e5a8202f8f6a4627dc7b3731b0d7f0e,,pending,,,,5
img_00008710,images/img_00008710.jpg,02_deepfirearm,deepfirearm,c437cd05452e7ddf830d09bb5ffbae1168bca6862331ad6ad42f1dc65e870d7c,,pending,,,,5
img_00008711,images/img_00008711.jpg,02_deepfirearm,deepfirearm,beec123f94f662172149f9b985356ab5b75a022ef5dde2c4b100e6a39a2f639c,,pending,,,,5
img_00008712,images/img_00008712.jpg,02_deepfirearm,deepfirearm,d3d6479c65d76d36e3439a727b24c95790c89798e6a0181b4ea9251a03f4a70d,,pending,,,,5
img_00008713,images/img_00008713.jpg,02_deepfirearm,deepfirearm,8d60790d6aef57d1bdca1d69181314d6378388c324db9143b102051ea3e19139,,pending,,,,5
img_00008714,images/img_00008714.jpg,02_deepfirearm,deepfirearm,e4785f94bbf93e62e57a184efb95057dfff66857e70eb1b0e3aba14ee70400b8,,pending,,,,5
img_00008715,images/img_00008715.jpg,02_deepfirearm,deepfirearm,fcfa061b4bcfb8e8a212905f71149c4baaecd44dc7174dda63fdd74c05440d10,,pending,,,,5
img_00008716,images/img_00008716.jpg,02_deepfirearm,deepfirearm,90b150f5ae9e05a7d2d3b7c9a87419dc6e472b431247edf57946620d9d7060c7,,pending,,,,5
img_00008717,images/img_00008717.jpg,02_deepfirearm,deepfirearm,2852213a0c69abd94f893d4da26fd6f80f0eeee5711c51c8843bb803e70753e6,,pending,,,,5
img_00008718,images/img_00008718.jpg,02_deepfirearm,deepfirearm,efd164f99d73e7db59fa9d20993996f891bbf168ab7aa1f85707915ce1a5b58b,,pending,,,,5
img_00008719,images/img_00008719.jpg,02_deepfirearm,deepfirearm,a8d18fc57a2858b0a979835e35dcc48e2b60f939e22deadd4f2719e769ffcf7a,,pending,,,,5
img_00008720,images/img_00008720.jpg,02_deepfirearm,deepfirearm,be2290bac210e8b0d63a96287b6832279afb67998a0029fda9a8d27af341d6c3,,pending,,,,5
img_00008721,images/img_00008721.jpg,02_deepfirearm,deepfirearm,5220c9016c1288e723b3340233209177d47d5285c515e40efb5ea72559f27fab,,pending,,,,5
img_00008722,images/img_00008722.jpg,02_deepfirearm,deepfirearm,14deb74139ae57feb68cade742ef9a9b87d867daff892cdd8bdcbf1164202c03,,pending,,,,5
img_00008723,images/img_00008723.jpg,02_deepfirearm,deepfirearm,1edea369afbd4b446b04d02a634122e26d7d532d10490e5602155e27ab1ed954,,pending,,,,5
img_00008724,images/img_00008724.jpg,02_deepfirearm,deepfirearm,13ec657bf16f2c573d1917b583e837058c93d195427d3648bccd20042d0f0c2b,,pending,,,,5
img_00008725,images/img_00008725.jpg,02_deepfirearm,deepfirearm,d6f52245e6faf57b13bef4f640957aaee493ba8a63afbc2448fc7dc82b948ee5,,pending,,,,5
img_00008726,images/img_00008726.jpg,02_deepfirearm,deepfirearm,bf2a5c881fa7bfdaf70b31cf6391daa183ec6035b5ac67a701b99f6961b6fee3,,pending,,,,5
img_00008727,images/img_00008727.jpg,02_deepfirearm,deepfirearm,d5ce0799e1edcb45137c67684a83ac6d1202718c1525f4707772a705dece0f28,,pending,,,,5
img_00008728,images/img_00008728.jpg,02_deepfirearm,deepfirearm,6e844448bae1190b99ae9586d8e292ad1b36db515ba9d1cdc78799aacf66a16f,,pending,,,,5
img_00008729,images/img_00008729.jpg,02_deepfirearm,deepfirearm,96f6e1970957f0eb0cf82d055cf69a7e03d8cde87efe2fe718a793be1b28d49f,,pending,,,,5
img_00008730,images/img_00008730.jpg,02_deepfirearm,deepfirearm,22bbde1470492c28bb9df033dd9e4891c3f67ca0b7ad22d0a0352f8d6ef51a39,,pending,,,,5
img_00008731,images/img_00008731.jpg,02_deepfirearm,deepfirearm,c91c07f6f218550a5d3874f4551483eef3742083ab6c854d00f7ab283cb94240,,pending,,,,5
img_00008732,images/img_00008732.jpg,02_deepfirearm,deepfirearm,2dbe0475e58ce860bece316da4a2688165c0e0d986e94f935702e8fc212edb4e,,pending,,,,5
img_00008733,images/img_00008733.jpg,02_deepfirearm,deepfirearm,0bfb7cae38b7a91d9b0530472d211b60a626a0b41ae0a428a1c119355a38ecca,,pending,,,,5
img_00008734,images/img_00008734.jpg,02_deepfirearm,deepfirearm,535b374d53d350686741a4207debaa10217a446fa32ebc607feef60351c60ac1,,pending,,,,5
img_00008735,images/img_00008735.jpg,02_deepfirearm,deepfirearm,07f0f1c85a06250d41e30d42b1521d978f5dfd0ec37f48e13a71f2cb518de292,,pending,,,,5
img_00008736,images/img_00008736.jpg,02_deepfirearm,deepfirearm,a4e6ad9d583f55d3407d719ad6b1a89373ef41d57bc423192a531dddd2c5535e,,pending,,,,5
img_00008737,images/img_00008737.jpg,02_deepfirearm,deepfirearm,9ddd56863c956f6d683ed29f3b4b3cefdbc32d608be482d3b5d8ec41f02f761d,,pending,,,,5
img_00008738,images/img_00008738.jpg,02_deepfirearm,deepfirearm,0b7b92721435e8f889318e189dc405fb3a836a42375ab2c4f115b213c5203d27,,pending,,,,5
img_00008739,images/img_00008739.jpg,02_deepfirearm,deepfirearm,dc179f91ad7ea8098ead5f37d6cbfcf8bf9d43d99b81f7d3814374fc71ec960a,,pending,,,,5
img_00008740,images/img_00008740.jpg,02_deepfirearm,deepfirearm,b1bd2de8b71cace90d1f1ee93653911f3853dac79210c3a9859ffc700d4fbcbb,,pending,,,,5
img_00008741,images/img_00008741.jpg,02_deepfirearm,deepfirearm,48d2d64a772852f4ad93d5c38e5e127f0f8ba537530d555a0c8b70f5d4de39f9,,pending,,,,5
img_00008742,images/img_00008742.jpg,02_deepfirearm,deepfirearm,44644369954f0c91e52de76a826360855796d00ca687b3363945b6acd253c12a,,pending,,,,5
img_00008743,images/img_00008743.jpg,02_deepfirearm,deepfirearm,55ae89e053f74783336c707abeb074f1a22857d6739e1adac49b581f56583f0e,,pending,,,,5
img_00008744,images/img_00008744.jpg,02_deepfirearm,deepfirearm,6680bb2ea29e263fc1766c3b48e50e95453895d719580e63c335745b02e979bf,,pending,,,,5
img_00008745,images/img_00008745.jpg,02_deepfirearm,deepfirearm,889533a8dd49718bf2b9bb4a477715aeec0d52dc3a7f7468cda1e073bf39c92b,,pending,,,,5
img_00008746,images/img_00008746.jpg,02_deepfirearm,deepfirearm,c2d2b6e7d102e581367081712ab6d2a0da15f9151311e105ec68ae2a042fb3ed,,pending,,,,5
img_00008747,images/img_00008747.jpg,02_deepfirearm,deepfirearm,f8ec27e7413796c5abb1e2b34e12faa35b2c7667a63d337ff714d989451275ce,,pending,,,,5
img_00008748,images/img_00008748.jpg,02_deepfirearm,deepfirearm,dc1c530be3f7a5115a5f0b4b3343aeff821ece2e57dc9409bb2a6104e6ab3696,,pending,,,,5
img_00008749,images/img_00008749.jpg,02_deepfirearm,deepfirearm,2583dcb34d31bb35e10311229b6cac6b1a271d309357c29453f0cd91012e277e,,pending,,,,5
img_00008750,images/img_00008750.jpg,02_deepfirearm,deepfirearm,b6cc66c04426a1c9ca9a8f8652b1be94281022dc58f0cf0321868a02a3bbcd33,,pending,,,,5
img_00008751,images/img_00008751.jpg,02_deepfirearm,deepfirearm,d1c0848ddcc31293aab852b3142f54833b67d954413ff85812a0e0cfda627329,,pending,,,,5
img_00008752,images/img_00008752.jpg,02_deepfirearm,deepfirearm,e556d85a9c5b6ddb2f2b7ed4925fd6cd26a7255ebee3a1a8b2f3c5a3217d3d1d,,pending,,,,5
img_00008753,images/img_00008753.jpg,02_deepfirearm,deepfirearm,78276f4eaf9edcd34dfa09a3a12375c5eb6323e8f0d5725f10d9db0fbaa811a0,,pending,,,,5
img_00008754,images/img_00008754.jpg,02_deepfirearm,deepfirearm,3eeeead9daffdf43e8b2e530c2dbaaa9e40528f3e6994f25f295e42cfcebba83,,pending,,,,5
img_00008755,images/img_00008755.jpg,02_deepfirearm,deepfirearm,38913ecbadd5e0a9777a728009ae737b87934c5b9b4a10480396c320e6332a29,,pending,,,,5
img_00008756,images/img_00008756.jpg,02_deepfirearm,deepfirearm,ef73c077fc92815bd6c9b1ec33909e33e2fef6af61c40f0d2c589a57fca025ec,,pending,,,,5
img_00008757,images/img_00008757.jpg,02_deepfirearm,deepfirearm,9556490a6d86fb002d98c2b588c98c30aec28971da2ddca9a146e0972a0be25c,,pending,,,,5
img_00008758,images/img_00008758.jpg,02_deepfirearm,deepfirearm,b3d7dbec3fb8e70591d75018966d36f8cabcee476078a80e35db703966132e64,,pending,,,,5
img_00008759,images/img_00008759.jpg,02_deepfirearm,deepfirearm,a56d4c812b14b1ed58b939f689d2ac31d6bae2ae06ae897a6fd5942a5b1e2df6,,pending,,,,5
img_00008760,images/img_00008760.jpg,02_deepfirearm,deepfirearm,bee3a16e4bed9603691d565041c99eef03b02a440d4e7249d41078b2f22abd12,,pending,,,,5
img_00008761,images/img_00008761.jpg,02_deepfirearm,deepfirearm,cd506de7cedc2323e95c4f52ec16e556c2a5425453b98de6c10302bdcc9fd66f,,pending,,,,5
img_00008762,images/img_00008762.jpg,02_deepfirearm,deepfirearm,77a8bca5c36ab55193a36bf361e58cb54af37240b6053076d6f25eca37f30e64,,pending,,,,5
img_00008763,images/img_00008763.jpg,02_deepfirearm,deepfirearm,ffbc740d8e78ca0e3cd08807755eb3c4d1c1e12e3f0659f2273096f46c04df56,,pending,,,,5
img_00008764,images/img_00008764.jpg,02_deepfirearm,deepfirearm,73a680224c98ed3294fb2f404e10c3343b398fc0fb47a84126e2a859c475fbba,,pending,,,,5
img_00008765,images/img_00008765.jpg,02_deepfirearm,deepfirearm,1f7181b47579824358de0dfeaa8ab4c51343b1e16fe508b2307b23b7a34fce76,,pending,,,,5
img_00008766,images/img_00008766.jpg,02_deepfirearm,deepfirearm,ee12182c84892122d9249ec67af236098009ae58cba9cf602c441b4d7a591901,,pending,,,,5
img_00008767,images/img_00008767.jpg,02_deepfirearm,deepfirearm,6e4f13735608fb939fc183d1b756b7ad9ae94ea355cc02321a4b3bcd58fabdc5,,pending,,,,5
img_00008768,images/img_00008768.jpg,02_deepfirearm,deepfirearm,9a021724e7c8ad08ea30b2a0cd5d03aca34f2d975a04b7b9ccb465c075d2aa64,,pending,,,,5
img_00008769,images/img_00008769.jpg,02_deepfirearm,deepfirearm,b2d724a33c12a5753ed5f1129552db72b7c689efe5ac7cdcd7a99b491644f1dd,,pending,,,,5
img_00008770,images/img_00008770.jpg,02_deepfirearm,deepfirearm,06c3d8ef7dc895c32d35ba07111fd04603d4d51302e59b85995c89da09d1ef01,,pending,,,,5
img_00008771,images/img_00008771.jpg,02_deepfirearm,deepfirearm,3e53614fa60f9498edef0aae85eca079a1001e270a378d319f4674e9d876077e,,pending,,,,5
img_00008772,images/img_00008772.jpg,02_deepfirearm,deepfirearm,3d22a7ed1de0d1aabb6f4d822963e0c0ec130c0e8cc70676cc25ae41c1d5c0e9,,pending,,,,5
img_00008773,images/img_00008773.jpg,02_deepfirearm,deepfirearm,f97740c2f4dc426c6cf085394f839185bd7e6c3df936fb4d66e9c00160cd47ec,,pending,,,,5
img_00008774,images/img_00008774.jpg,02_deepfirearm,deepfirearm,e57968edf42b071edb398cd79ac359a6d57b5b25eae1e68517a343b045694154,,pending,,,,5
img_00008775,images/img_00008775.jpg,02_deepfirearm,deepfirearm,9c219887c616a0bf263ea14d0cb21d06860b8cec5e30e4d8df57d1de2b0782ab,,pending,,,,5
img_00008776,images/img_00008776.jpg,02_deepfirearm,deepfirearm,2db2d730251503cedcb79f02dffac35ad81efab8c75b8113f473520d02676a18,,pending,,,,5
img_00008777,images/img_00008777.jpg,02_deepfirearm,deepfirearm,c544c18281a02e84cee1ee27019d2c40e80e94f7070fd4bac7c5ded7c97ba313,,pending,,,,5
img_00008778,images/img_00008778.jpg,02_deepfirearm,deepfirearm,e62e15d551e4ca59ccd2c834014d6033d007cd67a0d0239a1680720034ff7ba6,,pending,,,,5
img_00008779,images/img_00008779.jpg,02_deepfirearm,deepfirearm,207851538dc2c0d027bbd8d7153710fbe02b0038bdf7f89c7841b9d3bf572f69,,pending,,,,5
img_00008780,images/img_00008780.jpg,02_deepfirearm,deepfirearm,e2836028d69a232cc696840c4bfe40f60970f36f8f778556c3f0c96cbc76ed8c,,pending,,,,5
img_00008781,images/img_00008781.jpg,02_deepfirearm,deepfirearm,fdf5d01d33cc6183c661acac66468448c7a9fd94c027f5085b526de6f9765b26,,pending,,,,5
img_00008782,images/img_00008782.jpg,02_deepfirearm,deepfirearm,f034f7cb73b1853f44d1518f32d3a1f09ba9873b8334860eade681de250614d0,,pending,,,,5
img_00008783,images/img_00008783.jpg,02_deepfirearm,deepfirearm,8a886065b2fd53a2ac49a06bb5a851fade3ae5b46728a9c78eee7baeb193aef8,,pending,,,,5
img_00008784,images/img_00008784.jpg,02_deepfirearm,deepfirearm,2131cecccc3eaff0fd8ea0fe22b1b32ba42612c57b964ce478fb2391bad88917,,pending,,,,5
img_00008785,images/img_00008785.jpg,02_deepfirearm,deepfirearm,d9edfcfd44d1b820243372cd74492d15e1affb581818e5573ea64e9784291576,,pending,,,,5
img_00008786,images/img_00008786.jpg,02_deepfirearm,deepfirearm,9889954233084334cfb9ddf113c808a532c3a31633b185728d1b243b7f2ed8d0,,pending,,,,5
img_00008787,images/img_00008787.jpg,02_deepfirearm,deepfirearm,a64e9ae6f0da1104ca8660e5342ffd864f025a4f17dbe4314e1acad3f0a9f8da,,pending,,,,5
img_00008788,images/img_00008788.jpg,02_deepfirearm,deepfirearm,f7528d2500600428ef46c4580038b0d62dda895e29ced5c9dc19ed7b014faa2b,,pending,,,,5
img_00008789,images/img_00008789.jpg,02_deepfirearm,deepfirearm,8f505446c0fa43dd54cf00346c9fee49ae77173c75034f4e3b64e0fa5a57ae19,,pending,,,,5
img_00008790,images/img_00008790.jpg,02_deepfirearm,deepfirearm,cbbf92abdcb87a57185dc43d41b7df0abd2735816acd18dbaed54c0f96f19124,,pending,,,,5
img_00008791,images/img_00008791.jpg,02_deepfirearm,deepfirearm,88c1efbb5f802b88dd2873aaf0ee6d6141e829faf23b1fce84baabf9c775ca6c,,pending,,,,5
img_00008792,images/img_00008792.jpg,02_deepfirearm,deepfirearm,42cd990316f1562c24b67f27afb1b4ee50ad36828c27d0aa43083dfdef6827c9,,pending,,,,5
img_00008793,images/img_00008793.jpg,02_deepfirearm,deepfirearm,61971f7006f140ebd11c700171f7fc215c5ab505770fcca3c5ea6d36c84e8d9c,,pending,,,,5
img_00008794,images/img_00008794.jpg,02_deepfirearm,deepfirearm,e3bf288d0b8c4173b3b823b353c2a1e5ae9f4194312b82f9a34b3816276277f6,,pending,,,,5
img_00008795,images/img_00008795.jpg,02_deepfirearm,deepfirearm,b251ec46e6362a37d4a31afd521564c3119f45167d7ea30c1cf859365a80918e,,pending,,,,5
img_00008796,images/img_00008796.jpg,02_deepfirearm,deepfirearm,b0cb502c02d2b7405d811eefe0b076b34d8550a155b9ee3cc9d0847da22a6f00,,pending,,,,5
img_00008797,images/img_00008797.jpg,02_deepfirearm,deepfirearm,ad84b2d5d36c21381446794a8c51f40f43f1731279ca043c237670ee7e180113,,pending,,,,5
img_00008798,images/img_00008798.jpg,02_deepfirearm,deepfirearm,626b70286bfb47a39671e04c2862154ee83bc22c79d8455d808851e11045b128,,pending,,,,5
img_00008799,images/img_00008799.jpg,02_deepfirearm,deepfirearm,3bae04eb69583ee16736e5494bf919cbbca875b622ee318c03942138a57a059c,,pending,,,,5
img_00008800,images/img_00008800.jpg,02_deepfirearm,deepfirearm,de4d53318b2915971698b38d9a939fcbbf9da390cb85e535f7c5f924deee0f6f,,pending,,,,5
img_00008801,images/img_00008801.jpg,02_deepfirearm,deepfirearm,f5e14bbe022faa46421f5b6b1d2f38f79218191ad819a6ab1b93c3d9f2987875,,pending,,,,5
img_00008802,images/img_00008802.jpg,02_deepfirearm,deepfirearm,c12d40c437d050651479b6ae28c8dc0da797fa9e38bbe1c946160fd0c7ff8359,,pending,,,,5
img_00008803,images/img_00008803.jpg,02_deepfirearm,deepfirearm,cea6a71e03461155af662d0c81f366f12074ebc3d32482a4b7087c93d22ef6c8,,pending,,,,5
img_00008804,images/img_00008804.jpg,02_deepfirearm,deepfirearm,9ecb5e3d7682e804e72f55e938c1a2b480d6327568b702b486921290782d01f1,,pending,,,,5
img_00008805,images/img_00008805.jpg,02_deepfirearm,deepfirearm,612a4c3c1671e3321d44dc0f548ee8968a2a7b13bd43b5687328f0d41d6f7d28,,pending,,,,5
img_00008806,images/img_00008806.jpg,02_deepfirearm,deepfirearm,691b81fb81862cde526171f7efe0588a8f5eb3149b2656aca8f9753ad834315b,,pending,,,,5
img_00008807,images/img_00008807.jpg,02_deepfirearm,deepfirearm,9f6bdf0638a3aa3a4322d45e2df50e197d9a2e2e4d55f0ebc132063057defc21,,pending,,,,5
img_00008808,images/img_00008808.jpg,02_deepfirearm,deepfirearm,3ffd1d18761c3172f7ea9829865b59df9202080d119d6ffee1eb0dcfac7b7304,,pending,,,,5
img_00008809,images/img_00008809.jpg,02_deepfirearm,deepfirearm,86669c4440e919c56ba6d3f97e08a8a02c4940414bc898ecd0936bc8a3f24756,,pending,,,,5
img_00008810,images/img_00008810.jpg,02_deepfirearm,deepfirearm,249977c040a1c58a5cc89295be2a4227fc5a804c278ca43447c94fd7b38f9f0e,,pending,,,,5
img_00008811,images/img_00008811.jpg,02_deepfirearm,deepfirearm,ccdc619d523060b67683ddee330f7157c6144bcc7b3237d77f046ea30104ab19,,pending,,,,5
img_00008812,images/img_00008812.jpg,02_deepfirearm,deepfirearm,0ce905320db323f24a4d2a061e0dfde374f9c4900a5a2b00598e3c6c5af2c4f2,,pending,,,,5
img_00008813,images/img_00008813.jpg,02_deepfirearm,deepfirearm,a9cf7070153e004f2387e3f137e13340f3dc84e0975e57c946ee1a590ce18bbc,,pending,,,,5
img_00008814,images/img_00008814.jpg,02_deepfirearm,deepfirearm,bd285fd4fdb855266a8cc32a6e9e968be3166fab97f1401e1883fc734468eaa5,,pending,,,,5
img_00008815,images/img_00008815.jpg,02_deepfirearm,deepfirearm,0ce5f323bed520b1e0e914fe5c590b21a185f1fbee102093c52ba19cd6e78364,,pending,,,,5
img_00008816,images/img_00008816.jpg,02_deepfirearm,deepfirearm,e9ccc06e481fe73d97bca92e32b7024bb40cee9a0e87672704ebab6fc59a6c96,,pending,,,,5
img_00008817,images/img_00008817.jpg,02_deepfirearm,deepfirearm,01f7833607a10e68a754c018096be3cf7e3a6187f81ad41da897435895e4724f,,pending,,,,5
img_00008818,images/img_00008818.jpg,02_deepfirearm,deepfirearm,1fb61a04600fc560deaed50ef70eaff35c5e2aa5f1f99e0ce8afd8c75db7116c,,pending,,,,5
img_00008819,images/img_00008819.jpg,02_deepfirearm,deepfirearm,a35ee603054588b55d0d134667571c4c3fff9a1a7ff9084168714d55255c8002,,pending,,,,5
img_00008820,images/img_00008820.jpg,02_deepfirearm,deepfirearm,d60d8ebcd32366046fbaaac31a0234c0d7b3d438257bc34f9d9be2e7ae314d36,,pending,,,,5
img_00008821,images/img_00008821.jpg,02_deepfirearm,deepfirearm,5747a67a0bef0ae8001e54ae0fc5e174ef5d679412eff78d339ffab8154c24e5,,pending,,,,5
img_00008822,images/img_00008822.jpg,02_deepfirearm,deepfirearm,046e58186153c091db37c49706d55a1af50ad3ce597dd93a3b09223f79f9c0ad,,pending,,,,5
img_00008823,images/img_00008823.jpg,02_deepfirearm,deepfirearm,dd6494fad823b8680ef1fd5d00071c69abfb0558d3e38b46cac21d3239846675,,pending,,,,5
img_00008824,images/img_00008824.jpg,02_deepfirearm,deepfirearm,56f94040b467b90878481908d0beb099261fee94268077bf4813a2d63046f9d2,,pending,,,,5
img_00008825,images/img_00008825.jpg,02_deepfirearm,deepfirearm,311185b7a422d82d9f511b8b38386d7b339ce30f56c09d8acf817f791362a842,,pending,,,,5
img_00008826,images/img_00008826.jpg,02_deepfirearm,deepfirearm,4b5dee044e2490f812fa18b2581d0039433408b847bfc1afdc617c9fa5a6bd3d,,pending,,,,5
img_00008827,images/img_00008827.jpg,02_deepfirearm,deepfirearm,92eb93b0c32cbd363525dad7f8fc8ad2dc24cd8b59adea6128feb9554e674501,,pending,,,,5
img_00008828,images/img_00008828.jpg,02_deepfirearm,deepfirearm,72c095243bd40c66dc7baf6bc7f3b70da58f55a4deb6520b7e2efa284a732523,,pending,,,,5
img_00008829,images/img_00008829.jpg,02_deepfirearm,deepfirearm,c386bff11faf1d15dee373911e074933fcead6537094cb1cf179e58981165573,,pending,,,,5
img_00008830,images/img_00008830.jpg,02_deepfirearm,deepfirearm,8d94ead1f7e62363d27914e55d3474e6f52c43e735ec58b8a9fb17fecae4e9c9,,pending,,,,5
img_00008831,images/img_00008831.jpg,02_deepfirearm,deepfirearm,caaad1b20ae8fb132757a19f285f713d5e9601cc991f1289de395666429e8048,,pending,,,,5
img_00008832,images/img_00008832.jpg,02_deepfirearm,deepfirearm,8022ccc1823ad74b4edd966038eefd77d870d92e2032e2cdc787a59b8dc7e465,,pending,,,,5
img_00008833,images/img_00008833.jpg,02_deepfirearm,deepfirearm,712f11ce8aa151816f493d4edabd62ce98ccae547829a6491136a14c743f2d35,,pending,,,,5
img_00008834,images/img_00008834.jpg,02_deepfirearm,deepfirearm,2648975c74779e0cb5749132a8d0a2b4ffb9c7c06096339192f861b4f8112c2f,,pending,,,,5
img_00008835,images/img_00008835.jpg,02_deepfirearm,deepfirearm,1f6b181d941ceba4d6602e0fba828f221dd037e073d7d3ec48fd41fe64bb8cec,,pending,,,,5
img_00008836,images/img_00008836.jpg,02_deepfirearm,deepfirearm,fbeeac872f36c119cbb087cbf43cafb308475909d711b3a96adb5052ea9c9811,,pending,,,,5
img_00008837,images/img_00008837.jpg,02_deepfirearm,deepfirearm,e31475322f32b8cf86ede91ff4f531bf2216d64a5142f24afb803bacafe8dcf3,,pending,,,,5
img_00008838,images/img_00008838.jpg,02_deepfirearm,deepfirearm,f270cf36efcd4eac1736ad32389a8d46cbbaf3fe8ee6d0eaf59fc3abb7cd18f8,,pending,,,,5
img_00008839,images/img_00008839.jpg,02_deepfirearm,deepfirearm,50c436838a1d389249ef69ebc275123775c9254b138e6652174536ed430b9c59,,pending,,,,5
img_00008840,images/img_00008840.jpg,02_deepfirearm,deepfirearm,3dcec849e0c4543aaf94a9750b19789898603d0111979248aa8d4865dc774562,,pending,,,,5
img_00008841,images/img_00008841.jpg,02_deepfirearm,deepfirearm,cca06718fb966d7e35c715a669d36cc5455b8dc349e154046c4bcbf07ae8170e,,pending,,,,5
img_00008842,images/img_00008842.jpg,02_deepfirearm,deepfirearm,b410af1d1aca6d12db0bb1d044ef4b954bd56b2709e2329f83bd8773be9bf9d3,,pending,,,,5
img_00008843,images/img_00008843.jpg,02_deepfirearm,deepfirearm,1cc8294ad453f64cfbdbcd308f877c102c41b9d41f5671363d32f9f0d3e8a95a,,pending,,,,5
img_00008844,images/img_00008844.jpg,02_deepfirearm,deepfirearm,59c87cad009b384f62c5f32763ef41b4d3f272ed63583eb135b9278fce4aff60,,pending,,,,5
img_00008845,images/img_00008845.jpg,02_deepfirearm,deepfirearm,94624068b16b6864301dbebe8bb3490ecec51560293599de802f2f126069ad17,,pending,,,,5
img_00008846,images/img_00008846.jpg,02_deepfirearm,deepfirearm,b4fdde5d4c1f036a315304f1427f90aacc45fdd9e042120c2c36446762c7dd7d,,pending,,,,5
img_00008847,images/img_00008847.jpg,02_deepfirearm,deepfirearm,446f9d2a7c329a35946182aa073eabd2348d41547dd4da8133efb460cc948786,,pending,,,,5
img_00008848,images/img_00008848.jpg,02_deepfirearm,deepfirearm,7004070809a43853eeee572e704d404d5a5a66cb5716240d5e4d94a83b5ffb60,,pending,,,,5
img_00008849,images/img_00008849.jpg,02_deepfirearm,deepfirearm,577c32b4cbf4f8552f324faffb9b16bd8ae0264f673425eff9ebecf6dadccd60,,pending,,,,5
img_00008850,images/img_00008850.jpg,02_deepfirearm,deepfirearm,70a855a51498b321e79ee999adf633c01472d5378ed74fcd0073d6b2be892e82,,pending,,,,5
img_00008851,images/img_00008851.jpg,02_deepfirearm,deepfirearm,665efa5c590bb775116ba1d91efa7bb99a727d57cf03d160b08d430ce26d4536,,pending,,,,5
img_00008852,images/img_00008852.jpg,02_deepfirearm,deepfirearm,6fa77ccaac36d23cea635de887a265d79fc41fa9ff91f2f017563d32d47eb484,,pending,,,,5
img_00008853,images/img_00008853.jpg,02_deepfirearm,deepfirearm,4fa11faf213eaeb638f5dc8ceb7dee93c3b9de059b179fa5a5f81e9c42628a54,,pending,,,,5
img_00008854,images/img_00008854.jpg,02_deepfirearm,deepfirearm,8ed88d04b6eca6b5e750cbf27ed46a9f21b3f9d375a82616c610fe605856f8fd,,pending,,,,5
img_00008855,images/img_00008855.jpg,02_deepfirearm,deepfirearm,f719aba2ea037532ab3508a73ad827f555b6d74bd59f3977a7a038eea5b45984,,pending,,,,5
img_00008856,images/img_00008856.jpg,02_deepfirearm,deepfirearm,67045a0041a29c97ae19d6e9bc3f5f66d176d832aadcccff7cfca01601c2106f,,pending,,,,5
img_00008857,images/img_00008857.jpg,02_deepfirearm,deepfirearm,80878a30f88da12784f41e817d9615618a8bd265610ed447301a9bf627a684ef,,pending,,,,5
img_00008858,images/img_00008858.jpg,02_deepfirearm,deepfirearm,c3ded9c8d52e684b36aabc34c0e7e05d2f8c21dfab2a2c8e53166c9239034610,,pending,,,,5
img_00008859,images/img_00008859.jpg,02_deepfirearm,deepfirearm,8b48aaeada9be0645e3894e98eff2f9ef06be073f356f1c0a4358ad68288a3c0,,pending,,,,5
img_00008860,images/img_00008860.jpg,02_deepfirearm,deepfirearm,fb42d62f676726668527394c10149166d5f9ad244fc7e421d691b4ee83b70b7a,,pending,,,,5
img_00008861,images/img_00008861.jpg,02_deepfirearm,deepfirearm,5e31651560ddff2d9f6ec9f338bdf7946288d0c105f74ac5c42078ab0f7905ea,,pending,,,,5
img_00008862,images/img_00008862.jpg,02_deepfirearm,deepfirearm,dadec68992e829a90e1323120187285ef6efe76dd8a623e9ab8d633b2e6872f2,,pending,,,,5
img_00008863,images/img_00008863.jpg,02_deepfirearm,deepfirearm,83375c304619d0f6d45cc6bc247c3a8ef56fc078665e74687ad39689a791d611,,pending,,,,5
img_00008864,images/img_00008864.jpg,02_deepfirearm,deepfirearm,5aa71a685780135b79749fe5c856e0ee2f578d17551cfabe52190412f4a020de,,pending,,,,5
img_00008865,images/img_00008865.jpg,02_deepfirearm,deepfirearm,ca6cb5c878573aef41451c3cf4602b6df71021c8cf710138bca1b50af0d5dc55,,pending,,,,5
img_00008866,images/img_00008866.jpg,02_deepfirearm,deepfirearm,11aceaab7b78160cd2d376c75e084600bae29b4b3b47f715485a456788469939,,pending,,,,5
img_00008867,images/img_00008867.jpg,02_deepfirearm,deepfirearm,92b78b07563e2efe185e893a3cce117b91ddf0a421abd3aacc10c5284d6c2938,,pending,,,,5
img_00008868,images/img_00008868.jpg,02_deepfirearm,deepfirearm,fde0cec63716c56fb59c1ff1807db3072ae20259837dba1b1bdadad523331037,,pending,,,,5
img_00008869,images/img_00008869.jpg,02_deepfirearm,deepfirearm,0dc42dbe97f2fd822b633d42389eca797af59e1d4f8d2f9174e77b406d918c7d,,pending,,,,5
img_00008870,images/img_00008870.jpg,02_deepfirearm,deepfirearm,33ea40e49bbb2d18d5ef2302411893be6c0e735c0e0a56c60609178c3ac9bb2b,,pending,,,,5
img_00008871,images/img_00008871.jpg,02_deepfirearm,deepfirearm,d46bc79fd747a8f25c5c48494f8dcd6c84da69d413f4680f9222abc28455fc07,,pending,,,,5
img_00008872,images/img_00008872.jpg,02_deepfirearm,deepfirearm,7ca3961c08e1cc2c480b7cdf1193377a45a05643edf7919ad6d1dcafa791d8c3,,pending,,,,5
img_00008873,images/img_00008873.jpg,02_deepfirearm,deepfirearm,8eac1f341fa17c22d0b9e55d3737eafa665ea0beb7dfb7b2fefca81d7153f432,,pending,,,,5
img_00008874,images/img_00008874.jpg,02_deepfirearm,deepfirearm,bbee881378897c49f08e747fa406e7f3558989d34212371d06595a9e4f0dca1a,,pending,,,,5
img_00008875,images/img_00008875.jpg,02_deepfirearm,deepfirearm,a6f785a1559e6e52bee15931fce23b4ddc07669ee15e4704431afd818374fcba,,pending,,,,5
img_00008876,images/img_00008876.jpg,02_deepfirearm,deepfirearm,1fb81dc0ec5e1b425c82b80c851561d3d2f068782ed7bc5e626abb83e70d79fd,,pending,,,,5
img_00008877,images/img_00008877.jpg,02_deepfirearm,deepfirearm,5fe5b14a7b65fdd0e6a78e9629dfd241b4a5e2eb44625286bd810438cee523c3,,pending,,,,5
img_00008878,images/img_00008878.jpg,02_deepfirearm,deepfirearm,7c637dcb4f4d52a365f847ca1818b6d82225c4fc492aa58e125cbc495870c9d8,,pending,,,,5
img_00008879,images/img_00008879.jpg,02_deepfirearm,deepfirearm,250897ac0c6102bba7814c7b5d6e4173ef8772eed6411f21d0721e643aaccf2e,,pending,,,,5
img_00008880,images/img_00008880.jpg,02_deepfirearm,deepfirearm,026fc7b65cefaa9d6d10b2e543a6549ce5e934bd9f62c93dea14b98064cbe87d,,pending,,,,5
img_00008881,images/img_00008881.jpg,02_deepfirearm,deepfirearm,20e1484c8e00ed9d44b71eca77bfeeb809895a47181fc3a0a0b0c30c4e1f115b,,pending,,,,5
img_00008882,images/img_00008882.jpg,02_deepfirearm,deepfirearm,0379c575edcfeefc74b60e50a03815d838ed1c53f3b2dc33a4d239df32384ab6,,pending,,,,5
img_00008883,images/img_00008883.jpg,02_deepfirearm,deepfirearm,0fbdebf926d6b8b8f3c3e6a2c40f6abe1f397559f50912dd18167acad6647e02,,pending,,,,5
img_00008884,images/img_00008884.jpg,02_deepfirearm,deepfirearm,36b3236575240ec6343fbf41f32387221e22b689a081db11ebe650e635cc6768,,pending,,,,5
img_00008885,images/img_00008885.jpg,02_deepfirearm,deepfirearm,6b55daf693b729c2a450a579dd6bce6e6265c5500c9ca260772a44b5522e24b9,,pending,,,,5
img_00008886,images/img_00008886.jpg,02_deepfirearm,deepfirearm,13fd76ff93701f5f3ba17f048958f9d5f1ab010761048b47b9921d39248e18b8,,pending,,,,5
img_00008887,images/img_00008887.jpg,02_deepfirearm,deepfirearm,3b2c668e7e1687b49a200e35b6eb47ad1fd555344d9b79fb09531e2d010f34d4,,pending,,,,5
img_00008888,images/img_00008888.jpg,02_deepfirearm,deepfirearm,cb4ea177078a4e0ce3e75701e5263940858405e1543f01916679fe003e3afe83,,pending,,,,5
img_00008889,images/img_00008889.jpg,02_deepfirearm,deepfirearm,c2b464cb614b370e775b9dfec61ed808c37551b9092ae63e7c7fb6157ecb6464,,pending,,,,5
img_00008890,images/img_00008890.jpg,02_deepfirearm,deepfirearm,7192585a863da3ea79bde95557666a974f8fb19310e89154609e3d2e57597ada,,pending,,,,5
img_00008891,images/img_00008891.jpg,02_deepfirearm,deepfirearm,c90c0185ff1c85a0bd4afd184ebba3a2870cbfb0708f68f38398c960f240b9a2,,pending,,,,5
img_00008892,images/img_00008892.jpg,02_deepfirearm,deepfirearm,15f4d0de9bc93f4fd006bfcf3a3e177eb8d9877b0dbea569f64513422a4f8c38,,pending,,,,5
img_00008893,images/img_00008893.jpg,02_deepfirearm,deepfirearm,c88fba3463df4f96d376149d02744ec6ee0e83617f11c32166da905c016d327e,,pending,,,,5
img_00008894,images/img_00008894.jpg,02_deepfirearm,deepfirearm,d1e27eb68cea306ff08f7e57d66ac41469ef2483c1f5abb6def90406f252013f,,pending,,,,5
img_00008895,images/img_00008895.jpg,02_deepfirearm,deepfirearm,3e93ffe2494de31fef7194277d32b29cc86b218b9a0fa698357595198ecf4e11,,pending,,,,5
img_00008896,images/img_00008896.jpg,02_deepfirearm,deepfirearm,f2085e473fc140d2e605f16ea770cd9183aa75d984a93617eeb41fb57f936cbd,,pending,,,,5
img_00008897,images/img_00008897.jpg,02_deepfirearm,deepfirearm,015c439452d9f7d30bda006a683c9c6f72077f16309a9d6b2f40fd8f9a7f6a3f,,pending,,,,5
img_00008898,images/img_00008898.jpg,02_deepfirearm,deepfirearm,34a06a9fd86080069c1c8cf49ac6d7fec3a1926a4aeba54ecb6369a244d5b6f2,,pending,,,,5
img_00008899,images/img_00008899.jpg,02_deepfirearm,deepfirearm,113b0e243e8ba9c702b589e9ac4cc36d486eb8c5c14380162725c581c8889b3c,,pending,,,,5
img_00008900,images/img_00008900.jpg,02_deepfirearm,deepfirearm,41587dd4d6cffdc2002bde688d9e409be199ea99811c4bec23e31f8e6082fdfe,,pending,,,,5
img_00008901,images/img_00008901.jpg,02_deepfirearm,deepfirearm,e361848294529f3096f7da7cac3b04503303749f31c097b3c7b96f2a84e6266d,,pending,,,,5
img_00008902,images/img_00008902.jpg,02_deepfirearm,deepfirearm,8596457b378665f7c601cf3c2adc2526129124e477b1fdbaf782d70fd9e27b2d,,pending,,,,5
img_00008903,images/img_00008903.jpg,02_deepfirearm,deepfirearm,fb525f18dd3e22de0e9a445b6ac17676ebfe942cb4c5bd6dee3ed7d096bfb405,,pending,,,,5
img_00008904,images/img_00008904.jpg,02_deepfirearm,deepfirearm,27cb44bf056fd0fbb0ac05510945a97aecf8b66e454d2a4b5f37cfb95f43c1ac,,pending,,,,5
img_00008905,images/img_00008905.jpg,02_deepfirearm,deepfirearm,f5e6407b1016d0cf9b54d19d8d71ebaef7e95c7196ff1438bcb9e9cebdd722d8,,pending,,,,5
img_00008906,images/img_00008906.jpg,02_deepfirearm,deepfirearm,8df383d36e8feecb699226dd2d33c8197016495d87352e0a37e6b68687ea2ecf,,pending,,,,5
img_00008907,images/img_00008907.jpg,02_deepfirearm,deepfirearm,ec61856a90351c25673a480f54e462c9face0abe7f000d36524fc707dfa281e4,,pending,,,,5
img_00008908,images/img_00008908.jpg,02_deepfirearm,deepfirearm,72f3d7365ad07ea7680d3cd9b2cd822e3905d86300f8e80fbaadc71da9230cb4,,pending,,,,5
img_00008909,images/img_00008909.jpg,02_deepfirearm,deepfirearm,0d2654089e262997789b78d2ac25efd8b54cebe3b06d711f631752156c619006,,pending,,,,5
img_00008910,images/img_00008910.jpg,02_deepfirearm,deepfirearm,2ef364f94803c79f8fac33c8352d56c54357fae93c2192cde232b6cbd8c2e7cd,,pending,,,,5
img_00008911,images/img_00008911.jpg,02_deepfirearm,deepfirearm,0da74943c3fa2fa8d9188b02a900729c473bfe4e4694eabb8decf91261e91c76,,pending,,,,5
img_00008912,images/img_00008912.jpg,02_deepfirearm,deepfirearm,a5f8006fbd255860a1946620701f594d32b91b75803677c6933060ca6d854e2f,,pending,,,,5
img_00008913,images/img_00008913.jpg,02_deepfirearm,deepfirearm,c454b80e36aa0fc7788887cfd0bc455a885214790251ee05975fbe529405ae8c,,pending,,,,5
img_00008914,images/img_00008914.jpg,02_deepfirearm,deepfirearm,4a0ce00661f70c0e8c9b107bf9a9221fbb5d1f4c566e43c0ad124651d6def42b,,pending,,,,5
img_00008915,images/img_00008915.jpg,02_deepfirearm,deepfirearm,4f995a30a938dbcf811cafaffd9f88238131f74a3e7375f8f4e64958bd928d49,,pending,,,,5
img_00008916,images/img_00008916.jpg,02_deepfirearm,deepfirearm,2d6e6ac105d57599ef43ac620d57510345b5d0e228fbbb7b772f50c10b485dbe,,pending,,,,5
img_00008917,images/img_00008917.jpg,02_deepfirearm,deepfirearm,069bb0217e0d68a7c11a3fa3bbb6ba4e623d9d77daf03b63a81cf3207aed5f3d,,pending,,,,5
img_00008918,images/img_00008918.jpg,02_deepfirearm,deepfirearm,d4e38b80a157f94eb9d0dc8391140a018146d20c5666dbdaa3b73987622a1d38,,pending,,,,5
img_00008919,images/img_00008919.jpg,02_deepfirearm,deepfirearm,5834481df6562db8731bf990ca9b916b5c16f76b2b3ec48294d2ec61de3583a7,,pending,,,,5
img_00008920,images/img_00008920.jpg,02_deepfirearm,deepfirearm,610eab374d7b485601ffcfad33b89f7796ec7bbab7924be7dfeee97f99221a73,,pending,,,,5
img_00008921,images/img_00008921.jpg,02_deepfirearm,deepfirearm,0d9acba2593dd07fb91e101a68e0c290028e370b83b49c14fdcc109ff93a8a82,,pending,,,,5
img_00008922,images/img_00008922.jpg,02_deepfirearm,deepfirearm,0e6fe65557bb9181eed29d47b628c846db4a3939ef61705481eb07203e043264,,pending,,,,5
img_00008923,images/img_00008923.jpg,02_deepfirearm,deepfirearm,829fc7cfd63242a311d8bfe5a2aa964a726698a61e5b38b57442d68400be934d,,pending,,,,5
img_00008924,images/img_00008924.jpg,02_deepfirearm,deepfirearm,01ee4d0d044c73675388e5cb9c192f5ab5968a127cef1eabb2f3b669f2ce59db,,pending,,,,5
img_00008925,images/img_00008925.jpg,02_deepfirearm,deepfirearm,64c93146a09724a43936dda5403d25c3805fc037639bc8bd5376da5e7b9a05f7,,pending,,,,5
img_00008926,images/img_00008926.jpg,02_deepfirearm,deepfirearm,a7d7a9d2cb238a712e8b18d7101a0910bb445a0efd62482ddc9f7c102198831d,,pending,,,,5
img_00008927,images/img_00008927.jpg,02_deepfirearm,deepfirearm,52f9169cbc92655e299811131ab1114f03ce2d76d53062eb060b02c25209b174,,pending,,,,5
img_00008928,images/img_00008928.jpg,02_deepfirearm,deepfirearm,c0bf588bb0fa8c20beb578b245d173b393aba3a20e6cde34b33cae98e3ed438c,,pending,,,,5
img_00008929,images/img_00008929.jpg,02_deepfirearm,deepfirearm,7df40171394c1aad120f879e55a1278c68ab4585a7e35602c4c86bef00e5b6df,,pending,,,,5
img_00008930,images/img_00008930.jpg,02_deepfirearm,deepfirearm,58db72393b09718e456850ef319959d53aee0086e7dc5029a8033c4acbdd4007,,pending,,,,5
img_00008931,images/img_00008931.jpg,02_deepfirearm,deepfirearm,d8159ba03f081e2f09560dfe6415cd7a9a33cb2d90ce77273e9dfa146b19bd26,,pending,,,,5
img_00008932,images/img_00008932.jpg,02_deepfirearm,deepfirearm,c0f2c1704c2015fe94220418562a38fd229a3457baaf33cd3995ba9b1014458d,,pending,,,,5
img_00008933,images/img_00008933.jpg,02_deepfirearm,deepfirearm,1aa7860ca20597f92de749a207b5ddf21a3a56d1cd281b93db8f2793fadf1a12,,pending,,,,5
img_00008934,images/img_00008934.jpg,02_deepfirearm,deepfirearm,de4572786d677afc1e2c084e4a7bb22eb89cff5274cc34e156f80fa7c5069bfa,,pending,,,,5
img_00008935,images/img_00008935.jpg,02_deepfirearm,deepfirearm,357dd104adbe8be358c34e1047c34e5749cbaa35843f24084c941b44f7198e79,,pending,,,,5
img_00008936,images/img_00008936.jpg,02_deepfirearm,deepfirearm,b99f9a8def5421ceec0a1103b72b410e9f7aca6eb0a9eed78cecf8d3f40ec50b,,pending,,,,5
img_00008937,images/img_00008937.jpg,02_deepfirearm,deepfirearm,c24ea312ad4b6812421a7ff994e99d9541b19c81bf8af26c01df5d9e965bea67,,pending,,,,5
img_00008938,images/img_00008938.jpg,02_deepfirearm,deepfirearm,b62cae95695b07bb54c7d44ccabe0f77cf5df7bf44a1f28e9ec089db2495591a,,pending,,,,5
img_00008939,images/img_00008939.jpg,02_deepfirearm,deepfirearm,9770705d9e94c7d71280b6bbce64540b974c249d516d60952a5456628384aae5,,pending,,,,5
img_00008940,images/img_00008940.jpg,02_deepfirearm,deepfirearm,9c0150a901352261f39a9fb0e9c3d7babfbb0342908961aca46861106c9e825b,,pending,,,,5
img_00008941,images/img_00008941.jpg,02_deepfirearm,deepfirearm,39c92a85accaec86f3b4a0c95a2b60f7e0b778e3fec7ccb579b1b4672b38ab67,,pending,,,,5
img_00008942,images/img_00008942.jpg,02_deepfirearm,deepfirearm,898abff9e100ef97551929c40855d9b57ecb8e6f0ed76b101fb7be1d0719a77f,,pending,,,,5
img_00008943,images/img_00008943.jpg,02_deepfirearm,deepfirearm,ec46eb2424152066da0df229359a51735e905d742a06bced9c32f9f04a57741e,,pending,,,,5
img_00008944,images/img_00008944.jpg,02_deepfirearm,deepfirearm,f0bb07d105af67bd101fc7b8c96053ec9d15d3e158a4a84c48fce6e3251fce26,,pending,,,,5
img_00008945,images/img_00008945.jpg,02_deepfirearm,deepfirearm,bd9a29c1ab311773384bd963a7306c93c1fb9295a59596544a32dc98bde15921,,pending,,,,5
img_00008946,images/img_00008946.jpg,02_deepfirearm,deepfirearm,eb0a514d6ddb6bcaf76d55374f91b3010689ffbc132b47b82652ba25d00d5bfc,,pending,,,,5
img_00008947,images/img_00008947.jpg,02_deepfirearm,deepfirearm,347b3f06272de8e328788fcbc0a507fc3e92c94875b32d475362bc2fcd1f1daf,,pending,,,,5
img_00008948,images/img_00008948.jpg,02_deepfirearm,deepfirearm,ca596af3ff126bd5d38967f32659e2463bbc15ea7cccbabaee71383db5481596,,pending,,,,5
img_00008949,images/img_00008949.jpg,02_deepfirearm,deepfirearm,70c4ffb55f9ae4dff93ff71e76ca7afbcd30a99cb41862d16423adb90cf405d3,,pending,,,,5
img_00008950,images/img_00008950.jpg,02_deepfirearm,deepfirearm,98d8e56ea0abe34045d56a27341adf0ca38773b3967a7863b6dee9966b53acfd,,pending,,,,5
img_00008951,images/img_00008951.jpg,02_deepfirearm,deepfirearm,ec5857c3997a5011b591797cefc384b95f3efe58068cbabdcc4a9f2ee9d0b9e7,,pending,,,,5
img_00008952,images/img_00008952.jpg,02_deepfirearm,deepfirearm,d65c85e425ade3007cf3f4f9524d688ed287cf6120c413b1591cad08ee919262,,pending,,,,5
img_00008953,images/img_00008953.jpg,02_deepfirearm,deepfirearm,4590c044c9503cec74b479bfefd3fce5c5c03dab4f7c4bbeb832819fba77d8a3,,pending,,,,5
img_00008954,images/img_00008954.jpg,02_deepfirearm,deepfirearm,2e0402e8ad8e204bf44c985326e4fcd1f459c23d3023e087012342c65055964e,,pending,,,,5
img_00008955,images/img_00008955.jpg,02_deepfirearm,deepfirearm,d88e638a6964c3d85517406d61625275b6928edca720394aee7708647ec363e9,,pending,,,,5
img_00008956,images/img_00008956.jpg,02_deepfirearm,deepfirearm,6eed45ebc94f61929c8401243b2dd06b168c2dfece18e36f4e1a9b5fc6235d2e,,pending,,,,5
img_00008957,images/img_00008957.jpg,02_deepfirearm,deepfirearm,f7db32ad2c288d5fa4264156c36ec24e47836fea72e763a48a35e0ead695a9e1,,pending,,,,5
img_00008958,images/img_00008958.jpg,02_deepfirearm,deepfirearm,de6fd6fa98dc46f61405a6e571c54c7d275b3339adabc46bba317111328c86f2,,pending,,,,5
img_00008959,images/img_00008959.jpg,02_deepfirearm,deepfirearm,66b13997de766e1f302bfe187157af17cbf2d89226d1cd7c8d1a8212040b388d,,pending,,,,5
img_00008960,images/img_00008960.jpg,02_deepfirearm,deepfirearm,9aee1a95b81cf8544acf8b5de418771773c2a19d7315c3040b9898b4d1628842,,pending,,,,5
img_00008961,images/img_00008961.jpg,02_deepfirearm,deepfirearm,1787894054bb0035aa82d1249125cc8913d5e5c923f4202b789fedfd9a49c511,,pending,,,,5
img_00008962,images/img_00008962.jpg,02_deepfirearm,deepfirearm,ed7127f6409fab75644edb94ad74584ad3f2abf10d0289f6e1be63b2674f2dad,,pending,,,,5
img_00008963,images/img_00008963.jpg,02_deepfirearm,deepfirearm,b8393ab4457f4e827254ae3bdaf6ade42849422ed7861f8ea8987f897cb6be7b,,pending,,,,5
img_00008964,images/img_00008964.jpg,02_deepfirearm,deepfirearm,92799d0f8ac867dd4332c99f5462eaf10d6e105b16c8524efde126d9cec35524,,pending,,,,5
img_00008965,images/img_00008965.jpg,02_deepfirearm,deepfirearm,6329d21afcc7382b5a80344a9d11fbc7dc8599f92cd5c8ef2ba1d38c056a0ff3,,pending,,,,5
img_00008966,images/img_00008966.jpg,02_deepfirearm,deepfirearm,c8d46ff1400dbed88b6c157a2803dad011c95d1262b0f27923aaa519e4533736,,pending,,,,5
img_00008967,images/img_00008967.jpg,02_deepfirearm,deepfirearm,e3138cc9b06b76421bfa16e2761aceb3b96250b1b5be867cb278aa1950d5e019,,pending,,,,5
img_00008968,images/img_00008968.jpg,02_deepfirearm,deepfirearm,3d08376b41623c46fad73aeff4b3c8f8f832ec149cda1d6375e2ef580b2c7c81,,pending,,,,5
img_00008969,images/img_00008969.jpg,02_deepfirearm,deepfirearm,253e997cd92357f0546c40d3fdb9c15b26389260e0a7ea7161a3fe0e213885bf,,pending,,,,5
img_00008970,images/img_00008970.jpg,02_deepfirearm,deepfirearm,802c4980f0eedca64f013b731b5a54875bbbca2fea92bf695dd24124a03677b0,,pending,,,,5
img_00008971,images/img_00008971.jpg,02_deepfirearm,deepfirearm,2091a3fb1bac203f83644ae942cf594e40e5ac7daec9a052684a626eb1cfcad8,,pending,,,,5
img_00008972,images/img_00008972.jpg,02_deepfirearm,deepfirearm,b9854aaaf0b08739f18967d4b5499d18676bb35502ad66ff0b1bca23d05dd1f0,,pending,,,,5
img_00008973,images/img_00008973.jpg,02_deepfirearm,deepfirearm,e092952f13004f78e09cfee387eb09f76b39df20da20ba36f0fd6801bc081c79,,pending,,,,5
img_00008974,images/img_00008974.jpg,02_deepfirearm,deepfirearm,a10137a0e111187cd1f4f97d97fc7a60f87c9e7d7d9d8bebea77b1535f085af7,,pending,,,,5
img_00008975,images/img_00008975.jpg,02_deepfirearm,deepfirearm,404688e6bb74c5deade6af392959328c6c3351d1394f3bfbfafe96704f2c73f7,,pending,,,,5
img_00008976,images/img_00008976.jpg,02_deepfirearm,deepfirearm,872b28b2e08c6062170719ffabbe04107059f1d0f0f7315e4c8cfff0b369b5bf,,pending,,,,5
img_00008977,images/img_00008977.jpg,02_deepfirearm,deepfirearm,76f06082753f3473b85a1f15238d9d9cc4333074e61c9b277d9458a9dcb16178,,pending,,,,5
img_00008978,images/img_00008978.jpg,02_deepfirearm,deepfirearm,14493930780b55134e55db1ca5837e4e3cb9cd962758f1d1a33ef412b225f8eb,,pending,,,,5
img_00008979,images/img_00008979.jpg,02_deepfirearm,deepfirearm,edd852b287e3ca92edab118c3f301741bf5b3be6f472a51ec65e330fb7759fcd,,pending,,,,5
img_00008980,images/img_00008980.jpg,02_deepfirearm,deepfirearm,ccb8a9dabbfbc14f3f83725f81a0ba60dddbcdfb5b320ef675bbed943138f7d5,,pending,,,,5
img_00008981,images/img_00008981.jpg,02_deepfirearm,deepfirearm,415467d7ef491cbcc46fb6b65ca2c249ae230d2912402f530ef5e59c24522959,,pending,,,,5
img_00008982,images/img_00008982.jpg,02_deepfirearm,deepfirearm,a3cb5f2684a07b14c9bc332f8e1883faf82e37e74317fab54ac28b12415cf197,,pending,,,,5
img_00008983,images/img_00008983.jpg,02_deepfirearm,deepfirearm,0309663311824b1db54c258256d5e8a5e3162f6794c237683d9eabd4499f631e,,pending,,,,5
img_00008984,images/img_00008984.jpg,02_deepfirearm,deepfirearm,90006d1e63efba2e917c00754c69be9b9f6f8a2721b86b5d502e48b09659e98b,,pending,,,,5
img_00008985,images/img_00008985.jpg,02_deepfirearm,deepfirearm,7d14a5bc9bead73fe424e25034ffc07a1c00d67d4cc3b18d91722a19789362a4,,pending,,,,5
img_00008986,images/img_00008986.jpg,02_deepfirearm,deepfirearm,70f7eb60c9482745c8c8cf2c8f1f99f8d59e8c4ce88d948c8d34601a507b4f69,,pending,,,,5
img_00008987,images/img_00008987.jpg,02_deepfirearm,deepfirearm,86fa4ad5eb1cf67b6a8c7e59a063d0ccc33c259c7e44653b8f91aad392424a06,,pending,,,,5
img_00008988,images/img_00008988.jpg,02_deepfirearm,deepfirearm,acdf8a371093223890ee32749e493f6158d83beea206cbf2a2c48639fdfd3ba1,,pending,,,,5
img_00008989,images/img_00008989.jpg,02_deepfirearm,deepfirearm,8f56bbfff34d656d667187768356a33d9297ede8ad4b1cdd673b91d2ed85d81b,,pending,,,,5
img_00008990,images/img_00008990.jpg,02_deepfirearm,deepfirearm,41e89e6303a33e871ef9c3d88c423ea8c01a3afc1767191a172e0639c2477125,,pending,,,,5
img_00008991,images/img_00008991.jpg,02_deepfirearm,deepfirearm,99ab237380942ef9ae4c379b261266cfbe896f9c4ebd4b58f27f0e0625944f64,,pending,,,,5
img_00008992,images/img_00008992.jpg,02_deepfirearm,deepfirearm,710c398ba231272ada44432c0d84ec50cb1543e220101e76df76d6c940f049a8,,pending,,,,5
img_00008993,images/img_00008993.jpg,02_deepfirearm,deepfirearm,509a1ea43803ff06481c2b65f05401dd20debff3ca9563c4221aa142356072a0,,pending,,,,5
img_00008994,images/img_00008994.jpg,02_deepfirearm,deepfirearm,b21d515f87dffcd0b4a3ee689326a99f48f9448bffc3dedf4bc9ada18c2283a3,,pending,,,,5
img_00008995,images/img_00008995.jpg,02_deepfirearm,deepfirearm,a1f6adaca989bf92f78e2f345dfb06298a5ea00431597ca0f468f18eb2c65940,,pending,,,,5
img_00008996,images/img_00008996.jpg,02_deepfirearm,deepfirearm,8519e50e6814d7631760d611e1609350e93e68279d6b01e4457391f71469ab56,,pending,,,,5
img_00008997,images/img_00008997.jpg,02_deepfirearm,deepfirearm,bb2f7c5a8c80487e60dc41f79a2f07b527cbb2cf25b5d5c46aaa7eaf8cc8031c,,pending,,,,5
img_00008998,images/img_00008998.jpg,02_deepfirearm,deepfirearm,29c7120256902484c711ce88950fa03ff554ea7abd7727a7a4c577d12a6d2592,,pending,,,,5
img_00008999,images/img_00008999.jpg,02_deepfirearm,deepfirearm,c3b1fc7618aa3a0cc09be30d75b261dd5f175da0b4812d8040bf3187bac53460,,pending,,,,5
img_00009000,images/img_00009000.jpg,02_deepfirearm,deepfirearm,895e8f5d64c15000efafd0461aa94db6be806f9af48316d869b28b055e966626,,pending,,,,5
img_00009001,images/img_00009001.jpg,02_deepfirearm,deepfirearm,c7ae4e85f5dddc032d4731f530f223ee5567540ef7aa9d84485b4e06e69ba721,,pending,,,,5
img_00009002,images/img_00009002.jpg,02_deepfirearm,deepfirearm,b9b5eb6516653e600ec9331785f9903af35e3fd629097e6e24c73a844419a8f8,,pending,,,,5
img_00009003,images/img_00009003.jpg,02_deepfirearm,deepfirearm,d3018b65cc8d831d4cf6be06348df99b332e8e42174d6b613c82a5fbaf29fff0,,pending,,,,5
img_00009004,images/img_00009004.jpg,02_deepfirearm,deepfirearm,4b022aaaaaad7c6fe5dd23ebccc6545ccbebd8507282a466b483677b8170650c,,pending,,,,5
img_00009005,images/img_00009005.jpg,02_deepfirearm,deepfirearm,bb14b3c81c60fd546cb81804406982ce46486a12cd114997d842a1fb5e9f8dd4,,pending,,,,5
img_00009006,images/img_00009006.jpg,02_deepfirearm,deepfirearm,486f5b20399ba7260f2ac48d9877cfa7c5ba1f5f2ffa8cd45c4324bd238afa39,,pending,,,,5
img_00009007,images/img_00009007.jpg,02_deepfirearm,deepfirearm,463e40dbb3278c7581852158a54a7b96b410046e68e4d480f624c1bc88acf1a3,,pending,,,,5
img_00009008,images/img_00009008.jpg,02_deepfirearm,deepfirearm,8b8040e1a7a8fc6d851bce35940ed7264a52adac7e330ad7f75111d59c919da4,,pending,,,,5
img_00009009,images/img_00009009.jpg,02_deepfirearm,deepfirearm,51a7f0b9ad089052db483b3b2f34a9d3022a3059f85ae3a5e52b1dabd2f66934,,pending,,,,5
img_00009010,images/img_00009010.jpg,02_deepfirearm,deepfirearm,0e865032f0b74decf71ef70cd13f854fec0a7315a79d7093fecb53a86c417618,,pending,,,,5
img_00009011,images/img_00009011.jpg,02_deepfirearm,deepfirearm,4713581385344532d9ca1a97523cd7bc584f1027197a8318aadb1cb9dee1c929,,pending,,,,5
img_00009012,images/img_00009012.jpg,02_deepfirearm,deepfirearm,1721777b1353c7233cc3b543998c3b1d5be09aecbd06ec8855e722a39800e2ce,,pending,,,,5
img_00009013,images/img_00009013.jpg,02_deepfirearm,deepfirearm,104d3f23cb990165e7ff2e589d34c254d752e1b7b4760dd3979f23385a9ff5b4,,pending,,,,5
img_00009014,images/img_00009014.jpg,02_deepfirearm,deepfirearm,3cf12e4e50e381a23b017fbdeee2f87b658686d388d264c62bd4505acfacffff,,pending,,,,5
img_00009015,images/img_00009015.jpg,02_deepfirearm,deepfirearm,38224e2f1e2340c66ce878ca32e50aba9d39fcd618678db2f26041ee310f3d5b,,pending,,,,5
img_00009016,images/img_00009016.jpg,02_deepfirearm,deepfirearm,63d35689688c4ffca6f3e66bd74ca0588bb63b805e28e7bbb2c45810b539e20f,,pending,,,,5
img_00009017,images/img_00009017.jpg,02_deepfirearm,deepfirearm,414632232f9b021fcd5b78f25cb7ad01343ee240bc9055ef6e6ddc38c39828bb,,pending,,,,5
img_00009018,images/img_00009018.jpg,02_deepfirearm,deepfirearm,fa228f0edc67b4a98825028644e887071e5a94a7022b13d6f73c9f644f3488a1,,pending,,,,5
img_00009019,images/img_00009019.jpg,02_deepfirearm,deepfirearm,352867e9bf66d8b1e4ee5447a92853e8c2481b7bf20ed246455e413105278a02,,pending,,,,5
img_00009020,images/img_00009020.jpg,02_deepfirearm,deepfirearm,fec1f662e8181c37abf8c93dfd73ced446213463dff59343d581481d1685b98f,,pending,,,,5
img_00009021,images/img_00009021.jpg,02_deepfirearm,deepfirearm,f1a2fb797733e7a7be548f1eaefff05189d998f96e5bd257de7fc06e47513102,,pending,,,,5
img_00009022,images/img_00009022.jpg,02_deepfirearm,deepfirearm,84e16f2fc15764430aed508bfe776a362ebd60b0089eaf8d805a81bf30004728,,pending,,,,5
img_00009023,images/img_00009023.jpg,02_deepfirearm,deepfirearm,f91b255fa229f6f284523313b20350d51fce2749ae1f7be38456bf3fcd94aac3,,pending,,,,5
img_00009024,images/img_00009024.jpg,02_deepfirearm,deepfirearm,bf34b2c6387c3eb7a3fc80b74301a757f3d19c357170941d432d754ec66c9f53,,pending,,,,5
img_00009025,images/img_00009025.jpg,02_deepfirearm,deepfirearm,b198a027b1173bf46fff4bd9bc78b3ae612eac2a9ff9b54cf41196e369383bdf,,pending,,,,5
img_00009026,images/img_00009026.jpg,02_deepfirearm,deepfirearm,979fb2a4eb59347f553749175145d56d742b8547b9faeb6b5a38172dd3b22c4b,,pending,,,,5
img_00009027,images/img_00009027.jpg,02_deepfirearm,deepfirearm,901c85587218f0bf2a6ffbc68e1498fc55445a67979c25d86f93e5b852bf5f35,,pending,,,,5
img_00009028,images/img_00009028.jpg,02_deepfirearm,deepfirearm,341c8f92aeb64af5cb5cf03afd1644813e22df9ad74ed71106933118489eadd8,,pending,,,,5
img_00009029,images/img_00009029.jpg,02_deepfirearm,deepfirearm,68aad39d01099028d27b31d2ab97708444bf1b3815ba4043fc2e8612bdbc94fc,,pending,,,,5
img_00009030,images/img_00009030.jpg,02_deepfirearm,deepfirearm,38111e33873c1accedc075d16a7f3e5014f1a4664bf944ac74ae5782c917755e,,pending,,,,5
img_00009031,images/img_00009031.jpg,02_deepfirearm,deepfirearm,c17a82d3acd0cd19db52cca4a08a3fde9ca7845b3a737a50a6979f6cade92a7b,,pending,,,,5
img_00009032,images/img_00009032.jpg,02_deepfirearm,deepfirearm,a42e1ca2eaa374bd4618e0c0590689843927fdd1fd11986bfab1a13c8e55ddc8,,pending,,,,5
img_00009033,images/img_00009033.jpg,02_deepfirearm,deepfirearm,ed8e56a04b7c61efd23d9766529b88562e33c84dc7205d33de86a70df03a1535,,pending,,,,5
img_00009034,images/img_00009034.jpg,02_deepfirearm,deepfirearm,68a63fb81672bd7e3d83415e32c2ba0b20ffce9f53e61387addfca4dd0f163a5,,pending,,,,5
img_00009035,images/img_00009035.jpg,02_deepfirearm,deepfirearm,9a43680018582527f23e924eebf426219bc691c6281aa9c6e2e857166bf8b7b1,,pending,,,,5
img_00009036,images/img_00009036.jpg,02_deepfirearm,deepfirearm,58fa5d112479c297c7ccf2a08046a4eea535f5f8d1e864c71566944ebf8d1c7c,,pending,,,,5
img_00009037,images/img_00009037.jpg,02_deepfirearm,deepfirearm,f493eb962fecc986e947cb86276c3edbcddd434595a8eb71225522498b2d822a,,pending,,,,5
img_00009038,images/img_00009038.jpg,02_deepfirearm,deepfirearm,e52d80178ee53ac62b5a3d78ea63d61c7453f141e28448d76862ff11ab587432,,pending,,,,5
img_00009039,images/img_00009039.jpg,02_deepfirearm,deepfirearm,d5d28284b3f1535ac293c50a1f9c3dd59c3cb0e612e7127123492acae80caac2,,pending,,,,5
img_00009040,images/img_00009040.jpg,02_deepfirearm,deepfirearm,eaf2db293c1035696b61cb16db1a2d5e251e03d2ed9da830917748cbabc41186,,pending,,,,5
img_00009041,images/img_00009041.jpg,02_deepfirearm,deepfirearm,bba900fcd628f5f7cf24da724fe495ace40884502e30297a33d58ebb2381eb61,,pending,,,,5
img_00009042,images/img_00009042.jpg,02_deepfirearm,deepfirearm,76c7e52a02d77cdd49717971467367efdabc5695858e126696d491e131037be1,,pending,,,,5
img_00009043,images/img_00009043.jpg,02_deepfirearm,deepfirearm,fbf4e6fee595fa2d1e1cf50e20e1a1251a7c78247af6942a3d903104252aa345,,pending,,,,5
img_00009044,images/img_00009044.jpg,02_deepfirearm,deepfirearm,6dcda908cadb245ad4080be1cf744af429e6760c3de3f60c8b18ebae720fd59d,,pending,,,,5
img_00009045,images/img_00009045.jpg,02_deepfirearm,deepfirearm,81baa55a131758bedb66f43366585e433e3f89bbcb1acba91e556e19377128f9,,pending,,,,5
img_00009046,images/img_00009046.jpg,02_deepfirearm,deepfirearm,ff686463c46d75353c9a29f1574f3149d437cd605dc48815d5dada4888b21dbe,,pending,,,,5
img_00009047,images/img_00009047.jpg,02_deepfirearm,deepfirearm,c1fd813463054a06d4ff6f1a14e8a499fa6c002b230a79bd630a5a5259a50894,,pending,,,,5
img_00009048,images/img_00009048.jpg,02_deepfirearm,deepfirearm,7fd421f83411b1858cdedd515fc92be7461d0a2636de9e131884cafbd69a39a3,,pending,,,,5
img_00009049,images/img_00009049.jpg,02_deepfirearm,deepfirearm,38a2145e94b9fcaf0b85c2eef1b9a05d5f5c2a57f00b84845151e51a8d3d93dc,,pending,,,,5
img_00009050,images/img_00009050.jpg,02_deepfirearm,deepfirearm,18eaac20c5213a91acf04aa96c63dbf198ac0e7c4c7e461f8ddb957e426c078d,,pending,,,,5
img_00009051,images/img_00009051.jpg,02_deepfirearm,deepfirearm,8356c014b147fa1d7cd85d4dba2c333fa35af57ac647ea2490430a9291e61d16,,pending,,,,5
img_00009052,images/img_00009052.jpg,02_deepfirearm,deepfirearm,ebd1868ce64c2e5f26172259bd65d2a2ea5f32c8d123dab320add29c503e9aeb,,pending,,,,5
img_00009053,images/img_00009053.jpg,02_deepfirearm,deepfirearm,64c70559d6371a659c36fcd725230dc156eec0833edf5c449a701dbd46808e63,,pending,,,,5
img_00009054,images/img_00009054.jpg,02_deepfirearm,deepfirearm,141d58f0356bd0f8993ba126d58e46d3eb3f387a0bca7a6ff39cf48c6bdaa345,,pending,,,,5
img_00009055,images/img_00009055.jpg,02_deepfirearm,deepfirearm,eab2ff17d299e1b66754433915ee54df66592c01e33ca9f2415b97006ffdc1f5,,pending,,,,5
img_00009056,images/img_00009056.jpg,02_deepfirearm,deepfirearm,f559799d6ab9b13bdb31f455e5b4764c9c98f31408cce2bfbbd4a8d3d6aba1fb,,pending,,,,5
img_00009057,images/img_00009057.jpg,02_deepfirearm,deepfirearm,efc2dfd57a24188648024ce50f019b84e8a2c7a5e073f73a3172650d4e25e33e,,pending,,,,5
img_00009058,images/img_00009058.jpg,02_deepfirearm,deepfirearm,f96c4313832779c9a5235ea4119df98366c8577518a7b226625ae05be0396268,,pending,,,,5
img_00009059,images/img_00009059.jpg,02_deepfirearm,deepfirearm,173061cddc60a6d4331d6a884f9e41c11d99c91961abb632c188a8387186400f,,pending,,,,5
img_00009060,images/img_00009060.jpg,02_deepfirearm,deepfirearm,0e59bd1c5070000a2475cec4e1cc435e81951b5032e2baf94e799af102346ebc,,pending,,,,5
img_00009061,images/img_00009061.jpg,02_deepfirearm,deepfirearm,77fb0fd8f9fbe7092bff2777a9ad2cd0dc82e8e908e532e59a0f045e5149d8d2,,pending,,,,5
img_00009062,images/img_00009062.jpg,02_deepfirearm,deepfirearm,8051158c2689f475b8ae24f71b9c9311d279d940d11f76b13be66d8bf6cd4a96,,pending,,,,5
img_00009063,images/img_00009063.jpg,02_deepfirearm,deepfirearm,0618c295721a5b5aa7d670dca3fd42ffa0b6e22adf37c92013f62a8a0ba31701,,pending,,,,5
img_00009064,images/img_00009064.jpg,02_deepfirearm,deepfirearm,f6e7adaec99c6d53ec45a9b4b1f1261da9bbce549ae8c5fd1253b27d11734a80,,pending,,,,5
img_00009065,images/img_00009065.jpg,02_deepfirearm,deepfirearm,f9418fe780ee84f79552ae2afcbb738c3e6ad5ecebe4870584eef805d33ca3bb,,pending,,,,5
img_00009066,images/img_00009066.jpg,02_deepfirearm,deepfirearm,b2a6adc2485d695cd0b4f2114be67ad7e1c244bf950ed082e9c4626943a1d244,,pending,,,,5
img_00009067,images/img_00009067.jpg,02_deepfirearm,deepfirearm,63cc171bd2682c7944b92e2bf11de98d4cadda58940c0973dbd5af66dd3046fa,,pending,,,,5
img_00009068,images/img_00009068.jpg,02_deepfirearm,deepfirearm,b0682ac8ab32a63e1d6cb14dc6135160f4ff732c66e9a37b2bbb47b11e1bd8e6,,pending,,,,5
img_00009069,images/img_00009069.jpg,02_deepfirearm,deepfirearm,6c399312efa8aee289e397baa3d4e1ee5421ebd10d52a97739470d3912cf72bf,,pending,,,,5
img_00009070,images/img_00009070.jpg,02_deepfirearm,deepfirearm,6064230c56f3cda04ed4b22ac7c83d8ea4b4e8056eca55ae2cb463f780cee514,,pending,,,,5
img_00009071,images/img_00009071.jpg,02_deepfirearm,deepfirearm,c8749ae93a87b7443f6a4d83124bc60dd4d468b40f05088a3479cd061436ac44,,pending,,,,5
img_00009072,images/img_00009072.jpg,02_deepfirearm,deepfirearm,ddf975af93d81ec1c4773f76e6b344391657232e71c222a1d652326c8a0593ab,,pending,,,,5
img_00009073,images/img_00009073.jpg,02_deepfirearm,deepfirearm,40d4545efbe763e8fb35f0c27a53dda1b7fafdf6d3b2990f3d5e226b72a1ea9d,,pending,,,,5
img_00009074,images/img_00009074.jpg,02_deepfirearm,deepfirearm,e6787976bb18daefe66b89253a022fbda5bb84bd56a6d0a8dbde613336512f8e,,pending,,,,5
img_00009075,images/img_00009075.jpg,02_deepfirearm,deepfirearm,1ab6239e33668b325c5c2b9aed6bbba6fc3bc794db592c22bf2e751e6ede8ffe,,pending,,,,5
img_00009076,images/img_00009076.jpg,02_deepfirearm,deepfirearm,7f2b54cffb7de473838a2f982a79db4c086485862d78e4dae3a111f2316ca3ce,,pending,,,,5
img_00009077,images/img_00009077.jpg,02_deepfirearm,deepfirearm,9e7aa3934241b62e86f95090654324d803b5321e4971e9100de86bc2e4f7912d,,pending,,,,5
img_00009078,images/img_00009078.jpg,02_deepfirearm,deepfirearm,43a41f2f3701283a3cc2ee8bc1c309bacb6510d8bde61168881c182121700f84,,pending,,,,5
img_00009079,images/img_00009079.jpg,02_deepfirearm,deepfirearm,5cf34c7fca7f4d7ddecd0401f4a311d41794593a117982415ce80db6c8d1942f,,pending,,,,5
img_00009080,images/img_00009080.jpg,02_deepfirearm,deepfirearm,c85fa3741a0711f654e383e20a74e8454b3505f2c71f2b8c2f79cf9888689da5,,pending,,,,5
img_00009081,images/img_00009081.jpg,02_deepfirearm,deepfirearm,d285a47a3a5699dac8ecfcb8095fba4a22ec130713a595619712a809d9442edb,,pending,,,,5
img_00009082,images/img_00009082.jpg,02_deepfirearm,deepfirearm,2d57c5f6eeac2b31a632e3c0cd2a83fc10dbc1541711c85c6ee77e78db696e62,,pending,,,,5
img_00009083,images/img_00009083.jpg,02_deepfirearm,deepfirearm,368c0a7f6b73ed4f9e0ecfde4360a783bcbd81245305a13fd1b5b69f14f11c0b,,pending,,,,5
img_00009084,images/img_00009084.jpg,02_deepfirearm,deepfirearm,f28c07096290d2adceb2aecb9d52bc060ebf509b4620e3a6ee3837e2e42f996f,,pending,,,,5
img_00009085,images/img_00009085.jpg,02_deepfirearm,deepfirearm,3883ed373207f6086075080921e83988236a757a28a3e7ddf70e7fa657d8ffd0,,pending,,,,5
img_00009086,images/img_00009086.jpg,02_deepfirearm,deepfirearm,4e49137ae5c160263aa63b5dd748d1dd96ad49ffb27dea5032e7163e6beee212,,pending,,,,5
img_00009087,images/img_00009087.jpg,02_deepfirearm,deepfirearm,6ef781ebcc46f7069773854f277799799b502733d9ecd724ccb587bc2f44b43a,,pending,,,,5
img_00009088,images/img_00009088.jpg,02_deepfirearm,deepfirearm,5145f922e8ebd2d548dd2637214d043b1c01b28e8636f6c2c2eac7eeae588cb0,,pending,,,,5
img_00009089,images/img_00009089.jpg,02_deepfirearm,deepfirearm,8f6a33888d055251965192bf6fcb34b8bde86aa22cfd436f2f916d27780b5d93,,pending,,,,5
img_00009090,images/img_00009090.jpg,02_deepfirearm,deepfirearm,6ed3434d0ba32fa1ca7bdff4fc67978189635c7c35b44653810ead3169486590,,pending,,,,5
img_00009091,images/img_00009091.jpg,02_deepfirearm,deepfirearm,cf49c6ec25154a734ee88185c3231c6960a9db8a21342751d9a5476bafab3da3,,pending,,,,5
img_00009092,images/img_00009092.jpg,02_deepfirearm,deepfirearm,390c1b534b0fc2d30f536e006c5955bc61358bfcc5e2897e456b46d23e974faa,,pending,,,,5
img_00009093,images/img_00009093.jpg,02_deepfirearm,deepfirearm,01fc9097a6eadc0e1aac06f65534561547e78dca2a0c01032790e094d7f72067,,pending,,,,5
img_00009094,images/img_00009094.jpg,02_deepfirearm,deepfirearm,bbac13b1d017a3fb3e826fbf294a67201597c81df39108e3a49ffba92f03b3f8,,pending,,,,5
img_00009095,images/img_00009095.jpg,02_deepfirearm,deepfirearm,92128cf1c22a6384ee472c11bdc92910cefddbbd67854350bec8b9c4c8dac7a7,,pending,,,,5
img_00009096,images/img_00009096.jpg,02_deepfirearm,deepfirearm,72c997dabacf9e20428730d738d1d327a4c2f7a4c3b4880ae5f6f5f66cb83d03,,pending,,,,5
img_00009097,images/img_00009097.jpg,02_deepfirearm,deepfirearm,abd646d76d7e60386682f2e9a803d27522eea6eb7fb27350031ab148902d6a63,,pending,,,,5
img_00009098,images/img_00009098.jpg,02_deepfirearm,deepfirearm,cf6eacc50e948aab0b03c3f39dec2b386e2bd7de3f1c9af53b37d27af3c2479a,,pending,,,,5
img_00009099,images/img_00009099.jpg,02_deepfirearm,deepfirearm,12b49af4ca79868829dfd9ba00fca93ee18223114fd896b77112b2a88632c251,,pending,,,,5
img_00009100,images/img_00009100.jpg,02_deepfirearm,deepfirearm,3dbf22358b850fe0d7e22df8da918b0577cef4d518b9d5937b1b28e7705be799,,pending,,,,5
img_00009101,images/img_00009101.jpg,02_deepfirearm,deepfirearm,a31d1e4fb0d34bbca66b467a69a1666c6a3acf92059f0776cc9c5a0a9ccd673d,,pending,,,,5
img_00009102,images/img_00009102.jpg,02_deepfirearm,deepfirearm,e38f880c4d575dd1ae01518efc47d53f830181385e1252f1c12e89ed3577a06c,,pending,,,,5
img_00009103,images/img_00009103.jpg,02_deepfirearm,deepfirearm,98c7c593669c14b9b9161ca5fff0e4d60aaf8b58ec057e63af40ba089186e28a,,pending,,,,5
img_00009104,images/img_00009104.jpg,02_deepfirearm,deepfirearm,925d2e7616aee74a8520c5e64d5559a05a24c013e7fdea15ffa6fba9b2959f75,,pending,,,,5
img_00009105,images/img_00009105.jpg,02_deepfirearm,deepfirearm,bde3daed630cbd12fb90ac0fae1d4363f47a0449728a8351c18ff55ae4b0dc01,,pending,,,,5
img_00009106,images/img_00009106.jpg,02_deepfirearm,deepfirearm,09aa0a40ca0e612dfa64e9cdb078560d8714e2b3c7fa7e813561ba5a2824bddd,,pending,,,,5
img_00009107,images/img_00009107.jpg,02_deepfirearm,deepfirearm,20afe21e7aaeaf8a24399cc09f987178ffcbc37f6d975ed60776dd0c7baffd5c,,pending,,,,5
img_00009108,images/img_00009108.jpg,02_deepfirearm,deepfirearm,a9b267d9d5cb3051605fb0728eef6555676ff103f0b198ae3d168758e43c97ea,,pending,,,,5
img_00009109,images/img_00009109.jpg,02_deepfirearm,deepfirearm,fbb87058c40eaff402b72b96eb463b8586d5d4c05b088169325569b0a26846de,,pending,,,,5
img_00009110,images/img_00009110.jpg,02_deepfirearm,deepfirearm,a7e9ae0fd9ce04e97a20a59085ee1b76d366d35a997ba8f56fd2fbf84564558d,,pending,,,,5
img_00009111,images/img_00009111.jpg,02_deepfirearm,deepfirearm,7d6c38b6f54f70ddb76a605344520bca661770522b3c47e59e60c95bf6cc7a38,,pending,,,,5
img_00009112,images/img_00009112.jpg,02_deepfirearm,deepfirearm,f8c84a39fc2d0a1a1df7dcab6ee86c2c5795583e9c7fe09076a73e84d2d19c2c,,pending,,,,5
img_00009113,images/img_00009113.jpg,02_deepfirearm,deepfirearm,3ed3d11a81e944d5dbad56f8901144960f85455909da71cae65a5471e6f651ca,,pending,,,,5
img_00009114,images/img_00009114.jpg,02_deepfirearm,deepfirearm,23014d967dfeabd250fb3586859dfd2ed1797758766733b40a098005e60bc669,,pending,,,,5
img_00009115,images/img_00009115.jpg,02_deepfirearm,deepfirearm,7ccd2edc29e10a54483b33490eebed44e8b40b901ea308f49115b1d23cafe9c5,,pending,,,,5
img_00009116,images/img_00009116.jpg,02_deepfirearm,deepfirearm,3532898f2cf296cf41cf74d520f7ddc1858b3515a23ac4e38248e82f80422875,,pending,,,,5
img_00009117,images/img_00009117.jpg,02_deepfirearm,deepfirearm,fa3e322ae15203b4ddce04006bef29e8f915c38f3cd6dbd61ea7ab4bd67596a0,,pending,,,,5
img_00009118,images/img_00009118.jpg,02_deepfirearm,deepfirearm,8ef624771dc3a5d2ab11b0be0da57fafa91ab8dbb64e8a7abbb62ff241ffeea9,,pending,,,,5
img_00009119,images/img_00009119.jpg,02_deepfirearm,deepfirearm,80745fc83b496c9979db6a5e32e0669b61a1bcd8116682f35a8b903a3fe2605e,,pending,,,,5
img_00009120,images/img_00009120.jpg,02_deepfirearm,deepfirearm,38385f11c60fc2209f37c03cd60712539a51a2ccd1ab2469a00ea3bb8034699d,,pending,,,,5
img_00009121,images/img_00009121.jpg,02_deepfirearm,deepfirearm,27a60ace5800cbce74209860f52c9128d8fb0e9370d8746148f4e698eddcc3ff,,pending,,,,5
img_00009122,images/img_00009122.jpg,02_deepfirearm,deepfirearm,04af1fa05a460bebf4420e59a6d4f48e903f13405702f93fb20d011ca89fbf98,,pending,,,,5
img_00009123,images/img_00009123.jpg,02_deepfirearm,deepfirearm,c3aac9790eded6244449848d3ac36cfdb96b451469c3cd9f6c5bc1eb5a35d3c2,,pending,,,,5
img_00009124,images/img_00009124.jpg,02_deepfirearm,deepfirearm,59c5b12a8b28cd463aa06cc7bbdeabe411c14dd087cfd6592c5261cb4c2d4ee7,,pending,,,,5
img_00009125,images/img_00009125.jpg,02_deepfirearm,deepfirearm,7e201ae6643c2234d27693317c10a0744871cc93d6e369abe6c2c811af0aa8fd,,pending,,,,5
img_00009126,images/img_00009126.jpg,02_deepfirearm,deepfirearm,56e6c82493ac2476f0f772c427bae9de83c435b7e74fb1f0ba46b75c67aeb279,,pending,,,,5
img_00009127,images/img_00009127.jpg,02_deepfirearm,deepfirearm,4a74cda156892f7bf3530474a3b5032fa14a5d3bfb447b6c6077fea900d0617d,,pending,,,,5
img_00009128,images/img_00009128.jpg,02_deepfirearm,deepfirearm,194181a9c206796df0e6f87cf00588cd073cd3a4c034f94423f19951acb3dc2a,,pending,,,,5
img_00009129,images/img_00009129.jpg,02_deepfirearm,deepfirearm,3fcce8de7edde9a09de24f0473b451105090db554d014cebda7b3afda41494c9,,pending,,,,5
img_00009130,images/img_00009130.jpg,02_deepfirearm,deepfirearm,099db952c6609f33a89b53cb3a2279dc1af1b3eea5928794b974feacc26f287e,,pending,,,,5
img_00009131,images/img_00009131.jpg,02_deepfirearm,deepfirearm,c72a523781304fa86932d7e8c04a54b3c0657cce05ac18d2dab75fbccb3fc86f,,pending,,,,5
img_00009132,images/img_00009132.jpg,02_deepfirearm,deepfirearm,85b0999492a410397f1790cdf8c8d9a0046564a82d5a443c001cac76bee1286d,,pending,,,,5
img_00009133,images/img_00009133.jpg,02_deepfirearm,deepfirearm,79a68de9ace688f7baef780c5cf6166071179849c619509fb46c53a4bc5c8d3c,,pending,,,,5
img_00009134,images/img_00009134.jpg,02_deepfirearm,deepfirearm,ea54854ddf7ce6f93fb2c1f1ed2d76a55509245fcf5451d130e48fcf84ce8f6e,,pending,,,,5
img_00009135,images/img_00009135.jpg,02_deepfirearm,deepfirearm,6365f79c8f1f5a8a4fdd0ca1a614ab95a47e5088802fc659ff7720008f24a211,,pending,,,,5
img_00009136,images/img_00009136.jpg,02_deepfirearm,deepfirearm,aa6ec558a9c2b91db9cfca59e0fa5094f3bb658a435307cf994642cdd95967fd,,pending,,,,5
img_00009137,images/img_00009137.jpg,02_deepfirearm,deepfirearm,c8e6eabe5d8d0fb48cc790e65fedeca7838f64fe26a64c93f2d8607298da5105,,pending,,,,5
img_00009138,images/img_00009138.jpg,02_deepfirearm,deepfirearm,d8622c8716407c538f9fab181b4b2b51a370c7be1ca6040c53bcc5c42f715366,,pending,,,,5
img_00009139,images/img_00009139.jpg,02_deepfirearm,deepfirearm,329eef0b3d569445c469224fdf912c564cfc28520572930a120c5bcd5db9443d,,pending,,,,5
img_00009140,images/img_00009140.jpg,02_deepfirearm,deepfirearm,c090997062082bb06bebfc77ae02e69af1ed7842f9308956d835035c27c981bb,,pending,,,,5
img_00009141,images/img_00009141.jpg,02_deepfirearm,deepfirearm,6ada5e8bcc0ce03c05422c7b9ebb91e0c8aabcaeabb164b1ae67ec3ba5ad6d74,,pending,,,,5
img_00009142,images/img_00009142.jpg,02_deepfirearm,deepfirearm,19326c05de9619d49d88872722d2dad5bb08b0726205cf511421b3c8da2aeed4,,pending,,,,5
img_00009143,images/img_00009143.jpg,02_deepfirearm,deepfirearm,3668671d26486dfa575bc31d1b6f5dd40c0d55a9ba84b7311873d1739f000769,,pending,,,,5
img_00009144,images/img_00009144.jpg,02_deepfirearm,deepfirearm,fda68d3a3c220a6b8b429f109bd11ecf62ad1c43a085e3bd33f5ef792898a489,,pending,,,,5
img_00009145,images/img_00009145.jpg,02_deepfirearm,deepfirearm,a988ff8f07634c003a6a30701745d99ce71f7651ecd792bc19472320ed2325aa,,pending,,,,5
img_00009146,images/img_00009146.jpg,02_deepfirearm,deepfirearm,daa84c29a220a1f3d6bf4823c60a4ae28361171f9ad642c280695719161dd658,,pending,,,,5
img_00009147,images/img_00009147.jpg,02_deepfirearm,deepfirearm,6c1b052dcc3922b6547947cb88c96310d7d0a099bab7b88626e0d87952eb05ba,,pending,,,,5
img_00009148,images/img_00009148.jpg,02_deepfirearm,deepfirearm,da13c5a4a058a29148e32df833b81f3428cb83c63dccf000c19726124b348b87,,pending,,,,5
img_00009149,images/img_00009149.jpg,02_deepfirearm,deepfirearm,6959f1d5ae1826256d770bb41dfffe7e0d17bc0defba31859d8fc55f67b11bcb,,pending,,,,5
img_00009150,images/img_00009150.jpg,02_deepfirearm,deepfirearm,5f37650f0d4eb904920fc5181ca038edac4732288dc66c0bfc90d899680fc259,,pending,,,,5
img_00009151,images/img_00009151.jpg,02_deepfirearm,deepfirearm,20448ef8a2bcd8e3d31adea8706ac775eb921312822530d437bf70448de91429,,pending,,,,5
img_00009152,images/img_00009152.jpg,02_deepfirearm,deepfirearm,0f99001971e7706f62882e045eda2ce193229ba0a814c5bcf71e811faedc9171,,pending,,,,5
img_00009153,images/img_00009153.jpg,02_deepfirearm,deepfirearm,5ddecb600ba6969d0ebf39e17cb7441d5725b3382f53400ed77712125c3f7c33,,pending,,,,5
img_00009154,images/img_00009154.jpg,02_deepfirearm,deepfirearm,5e89153b74dedfcba064210e2708b9c5af3f7b55f912ec68eb35712bc0d4fd59,,pending,,,,5
img_00009155,images/img_00009155.jpg,02_deepfirearm,deepfirearm,c20af432e35cc4eb63884f0cc38cc9421cc404565d2855977529ef31cab64437,,pending,,,,5
img_00009156,images/img_00009156.jpg,02_deepfirearm,deepfirearm,758167e9326251162160a0347e36ebaef00849c642c50d117976f46df4b485d3,,pending,,,,5
img_00009157,images/img_00009157.jpg,02_deepfirearm,deepfirearm,244b0a5c4df18d763a55141a0c25ca88cdd31e54acb8298937339eea66062455,,pending,,,,5
img_00009158,images/img_00009158.jpg,02_deepfirearm,deepfirearm,b20825b569ea40a87660d6dac964d43c75d7c5690dda0b34b04f3734cc57057d,,pending,,,,5
img_00009159,images/img_00009159.jpg,02_deepfirearm,deepfirearm,e72dbe9f018935e11d02dde57008a5fdb360d1f0bd008ebb0df1b8ccf78a6a6a,,pending,,,,5
img_00009160,images/img_00009160.jpg,02_deepfirearm,deepfirearm,b5e74721340ef411c3e6abc58665aca5a6cfc787ad8f152ce7a686b912f5fafd,,pending,,,,5
img_00009161,images/img_00009161.jpg,02_deepfirearm,deepfirearm,0858c5eadd112d671579f3c1450d00c3eddbc4af6b3023ed61c9965fbe22642f,,pending,,,,5
img_00009162,images/img_00009162.jpg,02_deepfirearm,deepfirearm,91f85d9105732bfd04e934e0369f292f0352cd9470fa3e8ae2eb33fa76136ff3,,pending,,,,5
img_00009163,images/img_00009163.jpg,02_deepfirearm,deepfirearm,4a19af32214d7313da05c1d92810e601a0a5779272ff0cb858f2a5977b4fceff,,pending,,,,5
img_00009164,images/img_00009164.jpg,02_deepfirearm,deepfirearm,1ad02804cf536941fe9b1648bfa4ca87324d6cddbdfca7ca2a18c4c3c629409d,,pending,,,,5
img_00009165,images/img_00009165.jpg,02_deepfirearm,deepfirearm,ad8447e9436141a1503131c2dabbb6c96c77765e28962f1fc5d2584292a0b939,,pending,,,,5
img_00009166,images/img_00009166.jpg,02_deepfirearm,deepfirearm,3aaed9493bf75fa34034a6265c899a94202ed6de1c4ec16dffa94857064850ff,,pending,,,,5
img_00009167,images/img_00009167.jpg,02_deepfirearm,deepfirearm,0bd1332be916dba86a8bf474bd0e3ad381e520ceef76788e4677500e3c994825,,pending,,,,5
img_00009168,images/img_00009168.jpg,02_deepfirearm,deepfirearm,54013bc39e94b1ba2df98bbc03e8859833c0ccc065ef293ae0d16ef62bb265c1,,pending,,,,5
img_00009169,images/img_00009169.jpg,02_deepfirearm,deepfirearm,43707e08da298ebe51540ac8e92aa4b1103a4232b98b66c761e8ed041d491d69,,pending,,,,5
img_00009170,images/img_00009170.jpg,02_deepfirearm,deepfirearm,96e11b01b49a03c5cfdabac833a9f725476cf05737bf2c7fa119b1e4afa6dc6d,,pending,,,,5
img_00009171,images/img_00009171.jpg,02_deepfirearm,deepfirearm,bb1e66225f70f4a944783d799dfff8faa25edbfe8b1b032e8811f7ce79ad39ab,,pending,,,,5
img_00009172,images/img_00009172.jpg,02_deepfirearm,deepfirearm,d69a38afa9c1394c8ec60744b0431f85353f2ac5d143c7855a8d7b1530f74f41,,pending,,,,5
img_00009173,images/img_00009173.jpg,02_deepfirearm,deepfirearm,6cf23a6b8cfd486e334dd208b62db14991c27caa68707001af43af9c3dadf35f,,pending,,,,5
img_00009174,images/img_00009174.jpg,02_deepfirearm,deepfirearm,e0734f055aabcb95a42d8b2ef61a996124853ea3dceb0ea7383422d2bb2c9f0e,,pending,,,,5
img_00009175,images/img_00009175.jpg,02_deepfirearm,deepfirearm,03022ec1cb51c4f914e63f25975fc765c3cf2d3474cc481adf04f271a9c3bebb,,pending,,,,5
img_00009176,images/img_00009176.jpg,02_deepfirearm,deepfirearm,b33133a07d6c829e45a78300ed90b9ed866e084b0e5ccf43a3fae7609d811b2b,,pending,,,,5
img_00009177,images/img_00009177.jpg,02_deepfirearm,deepfirearm,5324c0267bd0566f5a0bfc4c0d05ec636c4ef1ad1ae1488827e01487584cffaf,,pending,,,,5
img_00009178,images/img_00009178.jpg,02_deepfirearm,deepfirearm,ac2c11f986e00fcfadcd4641034cfa2dc344a1e9cea450ee8ef5f487a07ee002,,pending,,,,5
img_00009179,images/img_00009179.jpg,02_deepfirearm,deepfirearm,c9311af53b95c07880a715a56397c64947d906c7a8551383a27b4df5272efab4,,pending,,,,5
img_00009180,images/img_00009180.jpg,02_deepfirearm,deepfirearm,db12111386c3bed83b04b4cfaabc3093a1e30cee41d639d33730756511b04db4,,pending,,,,5
img_00009181,images/img_00009181.jpg,02_deepfirearm,deepfirearm,c8d3d6b2c9833b76bf441d116145ae105322f8454ade2dfda378e87fb10353ac,,pending,,,,5
img_00009182,images/img_00009182.jpg,02_deepfirearm,deepfirearm,4112b219911c168f382b01063e7c1a0bb4b628ef7fe5b0c9872c53db6412fb2a,,pending,,,,5
img_00009183,images/img_00009183.jpg,02_deepfirearm,deepfirearm,6d43665c181263df9b97278ce5144c01cf5c05dd7bc47fe4fff0ba6e6c3e6a42,,pending,,,,5
img_00009184,images/img_00009184.jpg,02_deepfirearm,deepfirearm,30af3738bfcd713c8c617f8f68d0598658107bf9dcb62894f5f5589a2dafbd58,,pending,,,,5
img_00009185,images/img_00009185.jpg,02_deepfirearm,deepfirearm,dcfcf83a5d48c40661f166b242dc3b86931ba3418ed26c2cc680dfa4f4b67bed,,pending,,,,5
img_00009186,images/img_00009186.jpg,02_deepfirearm,deepfirearm,b45e4d1cb38332940a2303edc692b94e85c886ad8c6ff0d632cf60f20e2952a9,,pending,,,,5
img_00009187,images/img_00009187.jpg,02_deepfirearm,deepfirearm,e431952195d85f687c1985125f750a63d6cc7a68c27cbc643c4f59eade2c9278,,pending,,,,5
img_00009188,images/img_00009188.jpg,02_deepfirearm,deepfirearm,0499e5e71ce1c5fe980aa0f2361f400f6f64937fd83440a0489354e2df2a1fe3,,pending,,,,5
img_00009189,images/img_00009189.jpg,02_deepfirearm,deepfirearm,901796da6d0487e36287019f44db5eec196ef80e397a63ca015407be5535a399,,pending,,,,5
img_00009190,images/img_00009190.jpg,02_deepfirearm,deepfirearm,4eb9fdba72c470065b6ffb0b4ac931a41012315ac0b8fc18288f1abe53501b1f,,pending,,,,5
img_00009191,images/img_00009191.jpg,02_deepfirearm,deepfirearm,c190d22c65942a66a1b6ca20ad9a080c2ada5254f7f3e2af3e42c9f76f064457,,pending,,,,5
img_00009192,images/img_00009192.jpg,02_deepfirearm,deepfirearm,2eff85f6251b6c4733dda115384b2f6f570d98e7aa2886bbb07e0ce6032e8351,,pending,,,,5
img_00009193,images/img_00009193.jpg,02_deepfirearm,deepfirearm,49e1114a70c78a5e5ada78f5d1cee5cd0cd33e62442f355ae57ee91a9fc4f1b1,,pending,,,,5
img_00009194,images/img_00009194.jpg,02_deepfirearm,deepfirearm,86b73a01a9a32ad1092c011686675b008dd6753ca651566df580ccbf9443e6ad,,pending,,,,5
img_00009195,images/img_00009195.jpg,02_deepfirearm,deepfirearm,fec5246919457e5c811a7dc388443c21ff8d2914289b19c7b430a29c6b2bb85d,,pending,,,,5
img_00009196,images/img_00009196.jpg,02_deepfirearm,deepfirearm,2ba9b778c550c2d87b177b510e46db6d9e26a6e7f8d985051e017025af2d6a6e,,pending,,,,5
img_00009197,images/img_00009197.jpg,02_deepfirearm,deepfirearm,3f7a10258f01353d12d20c20532f7ed853f8f0db1fcf39456805f5caa6c21da3,,pending,,,,5
img_00009198,images/img_00009198.jpg,02_deepfirearm,deepfirearm,8ceb44fdfb2f49286212f6a3b9d917bc18f0fe7b953e57bc2c513fe8c836c923,,pending,,,,5
img_00009199,images/img_00009199.jpg,02_deepfirearm,deepfirearm,24086e41f26b5d9fbd8beb313aaaefd5fc6c3f719f95e497b5f8e874c0f60900,,pending,,,,5
img_00009200,images/img_00009200.jpg,02_deepfirearm,deepfirearm,2bbf3435602d45f40b7151a6d18f76d46272de0643659b7a0b57a7fc0164103e,,pending,,,,5
img_00009201,images/img_00009201.jpg,02_deepfirearm,deepfirearm,3f3f4c7c99b85a4f1554fb8cca4aeb377d092535203786cc682c86d2662b33e7,,pending,,,,5
img_00009202,images/img_00009202.jpg,02_deepfirearm,deepfirearm,8b0cd8b1a8ffb474b3606f99b56197ff6cd3e9daa32df1177f00a17da95176e2,,pending,,,,5
img_00009203,images/img_00009203.jpg,02_deepfirearm,deepfirearm,bb1891f86f10981f85fc9cfbf22ff86dc139b0cefd4b8a2bac964f7d0310384a,,pending,,,,5
img_00009204,images/img_00009204.jpg,02_deepfirearm,deepfirearm,77095c46ae32cdb2b46f404f33a3576068b5fee6f637bb4d011c29c8c3132140,,pending,,,,5
img_00009205,images/img_00009205.jpg,02_deepfirearm,deepfirearm,593639932814ef84058e378a13fbdfb95d1f490202dbe1dc74520f51914973ba,,pending,,,,5
img_00009206,images/img_00009206.jpg,02_deepfirearm,deepfirearm,5dffd2627142bfb40ba7d3b9ed1c3d1d5a77927a0c84abd16a414655d77c7ede,,pending,,,,5
img_00009207,images/img_00009207.jpg,02_deepfirearm,deepfirearm,847d25ead362af02a0e898e5a5d547650f84b9834fa08614453d9161f488339e,,pending,,,,5
img_00009208,images/img_00009208.jpg,02_deepfirearm,deepfirearm,eb4de900ebb5030cc5f06f7fbad7f269fa5256f556567cb19587cd59b4c8dedf,,pending,,,,5
img_00009209,images/img_00009209.jpg,02_deepfirearm,deepfirearm,71af6317ebb29848483406bb8f2d5a860cd575de178f2317f7046ac030787867,,pending,,,,5
img_00009210,images/img_00009210.jpg,02_deepfirearm,deepfirearm,23b819d5e02a8a0684a0c98408c0eb8b12629d3a62c4ad4a68484b5c434d25b6,,pending,,,,5
img_00009211,images/img_00009211.jpg,02_deepfirearm,deepfirearm,176c826415f99c9945ea666b85209007afe7dbea71e5451c935b4b4979c64fd7,,pending,,,,5
img_00009212,images/img_00009212.jpg,02_deepfirearm,deepfirearm,2587660352514902f4c408fd1c1a4b8fd691e6cc93f5b7ffff5f68970d76eafb,,pending,,,,5
img_00009213,images/img_00009213.jpg,02_deepfirearm,deepfirearm,f8db7485383fb6ae10c199926fc5de6134ca95c49884c1ed3686934d288926e9,,pending,,,,5
img_00009214,images/img_00009214.jpg,02_deepfirearm,deepfirearm,433f0f9aaddee29272206aaf2331a3aae9c3000bf751bf99c115bf17a74d3b95,,pending,,,,5
img_00009215,images/img_00009215.jpg,02_deepfirearm,deepfirearm,a5cd4709938def012e039c4291f5732b04bc0531723c96b6c16e9b24aded051a,,pending,,,,5
img_00009216,images/img_00009216.jpg,02_deepfirearm,deepfirearm,e928c6bbd0b209084699cc0425da582f73da1c28c5efdcead7a1ab62e115e20d,,pending,,,,5
img_00009217,images/img_00009217.jpg,02_deepfirearm,deepfirearm,e19a9aa26f04c97b7e8e602c652cc8f43eed0a3633491f526d0aaa0e23258e3c,,pending,,,,5
img_00009218,images/img_00009218.jpg,02_deepfirearm,deepfirearm,ebdaaf47efa341f13cb27bca020c7fccaa843b9ce91629077281a1e590ca4e8d,,pending,,,,5
img_00009219,images/img_00009219.jpg,02_deepfirearm,deepfirearm,ac284f69218906a9b010ececbeccdc3899cb7be31cb2e10c40b6caf592f34920,,pending,,,,5
img_00009220,images/img_00009220.jpg,02_deepfirearm,deepfirearm,9e357d6bc6a2dda1f90ce1ad1cf961059c1cb72c4626a04f2cbe13386fc0dbee,,pending,,,,5
img_00009221,images/img_00009221.jpg,02_deepfirearm,deepfirearm,52d3a24e9a3abe6dda061e2795587cec4acbc199510b1a20a53dc71ddb13c2a7,,pending,,,,5
img_00009222,images/img_00009222.jpg,02_deepfirearm,deepfirearm,a96ba8986f85697d6726d0b9c65d8f0a96cc7e3116540db965fd0171c2439c82,,pending,,,,5
img_00009223,images/img_00009223.jpg,02_deepfirearm,deepfirearm,69f565bb1e07c4d158a9f8ca7efd095ad800d2c8f830ac9441eb43914dc73541,,pending,,,,5
img_00009224,images/img_00009224.jpg,02_deepfirearm,deepfirearm,84d053d16f263c357df39aecefd63c5dbe339f31ac524fa394c948a943c9569a,,pending,,,,5
img_00009225,images/img_00009225.jpg,02_deepfirearm,deepfirearm,9d507ca13d682ebe1196e76454fa233a7a0594484b8a7076c066ac8ae0617ee6,,pending,,,,5
img_00009226,images/img_00009226.jpg,02_deepfirearm,deepfirearm,2cf831dfb21b73e4e6566a14426e8083dc5c16e786d94c5d57a9d7a4bf4a49b8,,pending,,,,5
img_00009227,images/img_00009227.jpg,02_deepfirearm,deepfirearm,2da36e367425c0985381120a8dda415c48cc70bd4e7d2a2b1e9fe146636f357b,,pending,,,,5
img_00009228,images/img_00009228.jpg,02_deepfirearm,deepfirearm,934e4e0fb29ed451b8431cb8175a57c952515c431d76f7a782f421257c2cb97e,,pending,,,,5
img_00009229,images/img_00009229.jpg,02_deepfirearm,deepfirearm,0728637a4c6a0d7758297e8403ada865b56db8cd5ae33acac754721879f125e4,,pending,,,,5
img_00009230,images/img_00009230.jpg,02_deepfirearm,deepfirearm,453bbc2ba28b086f974f6f85d4793f3dec338820b9d7db9c6501f2f8a31814e1,,pending,,,,5
img_00009231,images/img_00009231.jpg,02_deepfirearm,deepfirearm,15c0fa33f14e65d8e98c6091575c230e2e0cde8013d7f2d8d9d35e9b6ee5b5eb,,pending,,,,5
img_00009232,images/img_00009232.jpg,02_deepfirearm,deepfirearm,e0cefa1fbe3c28f55becb365935a4d96b2f07d8adbd3e3bc74b4453e8422dec6,,pending,,,,5
img_00009233,images/img_00009233.jpg,02_deepfirearm,deepfirearm,fcbc3a30ea4235d984d5001b6f73f51ef4b5fd82d7c77ce872f18fd9ea88bb0c,,pending,,,,5
img_00009234,images/img_00009234.jpg,02_deepfirearm,deepfirearm,78a7b47698e41d2b1f95303a944dc4541fba276111148cbe938688c80542129d,,pending,,,,5
img_00009235,images/img_00009235.jpg,02_deepfirearm,deepfirearm,8b446e8d6490a8b54a4b34cfad18b902f455bcba548106f7fd07ed4046bc2982,,pending,,,,5
img_00009236,images/img_00009236.jpg,02_deepfirearm,deepfirearm,266612a6e39309b3a052d2de23e31eb131a8f63e96872a676c772b9d569aef93,,pending,,,,5
img_00009237,images/img_00009237.jpg,02_deepfirearm,deepfirearm,1ce73fd8387d3d93e3f2fb56faeae5ff71d5da23f3fb0547102490285cc151e4,,pending,,,,5
img_00009238,images/img_00009238.jpg,02_deepfirearm,deepfirearm,e60ffc2025c67af53f7758782c117612e2ee5b76534231cfc97b817b964d91bf,,pending,,,,5
img_00009239,images/img_00009239.jpg,02_deepfirearm,deepfirearm,f049bbbd97ec9db39099274c8b6652ad39910cd8740894bdfae6e1e51b22fc41,,pending,,,,5
img_00009240,images/img_00009240.jpg,02_deepfirearm,deepfirearm,051c88e93478c68209b3207a9c22184d1bbe2a8e78d73c39f122617fc4aeb895,,pending,,,,5
img_00009241,images/img_00009241.jpg,02_deepfirearm,deepfirearm,3ca59481eedf11d2975dfd94a86d0d77662cf0df44051f473e681dc42aa92e39,,pending,,,,5
img_00009242,images/img_00009242.jpg,02_deepfirearm,deepfirearm,a2a4e8e7019b6a31d5f759e8d4db13e6ff1811da34df469eb85961d7ab2aa082,,pending,,,,5
img_00009243,images/img_00009243.jpg,02_deepfirearm,deepfirearm,96c571e882c084d80a9106c993c8a8404aff14ccd0acf447b6383909274a8b9d,,pending,,,,5
img_00009244,images/img_00009244.jpg,02_deepfirearm,deepfirearm,99b1b7c73851bc426bf41decc2e17572802c0e9cd88391c844a86da6ce06194a,,pending,,,,5
img_00009245,images/img_00009245.jpg,02_deepfirearm,deepfirearm,30401c7ddbd1c0adadffa9cdcabeea6b4222705011279be5782cd8e19b333f41,,pending,,,,5
img_00009246,images/img_00009246.jpg,02_deepfirearm,deepfirearm,1798d5891d3e5ed7382cdd19ef7c8c68604476cb85c2f816e7589dc501c27d78,,pending,,,,5
img_00009247,images/img_00009247.jpg,02_deepfirearm,deepfirearm,9779c93139c16d76020c291aecd48348cf4ecddbcf8d60695ef2f93f60c41e92,,pending,,,,5
img_00009248,images/img_00009248.jpg,02_deepfirearm,deepfirearm,04b192b605e800b8d5a4d997a94fa23fe2124c3243af5d32b388263fe539a708,,pending,,,,5
img_00009249,images/img_00009249.jpg,02_deepfirearm,deepfirearm,b656ba5626e5d353b521d014e2e0dae8b2cacfcc9678d71ab583b08e34b6e315,,pending,,,,5
img_00009250,images/img_00009250.jpg,02_deepfirearm,deepfirearm,7b62cffe53e121a4706f7ad22daaee29c46105b3988d277e6321c3a8bc6c448a,,pending,,,,5
img_00009251,images/img_00009251.jpg,02_deepfirearm,deepfirearm,5abf97e0242e8e2a1f218b742ea5b4c3847d7e003848c73380d67a9ac3bf5679,,pending,,,,5
img_00009252,images/img_00009252.jpg,02_deepfirearm,deepfirearm,723116e85aa82fee124d7f90aa0ea442638437a85118b6314eb445b71c9851eb,,pending,,,,5
img_00009253,images/img_00009253.jpg,02_deepfirearm,deepfirearm,dfe0e847f282aa59d64ad18cbfb41be656999a2ffe329195d3ae806f165fd471,,pending,,,,5
img_00009254,images/img_00009254.jpg,02_deepfirearm,deepfirearm,53d23175f7f89ba495cd88033f95a8d7d9670208549128cbddb85a439cdd3500,,pending,,,,5
img_00009255,images/img_00009255.jpg,02_deepfirearm,deepfirearm,40af0b1fc6a5a93096898b7ebb3fbd08d813b20b1ccbf00c79806c0f7e871f19,,pending,,,,5
img_00009256,images/img_00009256.jpg,02_deepfirearm,deepfirearm,70ff7b1f8faae1438720a6bf4eac0c6fcd568d3d0316d4fd4bf0392d569ffe9f,,pending,,,,5
img_00009257,images/img_00009257.jpg,02_deepfirearm,deepfirearm,f9f770b70b5a071b5d6f2fde3415586c1167293cfae8db1f60fca12c78ec60b2,,pending,,,,5
img_00009258,images/img_00009258.jpg,02_deepfirearm,deepfirearm,04bc3429d6c41fb2a3f6b6dcb09c74ca4f2ca9425edbcebc2bee4772aa1d67bf,,pending,,,,5
img_00009259,images/img_00009259.jpg,02_deepfirearm,deepfirearm,ed856f8ba389b00cb333dedf54e1c256ae3ff4ffca228c8b07cb356531f2fb7b,,pending,,,,5
img_00009260,images/img_00009260.jpg,02_deepfirearm,deepfirearm,4cbe2ef2a26c349fd0a0b40380d5ff2a221157fa05ea216d3ab3d8ab7c02538a,,pending,,,,5
img_00009261,images/img_00009261.jpg,02_deepfirearm,deepfirearm,a7ae0344ffba40e03c0e84132d24c18b755e106475940263b6e1fa38ff725598,,pending,,,,5
img_00009262,images/img_00009262.jpg,02_deepfirearm,deepfirearm,21ae715bf12cc14ab043a057e6a2ee8acb19bfd5ede83d72140f8111d82fa2d6,,pending,,,,5
img_00009263,images/img_00009263.jpg,02_deepfirearm,deepfirearm,5257c893f6928971a63e0004190afb64ba19d31126638189bae751e4f9af4568,,pending,,,,5
img_00009264,images/img_00009264.jpg,02_deepfirearm,deepfirearm,9dc509d82c2181e2e2fb8cf8f5c9e50bf261d3063c04cc6719316683aa3d6deb,,pending,,,,5
img_00009265,images/img_00009265.jpg,02_deepfirearm,deepfirearm,8b31f09aaf3f6d7d0ed36ce93b188ad41746ec283f6cba1fac6ea2b72865de0b,,pending,,,,5
img_00009266,images/img_00009266.jpg,02_deepfirearm,deepfirearm,c0f32294101ebae34d91880ae6a705e59f3d9e8f4ae09d7582ab55a5215aa9be,,pending,,,,5
img_00009267,images/img_00009267.jpg,02_deepfirearm,deepfirearm,d81b3b18e335647591f64fc5fb715922a56c7da2708820b5861e877a65fc5f11,,pending,,,,5
img_00009268,images/img_00009268.jpg,02_deepfirearm,deepfirearm,c563dbe85025adb17e5e8c1f1d406f7bd862f45b1a714f2400bb0ddf9272e2f0,,pending,,,,5
img_00009269,images/img_00009269.jpg,02_deepfirearm,deepfirearm,6e884e71e8aab371427553e95debed368890bb4165136b6b8f442f6dc035900e,,pending,,,,5
img_00009270,images/img_00009270.jpg,02_deepfirearm,deepfirearm,ceb6ba912bb1504075ce8273be3aa1565f09df37602624131eb291514cfdddcd,,pending,,,,5
img_00009271,images/img_00009271.jpg,02_deepfirearm,deepfirearm,d6d06863b739d57379baf717033940d4529889ac76ade2720d6a3d333c1c60b7,,pending,,,,5
img_00009272,images/img_00009272.jpg,02_deepfirearm,deepfirearm,f1a29ec593ccc9b1eb5cb48beedc08b7a4d0d58a20ea68bb7f221fa060ad2a5e,,pending,,,,5
img_00009273,images/img_00009273.jpg,02_deepfirearm,deepfirearm,31201cbae07bd0ac3a7dbe242f29de72732816217bc22e3180cc466cc65c04f3,,pending,,,,5
img_00009274,images/img_00009274.jpg,02_deepfirearm,deepfirearm,71a1bc03e697b9b004cbdd703bb360df29220ca109317ed8797b39a2214c3223,,pending,,,,5
img_00009275,images/img_00009275.jpg,02_deepfirearm,deepfirearm,41453917370e8ad95978a769bbdc11b6010bb1ba57473c7ceab0ed0976e37639,,pending,,,,5
img_00009276,images/img_00009276.jpg,02_deepfirearm,deepfirearm,05238591275452945206dbb6cbe5cf99562a134133b3e12253e0c727171b943e,,pending,,,,5
img_00009277,images/img_00009277.jpg,02_deepfirearm,deepfirearm,5f767412e9b4ccd8e5a000e3b521cc33605d5676ee830eaaf1fa9fd512fba586,,pending,,,,5
img_00009278,images/img_00009278.jpg,02_deepfirearm,deepfirearm,c9850cd5c535df0a85d9a4304a9c7b8c375eee822b8421db4ed6d9c54883d30e,,pending,,,,5
img_00009279,images/img_00009279.jpg,02_deepfirearm,deepfirearm,8ffea68c166a604e8f3d2785b76ee6ea01cb59e0ad4fef8cb4105f36e597861b,,pending,,,,5
img_00009280,images/img_00009280.jpg,02_deepfirearm,deepfirearm,cbb0f14d504e41d97be9b7273d67d2a8ce17b5356e12e7680a440514f0005741,,pending,,,,5
img_00009281,images/img_00009281.jpg,02_deepfirearm,deepfirearm,5fcef45310351b448529fed737c675bee3c96ad1f4f362d8d3c55eeded0ca499,,pending,,,,5
img_00009282,images/img_00009282.jpg,02_deepfirearm,deepfirearm,ac9c1bba49197e5602e287fdde6d11035a76e303c7db00c86f79b4b7c5d74780,,pending,,,,5
img_00009283,images/img_00009283.jpg,02_deepfirearm,deepfirearm,b78dbd50cc8a4157f918b750375d9246dc4a0f7461325db98aea5cbe84d0237e,,pending,,,,5
img_00009284,images/img_00009284.jpg,02_deepfirearm,deepfirearm,fad0026506fdf80cc69eca3fdc7afb961aa81b7b379c96c48f46a6977e47f118,,pending,,,,5
img_00009285,images/img_00009285.jpg,02_deepfirearm,deepfirearm,592cb50c6e93380e83c13d23098f497607a20114e48c93a2390da5b3ec329ef0,,pending,,,,5
img_00009286,images/img_00009286.jpg,02_deepfirearm,deepfirearm,48319d0a741c6c74fddc1615e0c96c92c4d19b66b2fa5d6d218f23406d42ad9b,,pending,,,,5
img_00009287,images/img_00009287.jpg,02_deepfirearm,deepfirearm,1823462ee187c75b4cfcae2be18ffc321c63267e23f75d73a471d5087d5356f7,,pending,,,,5
img_00009288,images/img_00009288.jpg,02_deepfirearm,deepfirearm,ec3717767622165aa7fc6a852b7c52dfeab8fd46630ba91aa72e09831ca39a5f,,pending,,,,5
img_00009289,images/img_00009289.jpg,02_deepfirearm,deepfirearm,728b2a10f56de2280328466a8875a34c418f243027d9c2056412ea5f0ba68347,,pending,,,,5
img_00009290,images/img_00009290.jpg,02_deepfirearm,deepfirearm,009d760819d4f06b9b6db31d4a49b52c17631d39dad5cc93451361a84394eb81,,pending,,,,5
img_00009291,images/img_00009291.jpg,02_deepfirearm,deepfirearm,093ffc18d8ec3453453955337bc0db8e787ea572d5b7b1840560e0efde1db246,,pending,,,,5
img_00009292,images/img_00009292.jpg,02_deepfirearm,deepfirearm,9c225c904518ee81ff0095472bfbe6100d38cfbd5d1c5713f3063056526cefc1,,pending,,,,5
img_00009293,images/img_00009293.jpg,02_deepfirearm,deepfirearm,3a838f8d595e800adba6416e484c2a0a37229317a90a1f60f39e8a7b92d9cab0,,pending,,,,5
img_00009294,images/img_00009294.jpg,02_deepfirearm,deepfirearm,0f73aba0452b1786e5bda9a7540f04ee6c38394ddaf15149aeb21c3a68dfa423,,pending,,,,5
img_00009295,images/img_00009295.jpg,02_deepfirearm,deepfirearm,718bfa5999b6066b9a3ca1a597834448fdc2ac66d63192c335622862e9e6d310,,pending,,,,5
img_00009296,images/img_00009296.jpg,02_deepfirearm,deepfirearm,cfb90324d8d7dc445836a9816dc4d07f98585e7d0368aa5141f82c2d04903263,,pending,,,,5
img_00009297,images/img_00009297.jpg,02_deepfirearm,deepfirearm,3fdc8372c987e541f6c94599af7cec148703fb57205831daa372ac911d281ec6,,pending,,,,5
img_00009298,images/img_00009298.jpg,02_deepfirearm,deepfirearm,36ed855dc453c02477caf172f96b62c262a01bcecd4a68a96d5e1b685f885b00,,pending,,,,5
img_00009299,images/img_00009299.jpg,02_deepfirearm,deepfirearm,28dcbdba59128062abbd63b93cfda981e866c11998c62e2fde92d95eff6ac226,,pending,,,,5
img_00009300,images/img_00009300.jpg,02_deepfirearm,deepfirearm,2a4aec8a803e8a5f6debe5679d656df83e4ddbcf38a29f243c5da94cfdc97022,,pending,,,,5
img_00009301,images/img_00009301.jpg,02_deepfirearm,deepfirearm,21dee80f4654e9e58a058e0794a1f4e6d81d5f60cce7c9dffc917d0899a13846,,pending,,,,5
img_00009302,images/img_00009302.jpg,02_deepfirearm,deepfirearm,5afa18ae7d232733ae997fbdc47f40aba5d287f1bac774c2f07a025cf0c12bd9,,pending,,,,5
img_00009303,images/img_00009303.jpg,02_deepfirearm,deepfirearm,de5a39f0a72aa6682627f0c1defb8e66480e57c9a2c795efb5832afd8f5c973f,,pending,,,,5
img_00009304,images/img_00009304.jpg,02_deepfirearm,deepfirearm,27ef8f05f35a8d6d621a10b269cc8e7bbd317cfce41fb6f527c7bba525c4d4a8,,pending,,,,5
img_00009305,images/img_00009305.jpg,02_deepfirearm,deepfirearm,a8fe35be7e2e757e60ad5f516667de76aaf6cb15fc94091e291bef6c07096683,,pending,,,,5
img_00009306,images/img_00009306.jpg,02_deepfirearm,deepfirearm,96d62855b6faf18f04f232eae2116d5d4843355483c1ee04fa6d76f3245502c4,,pending,,,,5
img_00009307,images/img_00009307.jpg,02_deepfirearm,deepfirearm,7898aab734f9a6ebc908ab0d564dd85ef856f99963ce99ef6f7c70bcec6c79af,,pending,,,,5
img_00009308,images/img_00009308.jpg,02_deepfirearm,deepfirearm,8df6aef46f503912a155f7c0f82d77b923332a00e938b6b836c1685ec13e6dca,,pending,,,,5
img_00009309,images/img_00009309.jpg,02_deepfirearm,deepfirearm,40f7826a6e922d66ff707fa45214a86c531861e562bb0221640487849a753b4a,,pending,,,,5
img_00009310,images/img_00009310.jpg,02_deepfirearm,deepfirearm,a037c445b6f529aea2013f377700535c8cab750b57fd2db1d33cbc90db16f191,,pending,,,,5
img_00009311,images/img_00009311.jpg,02_deepfirearm,deepfirearm,b0bf90926cf1dc10119a53749744b65443e81ba8d48dbd82c57c7ddc8a7d3149,,pending,,,,5
img_00009312,images/img_00009312.jpg,02_deepfirearm,deepfirearm,4f985f589e3c2fe4b1bfc264e875b8dba94fb0c2172401535aa41cafff0eeabc,,pending,,,,5
img_00009313,images/img_00009313.jpg,02_deepfirearm,deepfirearm,7dae06c78eea99829cab7e5425ec1c0ed61484ef192770c5463fdfad2400d005,,pending,,,,5
img_00009314,images/img_00009314.jpg,02_deepfirearm,deepfirearm,a2553ce2fc5202777b0a8893224acad814ba45947d0fb769ea9d296eb14339ef,,pending,,,,5
img_00009315,images/img_00009315.jpg,02_deepfirearm,deepfirearm,c54858783752529aedb8b3f7fae5a167f93cf24202bca0fc132f8555cfe50c3e,,pending,,,,5
img_00009316,images/img_00009316.jpg,02_deepfirearm,deepfirearm,033a6b4cb83dd8981202c1804aaedea5a89e6ee534a3a4181fc85306c4d595b2,,pending,,,,5
img_00009317,images/img_00009317.jpg,02_deepfirearm,deepfirearm,51b049b87e4eec995677caab34c9ecafe370410ae0163e14e580e9a06a6bc45f,,pending,,,,5
img_00009318,images/img_00009318.jpg,02_deepfirearm,deepfirearm,c45b85d4f49c4185ce18c92981680ea71c80ac4739931aafd9f686b702a303b1,,pending,,,,5
img_00009319,images/img_00009319.jpg,02_deepfirearm,deepfirearm,ea661abaa4d83f8093c7edac3de1a58573b4bc3ad325c8d4443edf10ed79355c,,pending,,,,5
img_00009320,images/img_00009320.jpg,02_deepfirearm,deepfirearm,1cb0e499149b591dddd1bf0318990aed1942a23db5a6ed4496dc2b768d1ea07c,,pending,,,,5
img_00009321,images/img_00009321.jpg,02_deepfirearm,deepfirearm,b057f1de74ea1951f6ad6f7770b1282993a25f9fb9a6e49f6fed54dec4ed2e70,,pending,,,,5
img_00009322,images/img_00009322.jpg,02_deepfirearm,deepfirearm,319ae988c406095e3605167e611732953d7c78d1fd6c362c6c9b5638d091317e,,pending,,,,5
img_00009323,images/img_00009323.jpg,02_deepfirearm,deepfirearm,57ea4158c149e91225d84898b57ff39258566df3ede3e6466b71a104d9b83200,,pending,,,,5
img_00009324,images/img_00009324.jpg,02_deepfirearm,deepfirearm,361afb81d9ca759665aae3686ec8d76e7b4df842feb69b1a310ec6923c84bdb9,,pending,,,,5
img_00009325,images/img_00009325.jpg,02_deepfirearm,deepfirearm,434dc962b94be1c737f11eb7661aab8d4a83f0365cacf491abef42a9e70eed30,,pending,,,,5
img_00009326,images/img_00009326.jpg,02_deepfirearm,deepfirearm,bbcfaeabdd99e8a50450918fe1fca44f898115e8617755563acf4efeaf55e726,,pending,,,,5
img_00009327,images/img_00009327.jpg,02_deepfirearm,deepfirearm,dcc50f9e6e87514ffd6eda8b221580d9f27c32fc628a926df433d79565854790,,pending,,,,5
img_00009328,images/img_00009328.jpg,02_deepfirearm,deepfirearm,acf4d42aee9c227c8a42d1011a0fa04fd785c3aacfca567b1ff9ddaa7f95d504,,pending,,,,5
img_00009329,images/img_00009329.jpg,02_deepfirearm,deepfirearm,58571fed85138f48b2a8cc65c28ec339923457a8950a770c7ca7dd3362bafa5c,,pending,,,,5
img_00009330,images/img_00009330.jpg,02_deepfirearm,deepfirearm,085ba5055df03b15e828e95ced20ca8d4e5d67e9b69606baf108194c369ba54d,,pending,,,,5
img_00009331,images/img_00009331.jpg,02_deepfirearm,deepfirearm,8591e5d6b28315ee7cb2af94e8903e069189bc2963ed7d641a3203cdc4314b09,,pending,,,,5
img_00009332,images/img_00009332.jpg,02_deepfirearm,deepfirearm,1acbc9f795f261e0c317b165934bbc1faa4f634f78e806456461c36aaa29c920,,pending,,,,5
img_00009333,images/img_00009333.jpg,02_deepfirearm,deepfirearm,7f97dbe8f1a64b6258abd2727c194ce080aecbfcde1a2de9509c04e70f287a56,,pending,,,,5
img_00009334,images/img_00009334.jpg,02_deepfirearm,deepfirearm,cb598b68684421d0fbba46ace53075b5a16f26d347d06b2530027f4b7fcad387,,pending,,,,5
img_00009335,images/img_00009335.jpg,02_deepfirearm,deepfirearm,ec34d26035e15c513df7551b9b1daef86e811abfd462b4a61350c435d3f95917,,pending,,,,5
img_00009336,images/img_00009336.jpg,02_deepfirearm,deepfirearm,d6eac26aae97138719395d997571e0f802d8a4bbe1d0c760fb035128a4c790ea,,pending,,,,5
img_00009337,images/img_00009337.jpg,02_deepfirearm,deepfirearm,01d0ce2bd5e9b2089af5b1d6d35974586294b764477843a8c0d5552a30597e54,,pending,,,,5
img_00009338,images/img_00009338.jpg,02_deepfirearm,deepfirearm,05475931bac3351f7331287345bd317c76b5c585203e99920a14ae583686bfb4,,pending,,,,5
img_00009339,images/img_00009339.jpg,02_deepfirearm,deepfirearm,6b7b7ab43cba2c64a6d2bf660bc4763d4f19e0746384acab45dd524b90995669,,pending,,,,5
img_00009340,images/img_00009340.jpg,02_deepfirearm,deepfirearm,08c016ef4e54d8204d7f68483812275e12d435ff1cd94d27eaf536cf0b101542,,pending,,,,5
img_00009341,images/img_00009341.jpg,02_deepfirearm,deepfirearm,1c538e86e0d3bbf0271d958820a289403c0f8ff32b4de744504779cabbb6d897,,pending,,,,5
img_00009342,images/img_00009342.jpg,02_deepfirearm,deepfirearm,f657528c6b8782bad041ccc824a5d5c3bcac7c479847c2ae646cf1b85729e881,,pending,,,,5
img_00009343,images/img_00009343.jpg,02_deepfirearm,deepfirearm,8da2d972af2767ddc21acbd209e6afcd1ee2471aa05c0a313da0afb7214d428f,,pending,,,,5
img_00009344,images/img_00009344.jpg,02_deepfirearm,deepfirearm,7ef3cde085c58bae743347c8b2be0b2665599102bee71b38916e77ba7da246d6,,pending,,,,5
img_00009345,images/img_00009345.jpg,02_deepfirearm,deepfirearm,4034d97b4bd65156f6aae5e89bee64ef6824418d173918fcffa7d4053a971ac7,,pending,,,,5
img_00009346,images/img_00009346.jpg,02_deepfirearm,deepfirearm,fd90a80121fd4ad4baa23fbfa2a62e585e7a4b3c37601787a406e924b66a72c6,,pending,,,,5
img_00009347,images/img_00009347.jpg,02_deepfirearm,deepfirearm,a978436618ddf7cfc23d2911ff1f2bc51d3893e5b42a861c40823b8a554d0582,,pending,,,,5
img_00009348,images/img_00009348.jpg,02_deepfirearm,deepfirearm,2b1f04c6d8df52bb7c474433c1d4168ff4c3ad7dae1e9c62ea604d7f06648eba,,pending,,,,5
img_00009349,images/img_00009349.jpg,02_deepfirearm,deepfirearm,76c9907a65170ac51c7318ea7c5d21c849282d45d45df9faca0d27ceae695ed9,,pending,,,,5
img_00009350,images/img_00009350.jpg,02_deepfirearm,deepfirearm,921a9523c4ea863b77ceeda5cbd977069f0d4624d43407456d976c3bf0a248e5,,pending,,,,5
img_00009351,images/img_00009351.jpg,02_deepfirearm,deepfirearm,eda359422a584ef11f62336525262249bd9bf3013132bbdebe1ee5c7533429f5,,pending,,,,5
img_00009352,images/img_00009352.jpg,02_deepfirearm,deepfirearm,3dbeb22d83a4e65691095a2da0f3e9484e55ea81ba18c9d0d31df327b78aa0a6,,pending,,,,5
img_00009353,images/img_00009353.jpg,02_deepfirearm,deepfirearm,62f99fc61543cb766b7837e909e3dcc2a1b15880a4fc3ccd99184f4d064657ad,,pending,,,,5
img_00009354,images/img_00009354.jpg,02_deepfirearm,deepfirearm,5ad01a9a13b8af39d37947363829fb438d467662b7715b1f8b5adb4f1b9939d9,,pending,,,,5
img_00009355,images/img_00009355.jpg,02_deepfirearm,deepfirearm,ab014e6bd074bd4d3c5a3f7ba365d18d9233fcb7c77f2a286277bc4c53516a42,,pending,,,,5
img_00009356,images/img_00009356.jpg,02_deepfirearm,deepfirearm,00f0282a70137b10f955855166a5f0e43617a3bd465b4a70a7adad79f7acc9d8,,pending,,,,5
img_00009357,images/img_00009357.jpg,02_deepfirearm,deepfirearm,577c9e77950741e79ca42961669522935d6678250ebdf841644325bc12dc72fe,,pending,,,,5
img_00009358,images/img_00009358.jpg,02_deepfirearm,deepfirearm,78b21051566612137c231534ad258c3dd3e81585394933e4f6a2c426ff42afef,,pending,,,,5
img_00009359,images/img_00009359.jpg,02_deepfirearm,deepfirearm,dd04e6d2c7074b5d7effdeb1f9c5663a21cb0afcdfc39daea047227a28710815,,pending,,,,5
img_00009360,images/img_00009360.jpg,02_deepfirearm,deepfirearm,4291f900b6130af410f8c6632a1958ee7f222f5ee6d81d63f4feb7eed2250193,,pending,,,,5
img_00009361,images/img_00009361.jpg,02_deepfirearm,deepfirearm,02b5d720df47fd6c607a749adfe33d786cd06ec5f987be119577978ec5dc8d4d,,pending,,,,5
img_00009362,images/img_00009362.jpg,02_deepfirearm,deepfirearm,944061cae329b638ebb36b2a5c6cf15cbb58f4f59e3fdfefce937d74547c9cf5,,pending,,,,5
img_00009363,images/img_00009363.jpg,02_deepfirearm,deepfirearm,3b967f58e3a57b55d75b7933862438797a6b3b2df81d5e65d27ac84b4eb0517a,,pending,,,,5
img_00009364,images/img_00009364.jpg,02_deepfirearm,deepfirearm,8fb136eabff2f187cf53f22b4e1cf70b68e9614232aab58b0d3cfc75f44e5e6b,,pending,,,,5
img_00009365,images/img_00009365.jpg,02_deepfirearm,deepfirearm,1192c0a6ec465332359f199b4d353a575391206df0da174a1c11ef9785b5df73,,pending,,,,5
img_00009366,images/img_00009366.jpg,02_deepfirearm,deepfirearm,6a1fc6be07a966de698a661adc5121b70a04e45dd629770c75c858da87c38a44,,pending,,,,5
img_00009367,images/img_00009367.jpg,02_deepfirearm,deepfirearm,b48041306864066a28e8064e97de0c70ca06743fa7675885e85f763c41393abb,,pending,,,,5
img_00009368,images/img_00009368.jpg,02_deepfirearm,deepfirearm,4eea8bfb0c8b3a8919589c50484b7af2bc33a6f230cfd462c9ccb73210a8f17a,,pending,,,,5
img_00009369,images/img_00009369.jpg,02_deepfirearm,deepfirearm,83818e3f14052351fb53471f06162c552ddcfb86f2a12b506532ba4221fd7eb1,,pending,,,,5
img_00009370,images/img_00009370.jpg,02_deepfirearm,deepfirearm,11175504594eab7e50f372f21ccb73f5f9c0f7a5c03878774f0526d7e4b79611,,pending,,,,5
img_00009371,images/img_00009371.jpg,02_deepfirearm,deepfirearm,f8a57abeeff7ae919f814f838bc7f58d69f0789cba1200132a5c26c39981fc14,,pending,,,,5
img_00009372,images/img_00009372.jpg,02_deepfirearm,deepfirearm,e34d828dc76692032795d12043915652c5d908270b98a9d742cb980bf7c316f9,,pending,,,,5
img_00009373,images/img_00009373.jpg,02_deepfirearm,deepfirearm,5706e1982a0811e1757c6c66554eabb1d25cb4427b4fd566df55409560a951cf,,pending,,,,5
img_00009374,images/img_00009374.jpg,02_deepfirearm,deepfirearm,7be8cdd51b277c3e861afa29eb38bb596e2be8bf566af8a8d19b4ecc571f93ad,,pending,,,,5
img_00009375,images/img_00009375.jpg,02_deepfirearm,deepfirearm,508970a74464f53904dcfe8290a85bf89b10a71ea01385a1454eb243837d209b,,pending,,,,5
img_00009376,images/img_00009376.jpg,02_deepfirearm,deepfirearm,685fc59a675663528f01dc9670e743a04d6831b221694692cdd1ebb1aa30632f,,pending,,,,5
img_00009377,images/img_00009377.jpg,02_deepfirearm,deepfirearm,c186f3d0016388db1a980c38e6d856d402dbde16f03547fd9f898f64b451b7a5,,pending,,,,5
img_00009378,images/img_00009378.jpg,02_deepfirearm,deepfirearm,b1f83e8328607c64e92d41538430c6ea2446cd2549cac66a00f33661e68516d9,,pending,,,,5
img_00009379,images/img_00009379.jpg,02_deepfirearm,deepfirearm,5f34b2d4234bff7c52354881a7fe2a048be0e2b2becfe87619105db4577c46c3,,pending,,,,5
img_00009380,images/img_00009380.jpg,02_deepfirearm,deepfirearm,7b9c1e4b318a4d0ef7130976513d462f0c3ee1ad60fd35c578efe6e0cfcd5fe9,,pending,,,,5
img_00009381,images/img_00009381.jpg,02_deepfirearm,deepfirearm,37e6e018da224d96a76893e750bcc1b87b68dd73d1223a898e4c21efc1655d11,,pending,,,,5
img_00009382,images/img_00009382.jpg,02_deepfirearm,deepfirearm,39c7e1db4eb67a9e36ecc2b0d2f5ac9312ca813ce5fa7b2a6bce20c7b8731081,,pending,,,,5
img_00009383,images/img_00009383.jpg,02_deepfirearm,deepfirearm,055f5a5bb548e2346e082b17986e2b395d1fa0ca195829d33fab859abc86e837,,pending,,,,5
img_00009384,images/img_00009384.jpg,02_deepfirearm,deepfirearm,8bd58ff89d7228b2b7f01d54ed2b982154efc27f6a4ba16dac34abc49d719ec0,,pending,,,,5
img_00009385,images/img_00009385.jpg,02_deepfirearm,deepfirearm,49dc5bee616bc950e97b6ee42e709d9c8241d5fdff072c12b99eabfae40ce0f1,,pending,,,,5
img_00009386,images/img_00009386.jpg,02_deepfirearm,deepfirearm,5957519e1e853adbae4cd28f0bb82c73dd30f0a1d21f7f36a3c34b101989c944,,pending,,,,5
img_00009387,images/img_00009387.jpg,02_deepfirearm,deepfirearm,41eb730b59cbb5ac314b9c2ffaef3e86801c5b4d2846aec1bd7efd55fc60a3ae,,pending,,,,5
img_00009388,images/img_00009388.jpg,02_deepfirearm,deepfirearm,2db29777a357a3c3fa14bc6be3a951bdb7c8ad1bffada52fd9f092921ec1f0da,,pending,,,,5
img_00009389,images/img_00009389.jpg,02_deepfirearm,deepfirearm,81d5159357619892d7c344ef2bfd7484007305d8aac14f20aa9dfe452ee274ee,,pending,,,,5
img_00009390,images/img_00009390.jpg,02_deepfirearm,deepfirearm,0b3ce300d7a4e5ad5cae843154b38e8c691d88e5a8fd4aecf3cbc262b99f35cd,,pending,,,,5
img_00009391,images/img_00009391.jpg,02_deepfirearm,deepfirearm,015c2a727c54d9e6ac3e421a380bc8bca4679f287e69ecc0ff33c95945887dbe,,pending,,,,5
img_00009392,images/img_00009392.jpg,02_deepfirearm,deepfirearm,077a3a62d5ea62a9ff0780377a5047a305e28a33571e2f0fd62b73881c0b3e27,,pending,,,,5
img_00009393,images/img_00009393.jpg,02_deepfirearm,deepfirearm,c726802094a9953aa187c81dbb30a71ff320d4c26cbe57d7ced24c6cd5ea0292,,pending,,,,5
img_00009394,images/img_00009394.jpg,02_deepfirearm,deepfirearm,3780eb09c41caf92b6f85584cf8db1824a10c067145cd694057c69cab306d5dc,,pending,,,,5
img_00009395,images/img_00009395.jpg,02_deepfirearm,deepfirearm,19341dfa6d781745bd5c54fe22d37e6a426326e4231e01cb9e78244dda90e61d,,pending,,,,5
img_00009396,images/img_00009396.jpg,02_deepfirearm,deepfirearm,6ffee1e58655730a85791a2253141c0c8e1bdccdc064ec973ee28c8cfc6fa4a2,,pending,,,,5
img_00009397,images/img_00009397.jpg,02_deepfirearm,deepfirearm,98668ead569866135fe255ba0a734f5d7ddaf843ead02c0c9c1a75dd8b2f5886,,pending,,,,5
img_00009398,images/img_00009398.jpg,02_deepfirearm,deepfirearm,731c072f450d238f8a5577ebe023f5c352713bdb5bddae6cd84e3f2fed4da19d,,pending,,,,5
img_00009399,images/img_00009399.jpg,02_deepfirearm,deepfirearm,828dc9b95289293fe3fceb1b104fda79af0bb8a2cff6f8b521d84604608f2a4f,,pending,,,,5
img_00009400,images/img_00009400.jpg,02_deepfirearm,deepfirearm,303ba1f9b9f98f8e21df11fc66b22ce8742cb7f709be5e610c4e6104867d181d,,pending,,,,5
img_00009401,images/img_00009401.jpg,02_deepfirearm,deepfirearm,116330bcd2b3eead005e4f59fbbd055b0c552de1fc593fa4001303b5638f5f30,,pending,,,,5
img_00009402,images/img_00009402.jpg,02_deepfirearm,deepfirearm,0142ba3aedb8941cceac798cf7dffd668ae4561e09440a31b458560edf1000e8,,pending,,,,5
img_00009403,images/img_00009403.jpg,02_deepfirearm,deepfirearm,98bc950724ecb2386e5466b9c88e12fe73de0a8f9e65144008a8512fa458c266,,pending,,,,5
img_00009404,images/img_00009404.jpg,02_deepfirearm,deepfirearm,2bb5060759655522b6d889904a96724f3884b3920f3eb74f58b63efc8610aedd,,pending,,,,5
img_00009405,images/img_00009405.jpg,02_deepfirearm,deepfirearm,6d55880c77819ae5b9e95502f063f446c3b7a624aabb9fb9bcf1e50add402746,,pending,,,,5
img_00009406,images/img_00009406.jpg,02_deepfirearm,deepfirearm,f8ec2ed293f495ff65ce4177f08b9c1ecff00e8a953ed94dc4bc0b6c974fdf06,,pending,,,,5
img_00009407,images/img_00009407.jpg,02_deepfirearm,deepfirearm,379f606a68f83344afcf6618345f36ca28683f34bcf31a6bdc90fab163847391,,pending,,,,5
img_00009408,images/img_00009408.jpg,02_deepfirearm,deepfirearm,f2d96d40784d52df854b55e39f76cd2821af26345c9b90e47409ef90ea23e632,,pending,,,,5
img_00009409,images/img_00009409.jpg,02_deepfirearm,deepfirearm,6bf43e3f56c27b1c0a6aff5cddbe7e3b16fcceaf6af4f3c626d7a8b579c0fe15,,pending,,,,5
img_00009410,images/img_00009410.jpg,02_deepfirearm,deepfirearm,f906fb2d18f1a51011d4ff5d9b11ea4502d8e8061165bcc1b4d56b8cf93ce957,,pending,,,,5
img_00009411,images/img_00009411.jpg,02_deepfirearm,deepfirearm,c42b2227c367450843c3a2f14cebac1a9a47450db2d7b17bf051a37d62db9c50,,pending,,,,5
img_00009412,images/img_00009412.jpg,02_deepfirearm,deepfirearm,378a0aced8a1a05f3e618cc39cf609ca933821d685df820464e9de513b684796,,pending,,,,5
img_00009413,images/img_00009413.jpg,02_deepfirearm,deepfirearm,45ec537ec97e5e25a89d34b4743789e2b8876cbaf62271a10784ea5cc2eda4fe,,pending,,,,5
img_00009414,images/img_00009414.jpg,02_deepfirearm,deepfirearm,81fcf72361ded25301e7bbe195ba0321912b19d45ee82bdaead066bf1531947a,,pending,,,,5
img_00009415,images/img_00009415.jpg,02_deepfirearm,deepfirearm,0b7b44f3a7ad3aa4c04ae0f77e9340043270d0fcdc812380e9b8656cf5a29d42,,pending,,,,5
img_00009416,images/img_00009416.jpg,02_deepfirearm,deepfirearm,6f15b162f6c9742992a3a85c2830577ebcd0850181bc51fa0451cb3d863850be,,pending,,,,5
img_00009417,images/img_00009417.jpg,02_deepfirearm,deepfirearm,b03e20789b2e6720d41b02c231767979b6001ad1ec6d2510f1a28d23787f6935,,pending,,,,5
img_00009418,images/img_00009418.jpg,02_deepfirearm,deepfirearm,6d75db8bf06f78982a081d28049b89dc5e5dd64304b38f25029b45117ba6d31e,,pending,,,,5
img_00009419,images/img_00009419.jpg,02_deepfirearm,deepfirearm,146d96f6a3fcb8a973397376e21a7c2a21734621f66d0bee23fae7d937216393,,pending,,,,5
img_00009420,images/img_00009420.jpg,02_deepfirearm,deepfirearm,f14ac59705db7c2f5e1ea476079c368fd17491fa38f98aac12cf141440df038f,,pending,,,,5
img_00009421,images/img_00009421.jpg,02_deepfirearm,deepfirearm,1afdd23273e9b8f39843a7c861905a901380daa455a6ff7067163eee97d9ec1a,,pending,,,,5
img_00009422,images/img_00009422.jpg,02_deepfirearm,deepfirearm,147e7184de68a8707ad6cccf283fb8f980c7f1774870c4d462fa6d5b692148e0,,pending,,,,5
img_00009423,images/img_00009423.jpg,02_deepfirearm,deepfirearm,1a209f1c3d802c1793a06b5f4ccad97ab9b526e0a97244547efc5239adeddc92,,pending,,,,5
img_00009424,images/img_00009424.jpg,02_deepfirearm,deepfirearm,da880959e383a2e681992077fea85790ee3397e5d11a2e2984c30ee9c9122658,,pending,,,,5
img_00009425,images/img_00009425.jpg,02_deepfirearm,deepfirearm,b6dd38bf320ed29e183947fc1920b4515d597667fb3e537dab43c6d7feb9eb29,,pending,,,,5
img_00009426,images/img_00009426.jpg,02_deepfirearm,deepfirearm,025770fdc6e65bb55789eee9304361faeb3185bd474c8ccd8440245de5b8a3e7,,pending,,,,5
img_00009427,images/img_00009427.jpg,02_deepfirearm,deepfirearm,f30940b57d47e36b9553353f2bed3eb2683ad305d269aaf0df34d3926fa74819,,pending,,,,5
img_00009428,images/img_00009428.jpg,02_deepfirearm,deepfirearm,c91d7380925bffa4c4b716df39aa813a70542a104a835839f0cd4857eb67633e,,pending,,,,5
img_00009429,images/img_00009429.jpg,02_deepfirearm,deepfirearm,eef738948bdce621e559d19cd1bc622d4c18b8061df2aac5335073acaf083f55,,pending,,,,5
img_00009430,images/img_00009430.jpg,02_deepfirearm,deepfirearm,09b454a99952405c44b2c9b85edf214da0e7c7741c3ac8c5cd1b6bd50f6c04d2,,pending,,,,5
img_00009431,images/img_00009431.jpg,02_deepfirearm,deepfirearm,944affb1d0ed5a547a52ac9ad9b45e0741f8556b41e3432d14c130f3287b6b80,,pending,,,,5
img_00009432,images/img_00009432.jpg,02_deepfirearm,deepfirearm,e1209c8c120192ff44cf6d2544f2eff3b0857b7b0d7c8c270cebf27eacae3636,,pending,,,,5
img_00009433,images/img_00009433.jpg,02_deepfirearm,deepfirearm,2ae16de084048d9e86acb6424050479931798ca082c8c90942eb12f35102a944,,pending,,,,5
img_00009434,images/img_00009434.jpg,02_deepfirearm,deepfirearm,fd534ab914754575155bd3a52dd6f0413e8a76fb77e24c8d86233dd9241d8b91,,pending,,,,5
img_00009435,images/img_00009435.jpg,02_deepfirearm,deepfirearm,3a3785b6c94932d44025095a60ab5d4aa2503723305ef334dd27a5cf5e3848bd,,pending,,,,5
img_00009436,images/img_00009436.jpg,02_deepfirearm,deepfirearm,6e96ffa550fc617ad524fa9b90b6905b43a110c9995063cd2c3b01fe8fcd2291,,pending,,,,5
img_00009437,images/img_00009437.jpg,02_deepfirearm,deepfirearm,444990338f1e013097f10e7980bbff85553d86e45c83cf443292cdbc39cd1d93,,pending,,,,5
img_00009438,images/img_00009438.jpg,02_deepfirearm,deepfirearm,b072971b49f6d11ff551afb70899cb3c997fd4e94f3f7afc6e74475be829ce4f,,pending,,,,5
img_00009439,images/img_00009439.jpg,02_deepfirearm,deepfirearm,264179681b6ad892609283b5c1d8c61a1da7662b65ccba37eeb08fec5d131b34,,pending,,,,5
img_00009440,images/img_00009440.jpg,02_deepfirearm,deepfirearm,f49695a89fc1d6c06c2e146f5efad4ce08ea6c36866d18e90ac4a52e12641097,,pending,,,,5
img_00009441,images/img_00009441.jpg,02_deepfirearm,deepfirearm,7bbc21e2a64d88d185b8bc15a379d145de6d72c8d86c9da828ef566fa0fd1a4a,,pending,,,,5
img_00009442,images/img_00009442.jpg,02_deepfirearm,deepfirearm,9e7c60b29a9ce265dd37f2e21bb547c942356a6794da7d5bc1321b079db802b5,,pending,,,,5
img_00009443,images/img_00009443.jpg,02_deepfirearm,deepfirearm,b7d54070d1fb3eed3d0059415897e74b2663acac13fa1c338c6d190cee14cb2b,,pending,,,,5
img_00009444,images/img_00009444.jpg,02_deepfirearm,deepfirearm,b6055c8535aed64d47d12b24ee5ba9b81fac85095dafe26aeb8f32b0a9956d56,,pending,,,,5
img_00009445,images/img_00009445.jpg,02_deepfirearm,deepfirearm,e4e0da44b1309f8bb8c09a1f00b0de8fc7236845aef24c7a81ba11236a093653,,pending,,,,5
img_00009446,images/img_00009446.jpg,02_deepfirearm,deepfirearm,8aaabf956bb723221935b2abc5ac5075cde2608407b68df97341be62858f6730,,pending,,,,5
img_00009447,images/img_00009447.jpg,02_deepfirearm,deepfirearm,b9c16ac281b5a7b70d1d62310d8cdaa5de1098fffdb0f83733da2b7b43a156e3,,pending,,,,5
img_00009448,images/img_00009448.jpg,02_deepfirearm,deepfirearm,01831bb2885f9d2db7db3f0a8389190cd636d5bfc863ee404e6f216be53bf0b3,,pending,,,,5
img_00009449,images/img_00009449.jpg,02_deepfirearm,deepfirearm,06f16986f9dca785cc3710b60ede309b76f29683f77d965bdf3536a44401cf21,,pending,,,,5
img_00009450,images/img_00009450.jpg,02_deepfirearm,deepfirearm,5441d5d5c8356a4bbe1d5f96c48cc1597e70d065cfcec68f18a7ef24dddf0596,,pending,,,,5
img_00009451,images/img_00009451.jpg,02_deepfirearm,deepfirearm,976e0bfafc4d165d96058f8819f44e8cf6acf7a09c8624d9aad3c8737cf77829,,pending,,,,5
img_00009452,images/img_00009452.jpg,02_deepfirearm,deepfirearm,e0ce8bf0a432f105d20e6ceb059ef14a3822e56a754f1e8d73e7a6821552a86b,,pending,,,,5
img_00009453,images/img_00009453.jpg,02_deepfirearm,deepfirearm,59d2aa0e9722d9d7fb60d8aab1a5329cc00fd62802dfa2cf727b38b42944a7ce,,pending,,,,5
img_00009454,images/img_00009454.jpg,02_deepfirearm,deepfirearm,4edafa97e7ebee2fdb5e316124c9ac321a9f48e801d6b598debe5c94aad6703c,,pending,,,,5
img_00009455,images/img_00009455.jpg,02_deepfirearm,deepfirearm,e2448570c3b955fbbd8fe0ac7cfc734cb59b398824fcc87b8b642098dac1d52c,,pending,,,,5
img_00009456,images/img_00009456.jpg,02_deepfirearm,deepfirearm,812f29b14dd5774bfac013ddf3998f9e6fed309204d5a8cc21bd8f24a3bd66a6,,pending,,,,5
img_00009457,images/img_00009457.jpg,02_deepfirearm,deepfirearm,105c37c8eb52d0385d603d9cd1efce48be74cf3a6d4a0bfdeab479b0a7ab3978,,pending,,,,5
img_00009458,images/img_00009458.jpg,02_deepfirearm,deepfirearm,9bbb701d3e32a734272a50d35714f931fa76ef34da11ebec1d928d24ad9c4a04,,pending,,,,5
img_00009459,images/img_00009459.jpg,02_deepfirearm,deepfirearm,c2e573ce38b932d52eae7e7bb655317bb38ee16919cbdcba765b4c756c5aa407,,pending,,,,5
img_00009460,images/img_00009460.jpg,02_deepfirearm,deepfirearm,6ec134e33a643ab2efaf6c8abd9b47a61767486334971fc42d44d0ae45b52aab,,pending,,,,5
img_00009461,images/img_00009461.jpg,02_deepfirearm,deepfirearm,910672a68965f53e7ebe7e01a95f528cb13570cd7e05f4dbb429af40af0bbaa9,,pending,,,,5
img_00009462,images/img_00009462.jpg,02_deepfirearm,deepfirearm,afb4eaa589ac633a34071b43cbd4bd95ca42aa6998b6d4e902d215e764861b84,,pending,,,,5
img_00009463,images/img_00009463.jpg,02_deepfirearm,deepfirearm,90e84523bad3d61181272e3cf8686ab47e77867c1b154fae92d0cdc4a5c7260c,,pending,,,,5
img_00009464,images/img_00009464.jpg,02_deepfirearm,deepfirearm,9dd44ac7c1f2fa52f464bb70a75f61d3c072cf59f156a72517e35cc59f8aa0e9,,pending,,,,5
img_00009465,images/img_00009465.jpg,02_deepfirearm,deepfirearm,bd90561c442d18c688564eac40ae454e79b6c85d38cce273a1f3c6bff34aaa65,,pending,,,,5
img_00009466,images/img_00009466.jpg,02_deepfirearm,deepfirearm,74e8ec5cac1fa491169228d8b0fd362b32dade8a958e1ba4098d24ce1d6dfc79,,pending,,,,5
img_00009467,images/img_00009467.jpg,02_deepfirearm,deepfirearm,271a710e41947463148259d64087ca413fb1de484e4e18bc71a6548374fa7a87,,pending,,,,5
img_00009468,images/img_00009468.jpg,02_deepfirearm,deepfirearm,7b2af28692a20bd4f31bdab44c58962ec5917d0ea23ed0f2e1f7c6150a2009ae,,pending,,,,5
img_00009469,images/img_00009469.jpg,02_deepfirearm,deepfirearm,fc5e7b72807d99d58de38b638e2220b3e04281d0bbb4e93473cf392113d6407e,,pending,,,,5
img_00009470,images/img_00009470.jpg,02_deepfirearm,deepfirearm,492b95e2dfce844d42350c7962950bf967d87fe143fcab598a99829351534303,,pending,,,,5
img_00009471,images/img_00009471.jpg,02_deepfirearm,deepfirearm,72d5064660c8335017188573cd8f67a92307a9bc4d3b991066926e79479ab477,,pending,,,,5
img_00009472,images/img_00009472.jpg,02_deepfirearm,deepfirearm,b3a8fccd07e5c6a2daa8b63e620e1473b4993aa5475feb0fe1dfdc6c203a9ab7,,pending,,,,5
img_00009473,images/img_00009473.jpg,02_deepfirearm,deepfirearm,04d3ba817e133e993115b2ebef246442c3693efeeed8d0f494c3b550636ac442,,pending,,,,5
img_00009474,images/img_00009474.jpg,02_deepfirearm,deepfirearm,8b8185be263ec6e12409623c0a580771322c8eebe189721d45e6f7995e1d0665,,pending,,,,5
img_00009475,images/img_00009475.jpg,02_deepfirearm,deepfirearm,dc35cbed97851652ba1f31019e5cb24e0b09a6af51deeb6c03d9a6d1aa7f91c7,,pending,,,,5
img_00009476,images/img_00009476.jpg,02_deepfirearm,deepfirearm,5559772c9b2b85ab4a1faad85de6cbd1eb3f6e35387088462c9beb6951e7c822,,pending,,,,5
img_00009477,images/img_00009477.jpg,02_deepfirearm,deepfirearm,20287be1370ea4d7b44ad8593f52b714edd2646a43a3dc40489a6c903f434694,,pending,,,,5
img_00009478,images/img_00009478.jpg,02_deepfirearm,deepfirearm,94b43605642e3b24e085b2f75ff057f0217b190725eab2fc91c4e4a14015dad2,,pending,,,,5
img_00009479,images/img_00009479.jpg,02_deepfirearm,deepfirearm,9c124255019a256a826283c487806b094bea63cb99b499f9d00609652626e1f5,,pending,,,,5
img_00009480,images/img_00009480.jpg,02_deepfirearm,deepfirearm,e7e500eab2ce2d30060036fa6e47f1d8243b890d088e50ff60c2366fa41289ab,,pending,,,,5
img_00009481,images/img_00009481.jpg,02_deepfirearm,deepfirearm,d2c0526f7dfada99bd441b40e7d9afe38f09cdf34832c817b468ad3caf56ce45,,pending,,,,5
img_00009482,images/img_00009482.jpg,02_deepfirearm,deepfirearm,5c0b522a436e2031363a1057ac7f05f67769f7c5b2fe5f0ff61ee75a314b4565,,pending,,,,5
img_00009483,images/img_00009483.jpg,02_deepfirearm,deepfirearm,b1188e1a02ddd7f2f5223c854e18c3b2147210eb95af8b4b14cad2d969e099b2,,pending,,,,5
img_00009484,images/img_00009484.jpg,02_deepfirearm,deepfirearm,99825af87155f38c422dd5e9f7b638099975bc2da17cd0891b213fa7e20da517,,pending,,,,5
img_00009485,images/img_00009485.jpg,02_deepfirearm,deepfirearm,4e79bfad06411ead20a0b843a26b38f3e95407ea2ef3c94cf931465e84da8457,,pending,,,,5
img_00009486,images/img_00009486.jpg,02_deepfirearm,deepfirearm,2986e068d1c05aedf1860c72e081d691e1bf961e5816d455b86508d3d72e42ce,,pending,,,,5
img_00009487,images/img_00009487.jpg,02_deepfirearm,deepfirearm,a5272ef9b7bcadef316a4cdf8e3ae774edb9c1731ab631c2903d3992ca7e9d1a,,pending,,,,5
img_00009488,images/img_00009488.jpg,02_deepfirearm,deepfirearm,4bbe2879cd7f71c32c75e5949a82ab703602ea766157a99f6176e4ef9c892595,,pending,,,,5
img_00009489,images/img_00009489.jpg,02_deepfirearm,deepfirearm,60d0c04b1e0e56e1403ab6faf515c0e67062514807b295fc97147d6075dd3b68,,pending,,,,5
img_00009490,images/img_00009490.jpg,02_deepfirearm,deepfirearm,c5397eb02624644734ebe049dc360fc33b511bd5e0fc2c34816ff3a6d884421c,,pending,,,,5
img_00009491,images/img_00009491.jpg,02_deepfirearm,deepfirearm,f6286094026e23fa6b6f24d2d4168a450356487684ec81dcac2bce81965a8b4f,,pending,,,,5
img_00009492,images/img_00009492.jpg,02_deepfirearm,deepfirearm,d3dfbcc8fe4db7171ff8c1f635c4b5ee9c235a71ce28da1b6ed557482d333186,,pending,,,,5
img_00009493,images/img_00009493.jpg,02_deepfirearm,deepfirearm,0149708762e51a0494255347521a567e4436f7d754b65345f5d5d48164ae1d0d,,pending,,,,5
img_00009494,images/img_00009494.jpg,02_deepfirearm,deepfirearm,3939f30f487550adf06afddd9ba3b09f641ed2a1281db5c78e74d5231c5893f3,,pending,,,,5
img_00009495,images/img_00009495.jpg,02_deepfirearm,deepfirearm,4b98c14ec293431f71f7b5a1b53edddacb938c6abb2985961bf19f4b65824d7a,,pending,,,,5
img_00009496,images/img_00009496.jpg,02_deepfirearm,deepfirearm,94630b011eba8db95de03bdd8d2621c7e538f67baf145d79565bbfc15eb91961,,pending,,,,5
img_00009497,images/img_00009497.jpg,02_deepfirearm,deepfirearm,dad675410c5085e8875d8b124fe31084ee89e9361ee86e2d489244bab204014c,,pending,,,,5
img_00009498,images/img_00009498.jpg,02_deepfirearm,deepfirearm,3ec4333f0e0cd645af932398722a6704d6b4416ef9e59dc655719bedd0954c24,,pending,,,,5
img_00009499,images/img_00009499.jpg,02_deepfirearm,deepfirearm,49319b255b038cc1e26ef9a0e89d137d6d1245de058291b8c73898634fc25312,,pending,,,,5
img_00009500,images/img_00009500.jpg,02_deepfirearm,deepfirearm,6d08484c438c7d5c0b80fb0c1c28ebb930a0533d34f2412de39bf4434605fd95,,pending,,,,5
img_00009501,images/img_00009501.jpg,02_deepfirearm,deepfirearm,24449feedd28db101d3f25c1099d5b6b400b768270b2e12978d043b82912f070,,pending,,,,5
img_00009502,images/img_00009502.jpg,02_deepfirearm,deepfirearm,fcc87709cd2e07f3414287c415463b9bce16eb8e8a2a239df33c73bfa3dd65d2,,pending,,,,5
img_00009503,images/img_00009503.jpg,02_deepfirearm,deepfirearm,faea05b8f30898a1b96aa00d43d6c3df5fe347b38c5ecf98e05cfaecd4fdc161,,pending,,,,5
img_00009504,images/img_00009504.jpg,02_deepfirearm,deepfirearm,bf0ceb1256584537c99f766120bd507194cebcc5993382f85ea115d03de02d6c,,pending,,,,5
img_00009505,images/img_00009505.jpg,02_deepfirearm,deepfirearm,2142caf385aa0bd1bf7aa235e5838c8ac65e510f8b9412ea87a162b8aa384a1b,,pending,,,,5
img_00009506,images/img_00009506.jpg,02_deepfirearm,deepfirearm,2364c60cc9249f259a4f4c470bcdc401c1f0a2eb0aa740cd03bc11fbd4756fa0,,pending,,,,5
img_00009507,images/img_00009507.jpg,02_deepfirearm,deepfirearm,f2def023bab463ab28a8ddd4a9021e97a5339194dda1e4914e823290dec8e290,,pending,,,,5
img_00009508,images/img_00009508.jpg,02_deepfirearm,deepfirearm,e0035e5fa134e172bd715760d188d2192b167ee0993fee32d95b66b2593c1402,,pending,,,,5
img_00009509,images/img_00009509.jpg,02_deepfirearm,deepfirearm,f53e8d1d0a6797d570e4f06ae541fa1498ea75e41db7f996a8f12a1f8112fd13,,pending,,,,5
img_00009510,images/img_00009510.jpg,02_deepfirearm,deepfirearm,4698abce6465622ecac501df13ce7dcad30a4f8bb7a194553886278d9af07a66,,pending,,,,5
img_00009511,images/img_00009511.jpg,02_deepfirearm,deepfirearm,603a95a6e8eca0835fcae9e68f9cdf9bf6915239569ebfeee679a26dc93ccb33,,pending,,,,5
img_00009512,images/img_00009512.jpg,02_deepfirearm,deepfirearm,b68602d3edeca02a25144df729432a2ad480d10c72198597157871b40604b33b,,pending,,,,5
img_00009513,images/img_00009513.jpg,02_deepfirearm,deepfirearm,4d560d94e660731720da98ceee867019b2d41fe255a372366fb9bf8452ec2357,,pending,,,,5
img_00009514,images/img_00009514.jpg,02_deepfirearm,deepfirearm,7c4ebd9df9569ee6a25b68f01e8e2d112d626886850a2932a8175c7e0b7350c8,,pending,,,,5
img_00009515,images/img_00009515.jpg,02_deepfirearm,deepfirearm,d0262d88cda0a66d787470bf4efbc75f2628fe177f9517d32e8c38c8c450ca0e,,pending,,,,5
img_00009516,images/img_00009516.jpg,02_deepfirearm,deepfirearm,38183df1e929b4311ca1a64f561e44cf63d1c77c889363960aabdb1358230921,,pending,,,,5
img_00009517,images/img_00009517.jpg,02_deepfirearm,deepfirearm,9afd06b1304e1d71208ed16cc03ce1e98435df677eb5d99837910fb8be9dc74c,,pending,,,,5
img_00009518,images/img_00009518.jpg,02_deepfirearm,deepfirearm,266cdd000c6957d615405c6a5cf03c8e811d355aa534f84ff02758de131e16d0,,pending,,,,5
img_00009519,images/img_00009519.jpg,02_deepfirearm,deepfirearm,9575aa0322c915af80a8960f47ea14bd32e3c24ba729115852da7034fa1aa5ec,,pending,,,,5
img_00009520,images/img_00009520.jpg,02_deepfirearm,deepfirearm,1836a68c17d509b6c33388ea586b43a8649e50a8acb660e67af097dfe614f7d1,,pending,,,,5
img_00009521,images/img_00009521.jpg,02_deepfirearm,deepfirearm,aee9cb6db8930a6fd447a5dea60fca1212f1c308f2f6654427d274707e0d6ddd,,pending,,,,5
img_00009522,images/img_00009522.jpg,02_deepfirearm,deepfirearm,e64a6b0387ae13c20d5631ed666e390c659aee99672cc0afbd359f04a8e668bf,,pending,,,,5
img_00009523,images/img_00009523.jpg,02_deepfirearm,deepfirearm,318a3d9c3affd6fc42407d34fdfd224b84124f9126e2e3f61c1b6927cb26f9b7,,pending,,,,5
img_00009524,images/img_00009524.jpg,02_deepfirearm,deepfirearm,0030e277e7605f34a795a4a1b04d21c88135165ba35f46f12cf83672971a060c,,pending,,,,5
img_00009525,images/img_00009525.jpg,02_deepfirearm,deepfirearm,f2176d134fc2dccf53665596f48d2e9ce1214c5b1ba52d806a34098b30b9d471,,pending,,,,5
img_00009526,images/img_00009526.jpg,02_deepfirearm,deepfirearm,adac844d95ab440f013844ea2a5a9fe0815d654cb349e5c2c9c2cbb38548526f,,pending,,,,5
img_00009527,images/img_00009527.jpg,02_deepfirearm,deepfirearm,f57cb8f52fd25d8b4ef8eb1573122cfe09180e22f101738481d4b9248c0694eb,,pending,,,,5
img_00009528,images/img_00009528.jpg,02_deepfirearm,deepfirearm,3d204b3dab26b80c9fd904b155eaa2ac179b3801abc42a6ecaeb7beb1cf2da0b,,pending,,,,5
img_00009529,images/img_00009529.jpg,02_deepfirearm,deepfirearm,68e766d9aad582ad34a821eecdb5656a2d0bf3945ff233fd81c8d5b3e3b27526,,pending,,,,5
img_00009530,images/img_00009530.jpg,02_deepfirearm,deepfirearm,fd488bef3756080327dc7fe411878dc4ca8cbbade87e010d30a68c661768ebc3,,pending,,,,5
img_00009531,images/img_00009531.jpg,02_deepfirearm,deepfirearm,6867f523ec29e9bb0a7855905ac0a25b3d9955395386e6df6b5f2c9abb187c57,,pending,,,,5
img_00009532,images/img_00009532.jpg,02_deepfirearm,deepfirearm,38836ffb786dc84e6d30555a62a072e2ed6594f822b2d1395b942aa9c761b612,,pending,,,,5
img_00009533,images/img_00009533.jpg,02_deepfirearm,deepfirearm,b49149a871b233ef129861391d4f158b27e98f8fb8fca3a04384d070f6c2f003,,pending,,,,5
img_00009534,images/img_00009534.jpg,02_deepfirearm,deepfirearm,5c87ef5cd4959db8314319421c59fd3c39c427b04e9fd8ac1862e4ab2c4b7ba8,,pending,,,,5
img_00009535,images/img_00009535.jpg,02_deepfirearm,deepfirearm,ae921431378fa14e72e0877310c9d6b4fa16045432b55e41a263c48adb32160a,,pending,,,,5
img_00009536,images/img_00009536.jpg,02_deepfirearm,deepfirearm,7d2bd9bfddc12ade410431069204e49e0e7352eafb4fb91ae090cf487c8061a9,,pending,,,,5
img_00009537,images/img_00009537.jpg,02_deepfirearm,deepfirearm,12a8b70ebeeda2925b53879cb82c579f841f4cba5d038e2c0f4860565422eb92,,pending,,,,5
img_00009538,images/img_00009538.jpg,02_deepfirearm,deepfirearm,f35e6d5b7490d8f0a7b8ee7e444e408e2dcee0d2f2c7f786c8b2eea38c3ba197,,pending,,,,5
img_00009539,images/img_00009539.jpg,02_deepfirearm,deepfirearm,8908769a1994b31df13f4a7c02388cbea8c56342b05ece0cc444563aa3d1bab1,weapon,reviewed,,Lello,2026-04-22T09:23:50+00:00,5
img_00009540,images/img_00009540.jpg,02_deepfirearm,deepfirearm,31024cb227fbacee6446e65ae3f3c1e0601ff2bee3e17e7755b7c5edbdfb230b,weapon,reviewed,,Lello,2026-04-22T09:23:52+00:00,5
img_00009541,images/img_00009541.jpg,02_deepfirearm,deepfirearm,aa5022437f8246d8aa729b7c62917fb64defe1eb43e4333eae9149bf61057d64,,pending,,,,5
img_00009542,images/img_00009542.jpg,02_deepfirearm,deepfirearm,8898dfb1e29fd2e83a821dd05b5811e6a537cdd2e96a9eb760a099e88f362ab2,weapon,reviewed,,Lello,2026-04-22T09:23:56+00:00,5
img_00009543,images/img_00009543.jpg,02_deepfirearm,deepfirearm,b679b677acfa9b0cf8586181c0a371f4589f32090b30454567f58cb6f4e2a3c5,,pending,,,,5
img_00009544,images/img_00009544.jpg,02_deepfirearm,deepfirearm,95ea610221e6d592f19f85b142ba310572acfc813b877839f603bacb50737dcb,,pending,,,,5
img_00009545,images/img_00009545.jpg,02_deepfirearm,deepfirearm,3559e6c5d5c6c1559ab9d93df58a0d8dc3f6a174df597908aebf0bd64b25c5d7,,pending,,,,5
img_00009546,images/img_00009546.jpg,02_deepfirearm,deepfirearm,7958b31781c2fce05af79a6a1ac5e387b33ca5209f7ecb29e26159a5053cde25,weapon,reviewed,,Lello,2026-04-22T09:23:53+00:00,5
img_00009547,images/img_00009547.jpg,02_deepfirearm,deepfirearm,001b256977ff1803efd943002609691646c8a57cf5bf2a8b4203f799e5df7d85,,pending,,,,5
img_00009548,images/img_00009548.jpg,02_deepfirearm,deepfirearm,ff96ea8944c4f0631b7bdd330888d54c013a993edfc80f0e56ed2ff69be60761,,pending,,,,5
img_00009549,images/img_00009549.jpg,02_deepfirearm,deepfirearm,c00fc5b02b1a242a65f12fc935513d86fdcd8601cb868ed6a43e414fe78e6666,,pending,,,,5
img_00009550,images/img_00009550.jpg,02_deepfirearm,deepfirearm,0a8e05599cc6d12d6d8213550453f1dfe164feb2f4e538811690f95ce18996d6,weapon,reviewed,,Lello,2026-04-22T09:23:57+00:00,5
img_00009551,images/img_00009551.jpg,02_deepfirearm,deepfirearm,3581b1b1a6986935e857ce024faaeb381b8d029efe5f086f7d00efdc666c0c51,,pending,,,,5
img_00009552,images/img_00009552.jpg,02_deepfirearm,deepfirearm,77d48e33d96d1a4b65d98110a8544a6e30c92fe54c55a24d46fcac1bc5383dee,,pending,,,,5
img_00009553,images/img_00009553.jpg,02_deepfirearm,deepfirearm,92145d04ca72e646728239ddfb92697e61e10e63f47499059b5557a859ff3cde,,pending,,,,5
img_00009554,images/img_00009554.jpg,02_deepfirearm,deepfirearm,901135921385918f99477a8ca0118581f166539366ce718d31adf531f913a613,,pending,,,,5
img_00009555,images/img_00009555.jpg,02_deepfirearm,deepfirearm,2771f5b0916ab2478a550e945c1be6124620eb75bbea0df7f118b310e91c778a,,pending,,,,5
img_00009556,images/img_00009556.jpg,02_deepfirearm,deepfirearm,efe61067072218b668949a93bd481991633bb09f497388bef14f620d492988c9,,pending,,,,5
img_00009557,images/img_00009557.jpg,02_deepfirearm,deepfirearm,7c3a02270be5956cb06acf4b458d5d63678a4d7b3ae6f5c4ccf8bd0931654097,,pending,,,,5
img_00009558,images/img_00009558.jpg,02_deepfirearm,deepfirearm,7da2911aee78cfc12fca3fa979e16a8d349c74ce58e6cc790ff5ca803745c233,,pending,,,,5
img_00009559,images/img_00009559.jpg,02_deepfirearm,deepfirearm,0bd8051d514ec5fc181b716d0d6fdb923d729814f735b3500d02d823dc5c687b,,pending,,,,5
img_00009560,images/img_00009560.jpg,02_deepfirearm,deepfirearm,dcda69d7d29a77afaa3d228374dc5fed8fd05ca104db462b40cf90f7f9b2ce15,,pending,,,,5
img_00009561,images/img_00009561.jpg,02_deepfirearm,deepfirearm,badc4c96fdec2f8236a30afe3db003951247cd98524feb0a3f7ef6d6061e4393,,pending,,,,5
img_00009562,images/img_00009562.jpg,02_deepfirearm,deepfirearm,ca26fa01e51ad77660aa264dbbd26bc008bac3c482360efbc141a8c98e07f133,,pending,,,,5
img_00009563,images/img_00009563.jpg,02_deepfirearm,deepfirearm,0bca204a81f99c0567f43b48458e3875f24098b434e42dbbaebe32b1a1724d3e,,pending,,,,5
img_00009564,images/img_00009564.jpg,02_deepfirearm,deepfirearm,2a833d047a75fad73ef5fb3c2a8f8ad847e9e32c701c9faeb5c9d910a19a714b,,pending,,,,5
img_00009565,images/img_00009565.jpg,02_deepfirearm,deepfirearm,a57b1bfcc0c5c7f1faf3d10e603218268f18884d256247ea6f4185ca853278e7,,pending,,,,5
img_00009566,images/img_00009566.jpg,02_deepfirearm,deepfirearm,c21d5e8a033e3bb12963f4be37e36471deaaf74c8c4b262a4cb0090ff19bdea5,,pending,,,,5
img_00009567,images/img_00009567.jpg,02_deepfirearm,deepfirearm,5c5cf268ea9553ef3b0008680fc3b959f5107fb798b300550b22ec9eaaeb4688,,pending,,,,5
img_00009568,images/img_00009568.jpg,02_deepfirearm,deepfirearm,cc3f8df2f1cfb5c3e02c04791f9af3709741358e5fb8e50dd4fc40bed7d85e96,,pending,,,,5
img_00009569,images/img_00009569.jpg,02_deepfirearm,deepfirearm,b91c1335ecf6a51c47bdefdee97893a58faace80cccb7ba99fd7d25c78420d6b,,pending,,,,5
img_00009570,images/img_00009570.jpg,02_deepfirearm,deepfirearm,4c736c019320afd00471215146e460667b64e008e50b542a85e141f1ffd6fd49,,pending,,,,5
img_00009571,images/img_00009571.jpg,02_deepfirearm,deepfirearm,0c3e04d96cb526af91d2e0c26000d56bc07f73d507c545cbb84c07719ddb26dd,,pending,,,,5
img_00009572,images/img_00009572.jpg,02_deepfirearm,deepfirearm,cf164ef1183feefa08b0dee029c5c1a79db6e373bb976cbd529162ea912a9485,,pending,,,,5
img_00009573,images/img_00009573.jpg,02_deepfirearm,deepfirearm,ab5c50db2a2797475fb8049fefbccb71530d1030f4f68955e144104ea794b1d6,,pending,,,,5
img_00009574,images/img_00009574.jpg,02_deepfirearm,deepfirearm,c6d9bd3c337ec31917490aed41fe29ed1b878eca289c4c8bfec0f6dc720b9946,,pending,,,,5
img_00009575,images/img_00009575.jpg,02_deepfirearm,deepfirearm,ab99d585159918b2ad2c753302996b84718840076e4283718550c8d4468922ac,,pending,,,,5
img_00009576,images/img_00009576.jpg,02_deepfirearm,deepfirearm,d7915a05950b0782c88d21f5d942ec71fe22d03aa1533f0dce641719cb53a668,,pending,,,,5
img_00009577,images/img_00009577.jpg,02_deepfirearm,deepfirearm,88c07a78a4c7ad9757ba9527a23bf2bbbd3c2931239265a257c9c3229520124c,,pending,,,,5
img_00009578,images/img_00009578.jpg,02_deepfirearm,deepfirearm,e02afb0f2a57032400727565413426406399a4ec5fdfdd62bea1666d16c31e20,,pending,,,,5
img_00009579,images/img_00009579.jpg,02_deepfirearm,deepfirearm,d8a544c898e38db147948de6aab0dc78b677d36be263e76aea780abb200cb49d,,pending,,,,5
img_00009580,images/img_00009580.jpg,02_deepfirearm,deepfirearm,6c19d1bf0232c80ae040a8aec020babe7dcfdb6afa58a2117edb0d28637a0df3,,pending,,,,5
img_00009581,images/img_00009581.jpg,02_deepfirearm,deepfirearm,19c23a5501ae41a9e49adc24794b2ca448c9135ecc8e1d9ce66d37f8bb5795c6,,pending,,,,5
img_00009582,images/img_00009582.jpg,02_deepfirearm,deepfirearm,09210432afe178e6d9055c59239358173d71846cb15e565339445936a9bd34d8,,pending,,,,5
img_00009583,images/img_00009583.jpg,02_deepfirearm,deepfirearm,983cd29a995b49ee946a3105b20735696438c351c84fc2e9209987fe3e69bd08,,pending,,,,5
img_00009584,images/img_00009584.jpg,02_deepfirearm,deepfirearm,84bff16fb78e76306aab065172797b54fb58460448aaa0a44a73385e9c5cec42,,pending,,,,5
img_00009585,images/img_00009585.jpg,02_deepfirearm,deepfirearm,35584b0ccbf876f9fa9a996112081e738f050bd703049e56644f115a9fa884d4,,pending,,,,5
img_00009586,images/img_00009586.jpg,02_deepfirearm,deepfirearm,b9d44ecded235aeb6f21a9d20e9bbb70de002b9d1c78e84b47d37ac6939f72ab,,pending,,,,5
img_00009587,images/img_00009587.jpg,02_deepfirearm,deepfirearm,f07811e81703c4a76698f19bcd34c2fbd248baa1c2a59c08fb7da99efb9ced83,,pending,,,,5
img_00009588,images/img_00009588.jpg,02_deepfirearm,deepfirearm,7ec80912ca3910b9ae42f0615ab6fad0167ccea407b7cbcc3261d9aa39783aa8,,pending,,,,5
img_00009589,images/img_00009589.jpg,02_deepfirearm,deepfirearm,192de9b49cee1638fe00228fe3f0a7e231d98213e1f4ca3b145d5a63f2a7556f,,pending,,,,5
img_00009590,images/img_00009590.jpg,02_deepfirearm,deepfirearm,f63b7e5b1b12e9ac10a171658c7060e6b220a5e199a3da85a1b3dfecf1e14bc1,,pending,,,,5
img_00009591,images/img_00009591.jpg,02_deepfirearm,deepfirearm,a9f0d049b65b485596185feb7140737c4166b95b6010dd5f9d69837f0f60e167,,pending,,,,5
img_00009592,images/img_00009592.jpg,02_deepfirearm,deepfirearm,eb6c595baa5277e408b5ada565364b8dc086bd4eb7ce86479d01364de080b049,,pending,,,,5
img_00009593,images/img_00009593.jpg,02_deepfirearm,deepfirearm,2449174e9caba5252be2dfc30ce2db6e11d449d422b123c1fb501283976c77fa,,pending,,,,5
img_00009594,images/img_00009594.jpg,02_deepfirearm,deepfirearm,39e2386ea0c3283501bb8bc26fc310682f94315814efcc3ff18e974881215811,,pending,,,,5
img_00009595,images/img_00009595.jpg,02_deepfirearm,deepfirearm,1cfaec7b005741d3ccb71434f41baeb9ddbbcf5069fcdc8ccb95c878de53af98,,pending,,,,5
img_00009596,images/img_00009596.jpg,02_deepfirearm,deepfirearm,0ae7ade10e8b18554cb14b39e21e22ad63c393bc2a00506031b716ff3f2dcc6a,,pending,,,,5
img_00009597,images/img_00009597.jpg,02_deepfirearm,deepfirearm,9624c969a653ceb7d9e2923d778fd4c3d1106a8301fa7de3afacac96812ed1c8,,pending,,,,5
img_00009598,images/img_00009598.jpg,02_deepfirearm,deepfirearm,cfe8bad3435d32e22bb5beb1eb4a942a1fd7def0ecae8518f6c8955c92ffb99c,,pending,,,,5
img_00009599,images/img_00009599.jpg,02_deepfirearm,deepfirearm,25ab244c7cf1d2bb00040fdc1f113e1f5d51b8fba850e094e0155738fd492eb7,,pending,,,,5
img_00009600,images/img_00009600.jpg,02_deepfirearm,deepfirearm,033efa4f1c6fe28b962996c81eaa2299c56c41bea73eeadb6f146b8dda9ffa02,,pending,,,,5
img_00009601,images/img_00009601.jpg,02_deepfirearm,deepfirearm,401d8719f112b3b5694630f01c19a2e384fe77666bf2e0694fd7557c2acd1d0e,,pending,,,,5
img_00009602,images/img_00009602.jpg,02_deepfirearm,deepfirearm,bf1fcc5cda5e70b8f33f381d62ee341ce899c987176cac683119d4012a9a7204,,pending,,,,5
img_00009603,images/img_00009603.jpg,02_deepfirearm,deepfirearm,26bc085df824fe8c6d9144a5719488d6055949602f4b04786cd8a06b1640837a,,pending,,,,5
img_00009604,images/img_00009604.jpg,02_deepfirearm,deepfirearm,66a9f5cad8beb952b23f02be692034cc7780772c09069b60bb4c739c8033dc2a,,pending,,,,5
img_00009605,images/img_00009605.jpg,02_deepfirearm,deepfirearm,2a9cd526f7178f2370f5179da9c5d7d07fe67cb99b67362f3621c056b55931ec,,pending,,,,5
img_00009606,images/img_00009606.jpg,02_deepfirearm,deepfirearm,944901e8f23fd7bb8663f81954e51264ee36ace5714852e335f514d00ce2b336,,pending,,,,5
img_00009607,images/img_00009607.jpg,02_deepfirearm,deepfirearm,06fb0bcfd1f9004ca198ecf3cd41b58348148105e2a3841ff9ff987c45eb2323,,pending,,,,5
img_00009608,images/img_00009608.jpg,02_deepfirearm,deepfirearm,649ac296cf7dffe3a04cc90c37ff71d2a63a6c3b6a2fc9df5b8720b0df6aaeda,,pending,,,,5
img_00009609,images/img_00009609.jpg,02_deepfirearm,deepfirearm,d5eae3937e7564d15c02d00d1fecb3d197025c3f05e63e3e97ecb626913226f1,,pending,,,,5
img_00009610,images/img_00009610.jpg,02_deepfirearm,deepfirearm,6a450958c0268eba271b169e0113cb740f00ee931cc7a41f750dded3d36f6b4d,,pending,,,,5
img_00009611,images/img_00009611.jpg,02_deepfirearm,deepfirearm,34b47902ad950a3e2828feedd7ea37d7c61fc9fba718c853ad41740a6e3ebacf,,pending,,,,5
img_00009612,images/img_00009612.jpg,02_deepfirearm,deepfirearm,5404202da9a75e3c7ca34e07a6942d987458346b2e996516dca94b253c45c463,,pending,,,,5
img_00009613,images/img_00009613.jpg,02_deepfirearm,deepfirearm,ccf49fce513359dec815d0735b49d81f8bfe66df8de084ba91efa988c9eebc8d,,pending,,,,5
img_00009614,images/img_00009614.jpg,02_deepfirearm,deepfirearm,11d7b5c19441038449a4bed1b9d5ed55eb066e8a000c8539088dbf939f4b5995,,pending,,,,5
img_00009615,images/img_00009615.jpg,02_deepfirearm,deepfirearm,748d87339901d38169af63275d09b0deaf190a031445fe899f8d89da0f9d3e6a,,pending,,,,5
img_00009616,images/img_00009616.jpg,02_deepfirearm,deepfirearm,ed4d94509ce1b7c558aff6f8cb9cd9665e67d15b43e70c2b5020717d839f2676,,pending,,,,5
img_00009617,images/img_00009617.jpg,02_deepfirearm,deepfirearm,72b3af9324011cc53b97fbec5c1f118b792af80158eaeebf2c1f79d5230e5f65,,pending,,,,5
img_00009618,images/img_00009618.jpg,02_deepfirearm,deepfirearm,ef5698e94db2eefb1ccec313ae8c028a102dfdbbe8092b5f484942fd9427ebb8,,pending,,,,5
img_00009619,images/img_00009619.jpg,02_deepfirearm,deepfirearm,5869468fae1472d6698afc2be0c9e103ec471c8cfa29762e7aa3c897523f5f46,,pending,,,,5
img_00009620,images/img_00009620.jpg,02_deepfirearm,deepfirearm,fae5a6d191544684a1abb78078e1b14b6c0905d36c85e1df0f87e3bc0b91e604,,pending,,,,5
img_00009621,images/img_00009621.jpg,02_deepfirearm,deepfirearm,efe03f00df9230c722bcb0cd924f138372db4e3438eda7f08dfdb62ea2519f20,,pending,,,,5
img_00009622,images/img_00009622.jpg,02_deepfirearm,deepfirearm,a3ed56a3334c1537ff8e93067c4634a350018dbe27108ea7d704e68c46f1b80f,,pending,,,,5
img_00009623,images/img_00009623.jpg,02_deepfirearm,deepfirearm,02e0cbc69f050ff4c2d81fcee7a80136c131367ec1d5afbb5ee5b4b1cd5a521d,,pending,,,,5
img_00009624,images/img_00009624.jpg,02_deepfirearm,deepfirearm,aa43479699b61f8b5d988770cd4d0ad17d61d13d48e98ec97541ddceb461c13c,,pending,,,,5
img_00009625,images/img_00009625.jpg,02_deepfirearm,deepfirearm,de0fa3b460da8596f6d0ebe1413dc64f66b633ca9fc63ca8ff17bc45a607c566,,pending,,,,5
img_00009626,images/img_00009626.jpg,02_deepfirearm,deepfirearm,6adfe2dbe3fbc35eca3ab7f2e39692e2b4ecc6a8331b8d28a08c3aa3fb43c773,,pending,,,,5
img_00009627,images/img_00009627.jpg,02_deepfirearm,deepfirearm,693b7531de218ca6892b2f1c5c1556425a41715a58cb4a2f99969397b4f4ec4e,,pending,,,,5
img_00009628,images/img_00009628.jpg,02_deepfirearm,deepfirearm,b18fdba2929bcfc5f45d4def684f885ea3572ab6a78ae6188790e2870aeecab7,,pending,,,,5
img_00009629,images/img_00009629.jpg,02_deepfirearm,deepfirearm,1b8f72537059cd4893410bafc34c374c1e3e0a5c358403bbd0b265b529e1a3ef,,pending,,,,5
img_00009630,images/img_00009630.jpg,02_deepfirearm,deepfirearm,0332871dd37cb4213b4e8922aa03a8cd415edfd976df847dc9d82afe84386405,,pending,,,,5
img_00009631,images/img_00009631.jpg,02_deepfirearm,deepfirearm,e441ccf278d986f4aa435b99ff5bb16d3bf8d2c238b65bc34e5fd86def7b7b40,,pending,,,,5
img_00009632,images/img_00009632.jpg,02_deepfirearm,deepfirearm,ec1159946bff98b394d0302274af7e156b96516ba823ab4b8a64e2c2fbd1e5af,,pending,,,,5
img_00009633,images/img_00009633.jpg,02_deepfirearm,deepfirearm,dc88a942a09d6a44ea2f81489f50f6c76fa9e2d3f354db25cef0334c5507fa05,,pending,,,,5
img_00009634,images/img_00009634.jpg,02_deepfirearm,deepfirearm,536457caa968c541da13ec62ad224bcbfcaadd2b37eddf7446e591888110629d,,pending,,,,5
img_00009635,images/img_00009635.jpg,02_deepfirearm,deepfirearm,9b1a88aee0bcdd3d1404ec4fedcf1009048e1de811027e56bbcf9971de748a5b,,pending,,,,5
img_00009636,images/img_00009636.jpg,02_deepfirearm,deepfirearm,a1b1f30cc82aca3a89bb6acbd3531643ec3a2b8898698b06ff4808dd48fefc47,,pending,,,,5
img_00009637,images/img_00009637.jpg,02_deepfirearm,deepfirearm,9888186bc2a38a8f9c3d676674ca401f8690151cfb8d957fdf2d9926fe5b4a11,,pending,,,,5
img_00009638,images/img_00009638.jpg,02_deepfirearm,deepfirearm,ef139a40a74f77668683c190419fab8331e16e0a2bd07e72a527e7d3b4f973eb,,pending,,,,5
img_00009639,images/img_00009639.jpg,02_deepfirearm,deepfirearm,17a9687762503d62b2073909d53bdce1f8443b8005dc54a3329655939a6020bf,,pending,,,,5
img_00009640,images/img_00009640.jpg,02_deepfirearm,deepfirearm,9194c83e3e8b85ec26b6a39bdd625aebabfb54a105f3825fc98bb45415825144,,pending,,,,5
img_00009641,images/img_00009641.jpg,02_deepfirearm,deepfirearm,2817bddd46129315b68922fbe374ebc7335d9da7c6c3540c9839706a71236685,,pending,,,,5
img_00009642,images/img_00009642.jpg,02_deepfirearm,deepfirearm,39354132ce6f318c424102a14e94f22ed462fdb42dfaf0a52290686da091cedd,,pending,,,,5
img_00009643,images/img_00009643.jpg,02_deepfirearm,deepfirearm,989442159bb21fab2fa6aef1867eb86b4eb65732722ae0c5989f3fcd581fcf7c,,pending,,,,5
img_00009644,images/img_00009644.jpg,02_deepfirearm,deepfirearm,3c8c7124b78075475602ad2ee17ecae0a46f7fe2ce801225b3179bec4731583b,,pending,,,,5
img_00009645,images/img_00009645.jpg,02_deepfirearm,deepfirearm,2cc3e4aa9bd929b369634f377c92f2954163964849ba44ac3564e298bb17a26b,,pending,,,,5
img_00009646,images/img_00009646.jpg,02_deepfirearm,deepfirearm,501a08568ccc80f4e8db8b4099efaa8e2ea3d18d12f975d09158878a235ef0fa,,pending,,,,5
img_00009647,images/img_00009647.jpg,02_deepfirearm,deepfirearm,bc4fb7d6a5a870c0303053178f5156be6edd4ff60f0d1623569e479a0317e8fd,,pending,,,,5
img_00009648,images/img_00009648.jpg,02_deepfirearm,deepfirearm,11368b9dd9c733e133e763af22146bf42fb48afdf3af17d43b88706140f1fed8,,pending,,,,5
img_00009649,images/img_00009649.jpg,02_deepfirearm,deepfirearm,7b124506edd38e048bb0d4ff9ea1f90b77f280d38f50e4322c4e6f3b04ca64a5,,pending,,,,5
img_00009650,images/img_00009650.jpg,02_deepfirearm,deepfirearm,2645c50d3d300bcac4e35e15a94a1436a9978083775db1438d3c67c67dc86436,,pending,,,,5
img_00009651,images/img_00009651.jpg,02_deepfirearm,deepfirearm,0d457c9291be7a177b78f135a43f1fa3d5f07ff07537a2343719ea5068669172,,pending,,,,5
img_00009652,images/img_00009652.jpg,02_deepfirearm,deepfirearm,8b51a1dc00cc725a4393bd0eb2c082cc6b1866b4d56ac0c63ad3b9bdb2cda1c3,,pending,,,,5
img_00009653,images/img_00009653.jpg,02_deepfirearm,deepfirearm,078915a0c297326af7eb3df0a2fdfe02293b3a6083a5d894d3a81c82b503d196,,pending,,,,5
img_00009654,images/img_00009654.jpg,02_deepfirearm,deepfirearm,4cdbb2fa3fb8cd93092d5c5ebc04214591c98158b792bb74aff9e3461199c7ad,,pending,,,,5
img_00009655,images/img_00009655.jpg,02_deepfirearm,deepfirearm,a340b008277f8de270c2cb4c64f8a87c9be2552483469db2c40b7615a9443353,,pending,,,,5
img_00009656,images/img_00009656.jpg,02_deepfirearm,deepfirearm,e767dcd46a9dd6b33bf223efaa9a2e36031643087497007fa20da581a97a975d,,pending,,,,5
img_00009657,images/img_00009657.jpg,02_deepfirearm,deepfirearm,abdfa4c1c722bb27d66470a7fe1e1a419ff548b6c226b3bf3034a34f1c7b932c,,pending,,,,5
img_00009658,images/img_00009658.jpg,02_deepfirearm,deepfirearm,5d21e6ccc9f7bef7023096ce27f4d0e5bb146004a5fa6f453b7d5add313576c6,,pending,,,,5
img_00009659,images/img_00009659.jpg,02_deepfirearm,deepfirearm,9920771db60847b752c8b054e0ff57e5b332756d6a522a5fd25f975793469077,,pending,,,,5
img_00009660,images/img_00009660.jpg,02_deepfirearm,deepfirearm,ef11e8781e3df987559a309593835822d2d76ba1c76acd22760ca6f0d8903ba7,,pending,,,,5
img_00009661,images/img_00009661.jpg,02_deepfirearm,deepfirearm,aada298c228d24b788e92430ad5aa8d07df4a1eb95c00c2a3c7bd50f1fd8e5e1,,pending,,,,5
img_00009662,images/img_00009662.jpg,02_deepfirearm,deepfirearm,193ced5743e00a2a83a6dbf5263ea1311b8323856ce9f6a1e1bb52a3e8b29f6a,,pending,,,,5
img_00009663,images/img_00009663.jpg,02_deepfirearm,deepfirearm,e4406df072f643e9e9bc52074be64457a24fa6528f1e17b9cd855c41b5713b19,,pending,,,,5
img_00009664,images/img_00009664.jpg,02_deepfirearm,deepfirearm,16dcdfcc8cb2564647a85e73eb60538d57ba3e27dd461bc2854667f5b46efee8,,pending,,,,5
img_00009665,images/img_00009665.jpg,02_deepfirearm,deepfirearm,437fa2757d1e48793b69c831333d981e9eb15f4e811cf135835b43b74c7d0de8,,pending,,,,5
img_00009666,images/img_00009666.jpg,02_deepfirearm,deepfirearm,f02a0518cf49a3a80b505928e4196a4b4f1d11130a7056a1d9b6709e463a2a7a,,pending,,,,5
img_00009667,images/img_00009667.jpg,02_deepfirearm,deepfirearm,694b7d6f1ef833fc82571f18706b1a91ff42b01b3d4cac2c67afd94b98a8e8ed,,pending,,,,5
img_00009668,images/img_00009668.jpg,02_deepfirearm,deepfirearm,af5cc033b81eada990b62aa7afba52c32641ae1c71a66e378f4074dea1c47a5e,,pending,,,,5
img_00009669,images/img_00009669.jpg,02_deepfirearm,deepfirearm,45ffdc84c17392474f69d2c2f66ffa1d53fbaf7f2267c6f8908ac90fc243063a,,pending,,,,5
img_00009670,images/img_00009670.jpg,02_deepfirearm,deepfirearm,0508447fbc60a7e34d5d39c7a341dd83613102972c5cc5d4dee5b926c34ab602,,pending,,,,5
img_00009671,images/img_00009671.jpg,02_deepfirearm,deepfirearm,5dab23c4ead87a50f6b8384fbc8df09df3940bfa19d44f2dec3f5d5a53fb9137,,pending,,,,5
img_00009672,images/img_00009672.jpg,02_deepfirearm,deepfirearm,492172e1342851851e7e9b6d3156f77968d77a88f35957af6449c056177d9442,,pending,,,,5
img_00009673,images/img_00009673.jpg,02_deepfirearm,deepfirearm,4ed499c172ba36d86e8de827621f870433f9dd3b5304139b6b697a534465ae3b,,pending,,,,5
img_00009674,images/img_00009674.jpg,02_deepfirearm,deepfirearm,27a48c5be364cee21734437da2e3213ffdc1bd02f309f0197ba142a6e11cf3a2,,pending,,,,5
img_00009675,images/img_00009675.jpg,02_deepfirearm,deepfirearm,2b94ac8a53d4472ad3c20a89dfb386f72f84f073db7b5293861253d41c278b8e,,pending,,,,5
img_00009676,images/img_00009676.jpg,02_deepfirearm,deepfirearm,341f274a306099b335e49aadf80a55cc42123c761421bfac431ce24798f68959,,pending,,,,5
img_00009677,images/img_00009677.jpg,02_deepfirearm,deepfirearm,f99c7436a0c10b15bcc25510de839cc506ac941f925d1040832ea40b5007812c,,pending,,,,5
img_00009678,images/img_00009678.jpg,02_deepfirearm,deepfirearm,fec5809ed9f0debff330fdd60efd2f0df119328e587e1886434cfd6bd97112a2,,pending,,,,5
img_00009679,images/img_00009679.jpg,02_deepfirearm,deepfirearm,7e7417017a0343c2e69c1e16055eeb7791ff3f546aa453191adf10bb1ec06dea,,pending,,,,5
img_00009680,images/img_00009680.jpg,02_deepfirearm,deepfirearm,70fab5ce1f91cf2ae337085bd3e0197dace1d0304d30575f6eea4c03d91763ba,,pending,,,,5
img_00009681,images/img_00009681.jpg,02_deepfirearm,deepfirearm,01962eef0fbb226685fcd51e282bd46c2ca9b100584fe87bc76bdb9b6d9bc78a,,pending,,,,5
img_00009682,images/img_00009682.jpg,02_deepfirearm,deepfirearm,ac2df54aac5014d6fa2437e1a2c68ae017e51ef34abaa20ad9d4c633a6ba4311,,pending,,,,5
img_00009683,images/img_00009683.jpg,02_deepfirearm,deepfirearm,4a8944c133a3af9050a87fe3eb5bd2552a7e6b7683d123eb70d9bee57009a0b1,,pending,,,,5
img_00009684,images/img_00009684.jpg,02_deepfirearm,deepfirearm,33d1443190ae2439494935b94475b6e18a35b487b55ed9d587ac28bf2162b1e1,,pending,,,,5
img_00009685,images/img_00009685.jpg,02_deepfirearm,deepfirearm,a943c1940a90220abbd8269785d2406e82c8030e8888673b355aafe06e76dbf1,,pending,,,,5
img_00009686,images/img_00009686.jpg,02_deepfirearm,deepfirearm,b58101f3d7397000153a50957b45af839f6ee8c82277cecfe4b0c80fdba5a4e3,,pending,,,,5
img_00009687,images/img_00009687.jpg,02_deepfirearm,deepfirearm,fbc3a046d5b620b1e887859a6f9992a059b7f99556f5085f4ef85e6b29df1572,,pending,,,,5
img_00009688,images/img_00009688.jpg,02_deepfirearm,deepfirearm,a66b4a99f621215c15ca9a068887c1062dd0529b10c66d0522b4e6492dae6120,,pending,,,,5
img_00009689,images/img_00009689.jpg,02_deepfirearm,deepfirearm,743909bc6b1bf327d68dca400078b406f4e5693a62461153ed22c06f753eef76,,pending,,,,5
img_00009690,images/img_00009690.jpg,02_deepfirearm,deepfirearm,35ba54bd2ceac50bf196bbb44b628bbc51fc85844159258b4634afd0a35045f3,,pending,,,,5
img_00009691,images/img_00009691.jpg,02_deepfirearm,deepfirearm,132e336f98befb0be2bb0746d5d45d390cbad653159c79971bf67c7a32824036,,pending,,,,5
img_00009692,images/img_00009692.jpg,02_deepfirearm,deepfirearm,eb084b58dcf9039ca05355bb641be5257652d967f7287d159b6c825ac19e7b3d,,pending,,,,5
img_00009693,images/img_00009693.jpg,02_deepfirearm,deepfirearm,7de7051b7d183dbfdf4b5e91679481ad91c5907fb679bf40e88fe147b6527397,,pending,,,,5
img_00009694,images/img_00009694.jpg,02_deepfirearm,deepfirearm,db17a7708b7836ff6b4e6cd810501d928d331bf98ac2968bf59a1c3df157adbf,,pending,,,,5
img_00009695,images/img_00009695.jpg,02_deepfirearm,deepfirearm,69060f82d2c7efb346043c1e9f698c5bc188ff9868568fbdfc7bb74c726781fe,,pending,,,,5
img_00009696,images/img_00009696.jpg,02_deepfirearm,deepfirearm,2e2f87a253067e5d3469fdcb92ca57c92b161d41309f0c7f9ec20396ce4f51fa,,pending,,,,5
img_00009697,images/img_00009697.jpg,02_deepfirearm,deepfirearm,37fa64ccc61abec0ace2f4af23076767a1402944708febdbebdb52e16739f1c6,,pending,,,,5
img_00009698,images/img_00009698.jpg,02_deepfirearm,deepfirearm,d3159b2781f59446e3b3b6a4752291b4c0447ae7696c233a20212772d028a00a,,pending,,,,5
img_00009699,images/img_00009699.jpg,02_deepfirearm,deepfirearm,fec6a890eba2d8b848069b191b61b7063597ccd7a4da90de02a7f0241b8f9f98,,pending,,,,5
img_00009700,images/img_00009700.jpg,02_deepfirearm,deepfirearm,315ddb0f37c370db24f4dd00e17f0d7d4164bb4d17a22bed44b8b7669ae6ae95,,pending,,,,5
img_00009701,images/img_00009701.jpg,02_deepfirearm,deepfirearm,718915c84ac47d82ac635aa062dabe396645d5ccdef808d1778ee4d0c0f86174,,pending,,,,5
img_00009702,images/img_00009702.jpg,02_deepfirearm,deepfirearm,b04bde6471f68e36a88fdb0926d74457ad1914a50b65d6e9dd30333766d322be,,pending,,,,5
img_00009703,images/img_00009703.jpg,02_deepfirearm,deepfirearm,ddd8f6c9ebff593a5b4351f946d0810789421678257eb0dfe9c07b8da62f289d,,pending,,,,5
img_00009704,images/img_00009704.jpg,02_deepfirearm,deepfirearm,c984c2d3359c06143e6fecd405611f7f02ecad66d5a9fb4bb63a72dc350add06,,pending,,,,5
img_00009705,images/img_00009705.jpg,02_deepfirearm,deepfirearm,f0bc2b417ca6223bcfa9434beb204d737bb3035c211b9ee0380f4f8fa7cf2ce7,,pending,,,,5
img_00009706,images/img_00009706.jpg,02_deepfirearm,deepfirearm,7e3dc100d8fb104a5dafb35f0e9427f1e6aefea84569c8416427a50d989d486e,,pending,,,,5
img_00009707,images/img_00009707.jpg,02_deepfirearm,deepfirearm,631be3044aa38890ee4ef5077cc4cb1f7ad44a10cc7b1aaeddadb7d6074724fe,,pending,,,,5
img_00009708,images/img_00009708.jpg,02_deepfirearm,deepfirearm,6fb32731179102bfa74deb322281c58f269c68d5024789557f0a9164e2874a77,,pending,,,,5
img_00009709,images/img_00009709.jpg,02_deepfirearm,deepfirearm,6cb04ca387a540fa54f97de568312bc7a415cf3b9621796da010c1ff6c7ad900,,pending,,,,5
img_00009710,images/img_00009710.jpg,02_deepfirearm,deepfirearm,0786e8fcc01f7ea13f4b4535523ae28bf92926649d2feae745ab77ee1fe4ab97,,pending,,,,5
img_00009711,images/img_00009711.jpg,02_deepfirearm,deepfirearm,62b1177d0e7e547031c76c109040ed5924c4bcac1f0024a7775e4c95c08113db,,pending,,,,5
img_00009712,images/img_00009712.jpg,02_deepfirearm,deepfirearm,9895142504fb5049b0c3fd9d8da036159444cb690c0338cdc5b979cf2fcd0938,,pending,,,,5
img_00009713,images/img_00009713.jpg,02_deepfirearm,deepfirearm,1897fa3f28512552b4b816b48a4bf03658f4457bd1119ba460b64224950f43e0,,pending,,,,5
img_00009714,images/img_00009714.jpg,02_deepfirearm,deepfirearm,0cddd4a91ff1da233912a9c0e4585db77c4584a3946bead6661fa0c1e25175c2,,pending,,,,5
img_00009715,images/img_00009715.jpg,02_deepfirearm,deepfirearm,d5b25d8dad37212d289310c8f7b4e6fb558a2d1597290da39d8f4ca8e1d40387,,pending,,,,5
img_00009716,images/img_00009716.jpg,02_deepfirearm,deepfirearm,f08d15a7c3723cc940a7bd047f5c7be4ddf57f9b312c5c2e699ca98f54fc8725,,pending,,,,5
img_00009717,images/img_00009717.jpg,02_deepfirearm,deepfirearm,b7abaaea6d77a9c63e9ce43d69ca7069ce82e8d8564c5018f446f33a80689a4c,,pending,,,,5
img_00009718,images/img_00009718.jpg,02_deepfirearm,deepfirearm,8e13612ec11327a7477603e9acddcc775f7330c546eb90e4e8ab142a6f9f6c31,,pending,,,,5
img_00009719,images/img_00009719.jpg,02_deepfirearm,deepfirearm,d08b08a7537d1d7bd857b1db435365949f51e6d3cfa988ecdbaf18a7d9e9462e,,pending,,,,5
img_00009720,images/img_00009720.jpg,02_deepfirearm,deepfirearm,085cf37bc7f21098349f85dd1bcffc54d199c5df4081dce34822d63c22596085,,pending,,,,5
img_00009721,images/img_00009721.jpg,02_deepfirearm,deepfirearm,af3d51dd9be194e90fe74d327c66daa63d4c6a7d098ce241b4a3e89589d91547,,pending,,,,5
img_00009722,images/img_00009722.jpg,02_deepfirearm,deepfirearm,5ca78d9b69e199e3015891fdec9cf2c9be20a01c07d4d34d0373dfae1d847ce5,,pending,,,,5
img_00009723,images/img_00009723.jpg,02_deepfirearm,deepfirearm,1cb7cec98dd75c8bca18fbce5b94b6165ed4f4042fe2916a47ddc220a43794c0,,pending,,,,5
img_00009724,images/img_00009724.jpg,02_deepfirearm,deepfirearm,ebf4bae81ed3439bad73b4889aaee0fb6d6f88e37073ec8a3fe4370b188d25fa,,pending,,,,5
img_00009725,images/img_00009725.jpg,02_deepfirearm,deepfirearm,511252101183ed849f1a14e1a6c8bc885a8528c59590a3d9bf375784943d1f9f,,pending,,,,5
img_00009726,images/img_00009726.jpg,02_deepfirearm,deepfirearm,377f534f6f743c4dfd07559e1a2e68a0909f5b2ffc31895b0045f6903a2834a3,,pending,,,,5
img_00009727,images/img_00009727.jpg,02_deepfirearm,deepfirearm,dc16578cc094478e243943b762a2ce0243f61cb6d89139542bb31a13d723d357,,pending,,,,5
img_00009728,images/img_00009728.jpg,02_deepfirearm,deepfirearm,6ff786b5145c7e2da924a31b2dc620178854e2178a3ba44e42dd7e6e0d66561a,,pending,,,,5
img_00009729,images/img_00009729.jpg,02_deepfirearm,deepfirearm,4f962626468ebb61c2db7dcd218a18cdec0e5ea137001b9f8860d322e85baa9b,,pending,,,,5
img_00009730,images/img_00009730.jpg,02_deepfirearm,deepfirearm,a4250f9a7f47893e360ce5dc8b1ce6d104c7b6a4f28669104089bcad8cea4f98,,pending,,,,5
img_00009731,images/img_00009731.jpg,02_deepfirearm,deepfirearm,eb4f762e308ca853c1afed28396a06c37591699a5ce900be9aeab47f4d233c9b,,pending,,,,5
img_00009732,images/img_00009732.jpg,02_deepfirearm,deepfirearm,bf9e9f57c89fe59a0f465b3aa1be81afc4b961654fccc67af83e0ae33017ef6b,,pending,,,,5
img_00009733,images/img_00009733.jpg,02_deepfirearm,deepfirearm,7e2a259534374dc18f7f60cfcb4b1e4858925d5f401740fcb27142fca2a47df5,,pending,,,,5
img_00009734,images/img_00009734.jpg,02_deepfirearm,deepfirearm,62a5e70f39869ff7e49b396ff6e13b7437d4584b11aaeb5c3666c619541842d7,,pending,,,,5
img_00009735,images/img_00009735.jpg,02_deepfirearm,deepfirearm,806bfab3d286f5b6efef4b2df300e529f460bacf6d939c68a7697821bb67df19,,pending,,,,5
img_00009736,images/img_00009736.jpg,02_deepfirearm,deepfirearm,c6346c92cc21c0327624012d783a5b2df726faa60d3fc71a591233713b966da0,,pending,,,,5
img_00009737,images/img_00009737.jpg,02_deepfirearm,deepfirearm,4c6d9a2978e33d4ded9b24f09ebe8b16604c0431f0a78c2513fec7998c3fb3d8,,pending,,,,5
img_00009738,images/img_00009738.jpg,02_deepfirearm,deepfirearm,5e4e518060c5bf39ab9a2a0aa219b2769566d60ae0e83f5ec4805d152f072c2c,,pending,,,,5
img_00009739,images/img_00009739.jpg,02_deepfirearm,deepfirearm,cd0cd409a394b1ce8a68ff777f6f8f16f1eae443d7a28e1b3d4692a40709ca2d,,pending,,,,5
img_00009740,images/img_00009740.jpg,02_deepfirearm,deepfirearm,f726d28725223842d67e0ee4542691ccd2d1ad5007086ac4833c3f2b38fdf663,,pending,,,,5
img_00009741,images/img_00009741.jpg,02_deepfirearm,deepfirearm,f16bd959470948effe4102ce8ff0941812ae33296835ed1f1925543aa5598df4,,pending,,,,5
img_00009742,images/img_00009742.jpg,02_deepfirearm,deepfirearm,fc0b633f36514bf62768d9b73e0514e7dd3c088d7fd7c36140748a1edc181b37,,pending,,,,5
img_00009743,images/img_00009743.jpg,02_deepfirearm,deepfirearm,e3fa80d5210a07cac252d7e6dfafe01e119d5284381cb669042b6575568612ac,,pending,,,,5
img_00009744,images/img_00009744.jpg,02_deepfirearm,deepfirearm,c5a6ad1f4f5ebb453abca1dc4cc5de78f1745b398964261eea8b41a425743a07,,pending,,,,5
img_00009745,images/img_00009745.jpg,02_deepfirearm,deepfirearm,af174ece834148802a0a3d143840f307448d04c1a0349dcc4e40ce85c29378b6,,pending,,,,5
img_00009746,images/img_00009746.jpg,02_deepfirearm,deepfirearm,9b7d745aef72f3a635173a0c07c0e067cec7fb2657e6727b01d8e5f97d5f7de4,,pending,,,,5
img_00009747,images/img_00009747.jpg,02_deepfirearm,deepfirearm,f5150a64077da51b299ea42540dda9b01de92e66e31aa3454aeef82f71f161f3,,pending,,,,5
img_00009748,images/img_00009748.jpg,02_deepfirearm,deepfirearm,f246e51a7e99243495d3c3de1e0ce3031462ce1b43814cb8ae485f4d42089a66,,pending,,,,5
img_00009749,images/img_00009749.jpg,02_deepfirearm,deepfirearm,97cbd09b8790f0e950ee8dcaa477646db6fa0e5835a660188b22b78bb5fc0434,,pending,,,,5
img_00009750,images/img_00009750.jpg,02_deepfirearm,deepfirearm,fa1221a4bc0f72ae44bb0109effcc5769ce5a3939987cfcd8d8b7b42fcfe9a97,,pending,,,,5
img_00009751,images/img_00009751.jpg,02_deepfirearm,deepfirearm,2e13f89f3c6eb31a1c2a26ae2249d84905fef33573253a61c0be21b86cbe6ac1,,pending,,,,5
img_00009752,images/img_00009752.jpg,02_deepfirearm,deepfirearm,6ba550aaa45fb9ea9e4ae6f518b7757f92cd3c0ee555bcdcecb16942b26d26f2,,pending,,,,5
img_00009753,images/img_00009753.jpg,02_deepfirearm,deepfirearm,b411a76bcf4fc17f764736f0d76b362bf1917e5a8a365ce3e2451580cf76ca63,,pending,,,,5
img_00009754,images/img_00009754.jpg,02_deepfirearm,deepfirearm,76687b6beb2c3e15d7b52f06139a3a78e17137397e8b28da232a11c3ca809ddd,,pending,,,,5
img_00009755,images/img_00009755.jpg,02_deepfirearm,deepfirearm,d70f800e43fe2071b24dcd2bc49d34df70575cbabc1ef76c347f87b2aa0c002c,,pending,,,,5
img_00009756,images/img_00009756.jpg,02_deepfirearm,deepfirearm,9cefca2a4b07ed3783e47710ebb9e226e185a4c0eabc167c39aa2c8da017eed6,,pending,,,,5
img_00009757,images/img_00009757.jpg,02_deepfirearm,deepfirearm,840d5f1adb79c347ded5bb4918379fc30037958417e29471d829984299b1b685,,pending,,,,5
img_00009758,images/img_00009758.jpg,02_deepfirearm,deepfirearm,ed3deb623460884a96a6f21ec22e3f7fa2650f60639c8666d7c7060fa3f4788f,,pending,,,,5
img_00009759,images/img_00009759.jpg,02_deepfirearm,deepfirearm,35b9937aa5182255c99377c1e30379d450ffed80c3a18b0e2c3a98fa87817a1c,,pending,,,,5
img_00009760,images/img_00009760.jpg,02_deepfirearm,deepfirearm,b97e0f6f3266666139a04538e110d5c554fb0d207e024bf01582618b00b45f8c,,pending,,,,5
img_00009761,images/img_00009761.jpg,02_deepfirearm,deepfirearm,71ec6520927f9a41b00a5fbe718e9b9844563ebccb83e73ee832b3503ecaeb36,,pending,,,,5
img_00009762,images/img_00009762.jpg,02_deepfirearm,deepfirearm,8f0ec28d409b8043d8bbd8ef0dfb4b802496d4f1e7d62fe9303bac6f7bfe155d,,pending,,,,5
img_00009763,images/img_00009763.jpg,02_deepfirearm,deepfirearm,ac8b0c5fdd2c3def48d4daa8f449e592620b0a5e94ba92aedab513e72594388a,,pending,,,,5
img_00009764,images/img_00009764.jpg,02_deepfirearm,deepfirearm,e886b5e06d4a106656126b5af2adf865f619e4c7d97e1bb22f41cb7a614e8dc9,,pending,,,,5
img_00009765,images/img_00009765.jpg,02_deepfirearm,deepfirearm,352afd9c33655d1a71672efe85fcb9b6dc18b064354b922c88c94f78e6157674,,pending,,,,5
img_00009766,images/img_00009766.jpg,02_deepfirearm,deepfirearm,f84dcf936b3fee8401fc3727093521350499db8360cfe84fddb706a2c7db838b,,pending,,,,5
img_00009767,images/img_00009767.jpg,02_deepfirearm,deepfirearm,1c1f2767152998c77fca9544ffd8929bd1689952d9e3a12f52b7340c28ea8f03,,pending,,,,5
img_00009768,images/img_00009768.jpg,02_deepfirearm,deepfirearm,0235c77a1d2f6146a3ecdae449a64a6c6df2ecbe56790be563cbe357aa5594d7,,pending,,,,5
img_00009769,images/img_00009769.jpg,02_deepfirearm,deepfirearm,41c28d4484561035c1fc116d1ba2981ba2db3b9204058d9857814cf11224dbcd,,pending,,,,5
img_00009770,images/img_00009770.jpg,02_deepfirearm,deepfirearm,c2033aa997c336fd0eb6190c39e6c7065842b29353e90ce307d30e9aaccf41f3,,pending,,,,5
img_00009771,images/img_00009771.jpg,02_deepfirearm,deepfirearm,50468dcdf8475454c8ef281f1a16cfe9163da5cb4142518fade86903bc5476d4,,pending,,,,5
img_00009772,images/img_00009772.jpg,02_deepfirearm,deepfirearm,9ea980790c542dbe81404e7b44613bfb780ae3204a900406a9de23a5c87a03f8,,pending,,,,5
img_00009773,images/img_00009773.jpg,02_deepfirearm,deepfirearm,53c3ef7e7fc4289a9ccdf921db90f59ff7ea4d2d8ffb174148ef2cc93e39d558,,pending,,,,5
img_00009774,images/img_00009774.jpg,02_deepfirearm,deepfirearm,128eb81e0c12ecb4b2f104e80c980c70a31dabcf017cee19ae72f8358ce0dc4b,,pending,,,,5
img_00009775,images/img_00009775.jpg,02_deepfirearm,deepfirearm,39efc46d063c8226087e93163f32a02e7e5263a92dc11bde4e3c0856abeaea65,,pending,,,,5
img_00009776,images/img_00009776.jpg,02_deepfirearm,deepfirearm,6c1349387dfd9f6d4f11c13c6f0ec73d119bbdf59cdd489b828fa0a9de33e0fd,,pending,,,,5
img_00009777,images/img_00009777.jpg,02_deepfirearm,deepfirearm,103e8bbf1871631d66894470fa82a2e7a24570a6da710b4f9c601d2f94f80a63,,pending,,,,5
img_00009778,images/img_00009778.jpg,02_deepfirearm,deepfirearm,369b242945c2d50ed722562ad0aec6be77f8ff6df74f7b7e25ccdbfc4422be12,,pending,,,,5
img_00009779,images/img_00009779.jpg,02_deepfirearm,deepfirearm,8453ceca87ce47f3ac16c35e8e1de6b7fbbbbb1daccbf938156866417825d238,,pending,,,,5
img_00009780,images/img_00009780.jpg,02_deepfirearm,deepfirearm,ef56029b9a962beb8ffee85c69f1ff1288ba73977796613b5e97de6431c0304f,,pending,,,,5
img_00009781,images/img_00009781.jpg,02_deepfirearm,deepfirearm,383cff13c70e1e774ebc4ca5beebb546b45c222ec67fbe8ae2b2916fb1fce454,,pending,,,,5
img_00009782,images/img_00009782.jpg,02_deepfirearm,deepfirearm,263f31d0bb371c12c51d0fc36c1a77e04a61330f72a25d79f9038877a5e636b4,,pending,,,,5
img_00009783,images/img_00009783.jpg,02_deepfirearm,deepfirearm,31bab8e54a44b2868273a1e9d5eb672c35d7d7c9f5ff38b4d0cc6c18fb42bd1c,,pending,,,,5
img_00009784,images/img_00009784.jpg,02_deepfirearm,deepfirearm,05f770d63f56f781771fc71fcaca383fe5d38e07aad457cac446fda3a38381f5,,pending,,,,5
img_00009785,images/img_00009785.jpg,02_deepfirearm,deepfirearm,0a73c59af8dc6c50a4c231e1cbbb4f33895b83549f986f77302e24d785340c3b,,pending,,,,5
img_00009786,images/img_00009786.jpg,02_deepfirearm,deepfirearm,7459800331d4dc2c516c7b5a933cf7606ae6decc038aea493e0cfd65e83eec2f,,pending,,,,5
img_00009787,images/img_00009787.jpg,02_deepfirearm,deepfirearm,1dcf83ee90b809c6cec75e0f72dada9e67b7932c9c5f3e7c5f05a97e8ccf2dee,,pending,,,,5
img_00009788,images/img_00009788.jpg,02_deepfirearm,deepfirearm,1b7308c7777d52572f2a8949c3cea9cb14a120549d250ca461cdbfe12de3cede,,pending,,,,5
img_00009789,images/img_00009789.jpg,02_deepfirearm,deepfirearm,3e839ce66bfc49599064a6bfd631b420c07597ea9b3a98bf2ca73bd1c02f4bf6,,pending,,,,5
img_00009790,images/img_00009790.jpg,02_deepfirearm,deepfirearm,b0eb2c2e6e0593c4fce21b779084776d97b9faadb5cb360c93c3617dae58859a,,pending,,,,5
img_00009791,images/img_00009791.jpg,02_deepfirearm,deepfirearm,5e887cdcf882f5df8480c4facb53e421a52777e4e6ef0ac51bc582bcd0c3bc9f,,pending,,,,5
img_00009792,images/img_00009792.jpg,02_deepfirearm,deepfirearm,83f1160cdde52f594eeafa84c6c852365d79086c08e1da138222f610298fbaac,,pending,,,,5
img_00009793,images/img_00009793.jpg,02_deepfirearm,deepfirearm,2eb2d94405e4aa05f9dc14f6ec6641b58987e68d26237b6421137e1cad2d24c5,,pending,,,,5
img_00009794,images/img_00009794.jpg,02_deepfirearm,deepfirearm,87125a9f3f2e3a36f71a797e19ddc6e7f98839d4019825fa34db1d8d234ef602,,pending,,,,5
img_00009795,images/img_00009795.jpg,02_deepfirearm,deepfirearm,289da5b57f2169e947fe5911455f93e6122c56ee2f5015c34f33d7e6f458bf61,,pending,,,,5
img_00009796,images/img_00009796.jpg,02_deepfirearm,deepfirearm,cd3582e8ea67ea65a1435aa37eee6161e53f8e3cd99e0a0218af8479bf285cdf,,pending,,,,5
img_00009797,images/img_00009797.jpg,02_deepfirearm,deepfirearm,b057ea8d94d6070054fe9dfe46914ca7afd12894c6628922b5dcc7f96a9d6fc3,,pending,,,,5
img_00009798,images/img_00009798.jpg,02_deepfirearm,deepfirearm,291a2fda99d9e47496b981a97dcc6ceab7afbc9664f0f1fdc0a939f94a23f8ed,,pending,,,,5
img_00009799,images/img_00009799.jpg,02_deepfirearm,deepfirearm,aac8fa6c017eb64d7cd44b86319134d4f4645e6e99c0cb05811c43865c8d6a4c,,pending,,,,5
img_00009800,images/img_00009800.jpg,02_deepfirearm,deepfirearm,6691c9126a59d78bda78382de049e9fa74c6b9f886387e3012ff5d2ee1f9beba,,pending,,,,5
img_00009801,images/img_00009801.jpg,02_deepfirearm,deepfirearm,2f65e70d9b65db9554fdc3926ab02489cae93857910c3a2756b08235da1c7637,,pending,,,,5
img_00009802,images/img_00009802.jpg,02_deepfirearm,deepfirearm,af04cfda6636c89c272a2b8ee65a7606aba3652e3cca0c6cc0f548eabc6026b8,,pending,,,,5
img_00009803,images/img_00009803.jpg,02_deepfirearm,deepfirearm,cb6a173abadeae51d0a331b8b4b6af0f709ae30561618825021c1b773fd81e84,,pending,,,,5
img_00009804,images/img_00009804.jpg,02_deepfirearm,deepfirearm,02972d41ccf909d27482f884fa68eb5a3013a2faf05ad861d9e688f906503fab,,pending,,,,5
img_00009805,images/img_00009805.jpg,02_deepfirearm,deepfirearm,f75dfb645d01df76112b650b9ed988439c4102acfc74da7d3511447f333289d7,,pending,,,,5
img_00009806,images/img_00009806.jpg,02_deepfirearm,deepfirearm,8b5b3ee2e6aae3dd9bec8970177fd07291b5a393ef128b96b9e97e7a11fd2e46,,pending,,,,5
img_00009807,images/img_00009807.jpg,02_deepfirearm,deepfirearm,e76da383f93c5dfd88fe3945d0dbdf2938adeb36b3883a0081cb9611698f6506,,pending,,,,5
img_00009808,images/img_00009808.jpg,02_deepfirearm,deepfirearm,9a9d451d93dad913f7f0ae9e191c244c3757b1c59f36f984f968e9bc719430a0,,pending,,,,5
img_00009809,images/img_00009809.jpg,02_deepfirearm,deepfirearm,4d4c9d1a590135aa2f9558351165a8584b80c4073f296918fda2d778aa88e508,,pending,,,,5
img_00009810,images/img_00009810.jpg,02_deepfirearm,deepfirearm,576fbcc6618fdd21af07ed3bd751533bd8091cd59dac9e9b781f5fa79e05a58a,,pending,,,,5
img_00009811,images/img_00009811.jpg,02_deepfirearm,deepfirearm,4fcf3d002e693d9e6614070ffae887bfb5e7086c1c3622ed958819750d148d63,,pending,,,,5
img_00009812,images/img_00009812.jpg,02_deepfirearm,deepfirearm,aadc1aa60a9fec4fd7bc4ef8f26f9099fa392852f7c409e3ff906e8c02d5a445,,pending,,,,5
img_00009813,images/img_00009813.jpg,02_deepfirearm,deepfirearm,82eebc35e4204ee118e65ad9bcfc5cb04e6e71432314eb8a9bbe50f581e39559,,pending,,,,5
img_00009814,images/img_00009814.jpg,02_deepfirearm,deepfirearm,640474544dc8badfa636f11433e9957e325f49f2d41c060c3d1c78c38b05e1e6,,pending,,,,5
img_00009815,images/img_00009815.jpg,02_deepfirearm,deepfirearm,b85430e3a8a4c7a69bfce7f5a8da3e3a301a5655d70c0211a81472b14c7a7350,,pending,,,,5
img_00009816,images/img_00009816.jpg,02_deepfirearm,deepfirearm,d75b8b507db9eda6f56fb407958ca695dd17ceb4d6ab0accdf3d64ad4bb31665,,pending,,,,5
img_00009817,images/img_00009817.jpg,02_deepfirearm,deepfirearm,43da1f4e6d18c366363d0ce0edb71dfdc2ae629531dd7a96a7b4522abd467b57,,pending,,,,5
img_00009818,images/img_00009818.jpg,02_deepfirearm,deepfirearm,1adbd156089c352d8cde61ac14553d3eec0fa432ad148aa6ff86c74ba1eff964,,pending,,,,5
img_00009819,images/img_00009819.jpg,02_deepfirearm,deepfirearm,f5fd8e1000c8271e88dba7803308bd615d66abd27b90a3c3016ed649ec9b4659,,pending,,,,5
img_00009820,images/img_00009820.jpg,02_deepfirearm,deepfirearm,6518fbb044f52d03fdf2d0c44f5cce78fdda2944ceeb27be24c4a5c73ce3a905,,pending,,,,5
img_00009821,images/img_00009821.jpg,02_deepfirearm,deepfirearm,ee3d4997d1b18c325b3da0f9e2d2b978213092f7c329fb107bd1be445b0eec83,,pending,,,,5
img_00009822,images/img_00009822.jpg,02_deepfirearm,deepfirearm,179b7df852bfe4d61d309d6b3bcc79bc0a31549b72778a1fed343dc9458611da,,pending,,,,5
img_00009823,images/img_00009823.jpg,02_deepfirearm,deepfirearm,2abce364cdaf90ca1b7350477e90d97f245f33cadecd9af5325493618f580535,,pending,,,,5
img_00009824,images/img_00009824.jpg,02_deepfirearm,deepfirearm,43931e98f8136bc5c79a2a199b4509c56a6ea388cb93769b6a15440961d60b3b,,pending,,,,5
img_00009825,images/img_00009825.jpg,02_deepfirearm,deepfirearm,ebe34d0b571d9339d12bba727a8158b3be27e52086a23f20b46af9eafe7b12e4,,pending,,,,5
img_00009826,images/img_00009826.jpg,02_deepfirearm,deepfirearm,1179b578f4c5a67fc7c5075d62fad6c44ebaaa9e0eef217b4f35d846c93ef33d,,pending,,,,5
img_00009827,images/img_00009827.jpg,02_deepfirearm,deepfirearm,96504a02fa69c222ab66bb0914dd2c8e6d9c3fdcffa7b05978fd03a581639af2,,pending,,,,5
img_00009828,images/img_00009828.jpg,02_deepfirearm,deepfirearm,e39cd6cb172410adb2371982a512f232e5e32be8ce1ea050985081dedd7196cf,,pending,,,,5
img_00009829,images/img_00009829.jpg,02_deepfirearm,deepfirearm,590ae4c6475756558ab9415e8e919fc49c38657be86d959f761068b79904806a,,pending,,,,5
img_00009830,images/img_00009830.jpg,02_deepfirearm,deepfirearm,13cd14e5988cf668a73be5835526d5931eae6c98ebcb0eb5560a3efddba98ad2,,pending,,,,5
img_00009831,images/img_00009831.jpg,02_deepfirearm,deepfirearm,8efad34a4f2f1402e169fc966ae79cfc9cb8ee0af7103475448fd42a74f29471,,pending,,,,5
img_00009832,images/img_00009832.jpg,02_deepfirearm,deepfirearm,190990e2990eead3c070bb0a4d3bc965894ca92ca7e80ff16e8ac03718ccfd4f,,pending,,,,5
img_00009833,images/img_00009833.jpg,02_deepfirearm,deepfirearm,bf5af4de3c1e05d7ef012db0da9dda9b748eb1af87ae28b5c128ccda9504d8d6,,pending,,,,5
img_00009834,images/img_00009834.jpg,02_deepfirearm,deepfirearm,661899dd8780e94260e0de0d0e2600b3eccb4a95e412bb7b47ce3be0efd7a7ea,,pending,,,,5
img_00009835,images/img_00009835.jpg,02_deepfirearm,deepfirearm,4a26f641cdd0c2ef48534c0e233c1aaf01791fbf184f303cf22fd9095ff68f54,,pending,,,,5
img_00009836,images/img_00009836.jpg,02_deepfirearm,deepfirearm,bdf0f384646aebf8dca5fa6340eb32c352cb11af0fcd96526482c28396b73d8e,,pending,,,,5
img_00009837,images/img_00009837.jpg,02_deepfirearm,deepfirearm,a35c62500a47611b11a7be7015aac600be53d038368c4c839bb84fbd924c94ca,,pending,,,,5
img_00009838,images/img_00009838.jpg,02_deepfirearm,deepfirearm,415d5fc7655d3775cd2f4c232cbdd96c62e22450a5be2b73890f99da68eff370,,pending,,,,5
img_00009839,images/img_00009839.jpg,02_deepfirearm,deepfirearm,a17cc1acd228145860a14bc787a5fd3b8b08752e3e72f666871fe7a85d91d080,,pending,,,,5
img_00009840,images/img_00009840.jpg,02_deepfirearm,deepfirearm,1c364e4deaebb7a8ae004a28d42525925693cf8bbb1ad31681706988b102e3b4,,pending,,,,5
img_00009841,images/img_00009841.jpg,02_deepfirearm,deepfirearm,325fcc1658c6da00e3717a7016503803d8c00c12d677641d9ff2f9ef99765699,,pending,,,,5
img_00009842,images/img_00009842.jpg,02_deepfirearm,deepfirearm,6fe0b45e96da40d43ebabfa2c98cbc7a960d77f5cec3c99e552e8295fc1206d5,,pending,,,,5
img_00009843,images/img_00009843.jpg,02_deepfirearm,deepfirearm,6b81dcc1da89d2805b6efa1f0b11f3d18d661d3c1e5f6c61365e6a7bac0a0222,,pending,,,,5
img_00009844,images/img_00009844.jpg,02_deepfirearm,deepfirearm,6501c40e3ac2c33e8d482569dd1e7497f2da1b6e2699a97ac07efdff6dc768af,,pending,,,,5
img_00009845,images/img_00009845.jpg,02_deepfirearm,deepfirearm,ff3c2f7f5a885495c433fe710c8e3d4d2213dcae9f96d87d485898999ac41228,,pending,,,,5
img_00009846,images/img_00009846.jpg,02_deepfirearm,deepfirearm,8c7522416975ea079c5d7a7121ee58d7f9feb1ce44b93fcc36ab01809449b9bd,,pending,,,,5
img_00009847,images/img_00009847.jpg,02_deepfirearm,deepfirearm,7feddd25f4a2ff7c1905e7689d0e2872241d9b509b4c2d51446d2f8dafc51dd4,,pending,,,,5
img_00009848,images/img_00009848.jpg,02_deepfirearm,deepfirearm,79669e15acb0a9955d77f9181dbc23256b241cf09d6fee9de473c4b83b6c58bc,,pending,,,,5
img_00009849,images/img_00009849.jpg,02_deepfirearm,deepfirearm,6bdcfe41703306ac232e0fdf43379e93b1f79ad8f6f10b9c1c7e6583db719f24,,pending,,,,5
img_00009850,images/img_00009850.jpg,02_deepfirearm,deepfirearm,62c1953ff6bd917e67241adf9b070867593c90502ddff04fc9c370e3c5db1e19,,pending,,,,5
img_00009851,images/img_00009851.jpg,02_deepfirearm,deepfirearm,37a2eb190773228a93025dc9aafa4442fd117d1dd82988aa16acc6493d56149a,,pending,,,,5
img_00009852,images/img_00009852.jpg,02_deepfirearm,deepfirearm,55d1de9ddd0991bca54ecb292006d3cf5b12cf381e991c76672924c39eb42da9,,pending,,,,5
img_00009853,images/img_00009853.jpg,02_deepfirearm,deepfirearm,88947dfe01c77bd640f2322ae64705f099da370745323c54ebbc57bfba80a736,,pending,,,,5
img_00009854,images/img_00009854.jpg,02_deepfirearm,deepfirearm,7bc5bc88acfbc2b823f4bb47ca88263359ba8b06907c1324a6e0cd940d9e3045,,pending,,,,5
img_00009855,images/img_00009855.jpg,02_deepfirearm,deepfirearm,a901181f101fc7b24e04798412dc2b2f42f8302ec75fb3f31e561ca3e2c673ef,,pending,,,,5
img_00009856,images/img_00009856.jpg,02_deepfirearm,deepfirearm,6a59be923967e087f993e2bf7f612115cb3b35d02717d7a4722fe27683704e69,,pending,,,,5
img_00009857,images/img_00009857.jpg,02_deepfirearm,deepfirearm,520fefb921f5223fadda119a3f1b411550d89ec90fccf41cd14c768ae36cc1bf,,pending,,,,5
img_00009858,images/img_00009858.jpg,02_deepfirearm,deepfirearm,814593d45f1c18f900d7ddb3cf24e7922470dc5ea44c3f734272ea89a671de14,,pending,,,,5
img_00009859,images/img_00009859.jpg,02_deepfirearm,deepfirearm,d3284215d3b693274eca8df205c355f5f6bd811033767ccc29bbbf09b43a8e05,,pending,,,,5
img_00009860,images/img_00009860.jpg,02_deepfirearm,deepfirearm,ce66382e591739ffb0b984dbb27c95025bc9baddb1f9d7d03538926290a3e76f,,pending,,,,5
img_00009861,images/img_00009861.jpg,02_deepfirearm,deepfirearm,db04487add10da3b4b252a59335297a45b2a912b44efc00f29fa38460a1ea4e3,,pending,,,,5
img_00009862,images/img_00009862.jpg,02_deepfirearm,deepfirearm,b77aa8bcd83a9545268fa90337fa947cbac9f3cf7bd980773eb264d0b6dda066,,pending,,,,5
img_00009863,images/img_00009863.jpg,02_deepfirearm,deepfirearm,58a8ba2fcf8b07763c59f6ddb047014076ddc4c3334ade9d3d3ebb4d5d53d947,,pending,,,,5
img_00009864,images/img_00009864.jpg,02_deepfirearm,deepfirearm,e5e542492402cb8b1eb8afbd181f5b12178343b5e06a431dca510397435db1d5,,pending,,,,5
img_00009865,images/img_00009865.jpg,02_deepfirearm,deepfirearm,9414827b734052ad045dc7223769ede42bfd316f68f673a0f9cc9e8ff0260226,,pending,,,,5
img_00009866,images/img_00009866.jpg,02_deepfirearm,deepfirearm,490bfdcfe28005a3b9723bdd78d2a32e134bf5c3d9dcc5864f336c818c906b98,,pending,,,,5
img_00009867,images/img_00009867.jpg,02_deepfirearm,deepfirearm,676d5b278a3012d776daa5aa52dea3c8b8a9326ce3183eb41172c9ffec3694dc,,pending,,,,5
img_00009868,images/img_00009868.jpg,02_deepfirearm,deepfirearm,df87b71f7879935056dd7b97a972a94771d338d2f189f60a63cbfdf80dbf1bb7,,pending,,,,5
img_00009869,images/img_00009869.jpg,02_deepfirearm,deepfirearm,c043215a684695141e8e380a51dd19c5e653d33a45a1c801f21ffedddf148751,,pending,,,,5
img_00009870,images/img_00009870.jpg,02_deepfirearm,deepfirearm,dc65d07bc250ce7bbf6e5acfcefecd2e3035224fd6493ade4b9dc07a411f5eac,,pending,,,,5
img_00009871,images/img_00009871.jpg,02_deepfirearm,deepfirearm,4ce467f0c4feb3898ac19e0da4be048420c03a20bd4a7969882e561110f57160,,pending,,,,5
img_00009872,images/img_00009872.jpg,02_deepfirearm,deepfirearm,da51b22f771e4c7e83ad5a95d2c09beda170c1de2e60c59604367270c3d96371,,pending,,,,5
img_00009873,images/img_00009873.jpg,02_deepfirearm,deepfirearm,89c1b747de45ddaa95f98015115971e8270cff93bc647972f48aae4c8dfadef1,,pending,,,,5
img_00009874,images/img_00009874.jpg,02_deepfirearm,deepfirearm,deeb73dee6ff5af8a158c05293d32052d92fc0190752ccf91ac414adb54817d1,,pending,,,,5
img_00009875,images/img_00009875.jpg,02_deepfirearm,deepfirearm,6feab53a144170f1381687860f8c72aedee7206e8437037b5b0abc25d34539aa,,pending,,,,5
img_00009876,images/img_00009876.jpg,02_deepfirearm,deepfirearm,d60b271e8dd2e3ccad42dd8f917e9ae3dab26f3dad0b26bc59e5b1d787a0118b,,pending,,,,5
img_00009877,images/img_00009877.jpg,02_deepfirearm,deepfirearm,ed904630280634587fc82f4964d1776ca47cb4a62c0a09995109ca10d5d7353f,,pending,,,,5
img_00009878,images/img_00009878.jpg,02_deepfirearm,deepfirearm,de81112d93e9e40eaaa6b6cd345234f783e8d3cfb9df4117a818034a1e073c24,,pending,,,,5
img_00009879,images/img_00009879.jpg,02_deepfirearm,deepfirearm,f25ee0727d6b0611b7f14c3253e380c424e1fcd12d464672ef039ebd05d2437b,,pending,,,,5
img_00009880,images/img_00009880.jpg,02_deepfirearm,deepfirearm,c2d612bac7005b4bfa70ef307bf6ad25f553fa2064496d3e77220a38d8f348f2,,pending,,,,5
img_00009881,images/img_00009881.jpg,02_deepfirearm,deepfirearm,4f34c59418b8cb6d1cf4b2818b29f88fb483617dcb761359a93bca3886edfcd7,,pending,,,,5
img_00009882,images/img_00009882.jpg,02_deepfirearm,deepfirearm,f03a3bca4a18600794052818957596ed0de5d77e97a3d81fbabcac2cb28b7d7a,,pending,,,,5
img_00009883,images/img_00009883.jpg,02_deepfirearm,deepfirearm,78806e8bcb5df88dd073e2312203537cb66567b32065e69ad471d731ec97baf2,,pending,,,,5
img_00009884,images/img_00009884.jpg,02_deepfirearm,deepfirearm,f96f678cd3e429efc77bd47d532b3ff43fc3328b1e5f1d53488cd455b7bc01a2,,pending,,,,5
img_00009885,images/img_00009885.jpg,02_deepfirearm,deepfirearm,841015cf90924034385577173f332b74b42b952376482193fc766a43cecab679,,pending,,,,5
img_00009886,images/img_00009886.jpg,02_deepfirearm,deepfirearm,f7f11ddeb580c38907b907b2d1d34a77e7fab9bb53b62f104ed854f60b5c8196,,pending,,,,5
img_00009887,images/img_00009887.jpg,02_deepfirearm,deepfirearm,aa8c21109c7f59b39ff3cf84a8eac50a7eb372b3dff9452fc88ec317c08a99bb,,pending,,,,5
img_00009888,images/img_00009888.jpg,02_deepfirearm,deepfirearm,676ee4bdbeb708492b3febd2b99ef9d3d50c111549163e970fbab8ed06edaf9d,,pending,,,,5
img_00009889,images/img_00009889.jpg,02_deepfirearm,deepfirearm,ee9a1a3fb5db6fee21d746c464ae75d751a7f7e6af40510484ed032b51e60ec2,,pending,,,,5
img_00009890,images/img_00009890.jpg,02_deepfirearm,deepfirearm,5f9be52da25f5dc0405d64d6bfd6e027bfec4150b0edb1b1e4f654a068d45c7b,,pending,,,,5
img_00009891,images/img_00009891.jpg,02_deepfirearm,deepfirearm,d881af1aded9b3145450d6fc0db989694a54a79d9706ef91df859a68bebc0b08,,pending,,,,5
img_00009892,images/img_00009892.jpg,02_deepfirearm,deepfirearm,a643fbee8097be0889789554b21c709cde152b63fb5362ad20169f23b812d4d1,,pending,,,,5
img_00009893,images/img_00009893.jpg,02_deepfirearm,deepfirearm,0b8d8932c55733c58182f86cdcf8d9c0c90a72b46f44be4aed68ff4501e79896,,pending,,,,5
img_00009894,images/img_00009894.jpg,02_deepfirearm,deepfirearm,8e20d3dd390cd7a4eb33d0d25207c2a0976eabe011aa628917aafc29bf70b989,,pending,,,,5
img_00009895,images/img_00009895.jpg,02_deepfirearm,deepfirearm,280d0c3b8230a7cbd4f1cc2f03024abcc37db0797fc37113d4e822408471dd45,,pending,,,,5
img_00009896,images/img_00009896.jpg,02_deepfirearm,deepfirearm,711cb4f60d0771e3b086f91f30967411e9740a7d7879fb30e1f737a18c55a1bd,,pending,,,,5
img_00009897,images/img_00009897.jpg,02_deepfirearm,deepfirearm,afa8e7dceba763a57440f32a686201236550cf0f9450aa41888be76cef98e594,,pending,,,,5
img_00009898,images/img_00009898.jpg,02_deepfirearm,deepfirearm,166f6c8203ac8ee74703672f027d3d9a0b8c4adea218e4374b0a621534cb4831,,pending,,,,5
img_00009899,images/img_00009899.jpg,02_deepfirearm,deepfirearm,ffa52d080cfa7118250ef0f6575fa234d72594032d2da5db1378bafc1a655c73,,pending,,,,5
img_00009900,images/img_00009900.jpg,02_deepfirearm,deepfirearm,69fcd892a412a3341882adfdb8968feda88a8413ae7bd2a8535e3386c331a66f,,pending,,,,5
img_00009901,images/img_00009901.jpg,02_deepfirearm,deepfirearm,5b68d70f05a6c2efbe3aa1d787652dd75b581d10e9faa4b662d404fca1780492,,pending,,,,5
img_00009902,images/img_00009902.jpg,02_deepfirearm,deepfirearm,ba4201e63393cdbdb2af5ebe15cb79f4495fc7c6e0eeb6d35808ea45b1b978aa,,pending,,,,5
img_00009903,images/img_00009903.jpg,02_deepfirearm,deepfirearm,2440eaf654cbc3280d057754a582b8642bc60aea19bfece6349f02eddc4eb538,,pending,,,,5
img_00009904,images/img_00009904.jpg,02_deepfirearm,deepfirearm,e8a281c13754cd72209e889c46d71fd2c9cb19cf7314073499b1968f164452ce,,pending,,,,5
img_00009905,images/img_00009905.jpg,02_deepfirearm,deepfirearm,45e4e29205cc194221f42cd2a5287bb21a6101137d40883dae763b34ad56c1b5,,pending,,,,5
img_00009906,images/img_00009906.jpg,02_deepfirearm,deepfirearm,00ebd0876e1433f5867e204caa6d181500d6b270f1b39e4a183a5a6947a5e007,,pending,,,,5
img_00009907,images/img_00009907.jpg,02_deepfirearm,deepfirearm,9be7c27ab5bc2fd8339fdb7fc5551adadf4e3dd1084275b6ea3742b880a96b32,,pending,,,,5
img_00009908,images/img_00009908.jpg,02_deepfirearm,deepfirearm,2529a64645141a7aa198dbd885de8aeb8bbd550ca6f46f96fa01d1f6184e5e10,,pending,,,,5
img_00009909,images/img_00009909.jpg,02_deepfirearm,deepfirearm,4621ff08b8a1d50748e2450bfdbea707c97ed71ab86c7ae299cff28b72568d6a,,pending,,,,5
img_00009910,images/img_00009910.jpg,02_deepfirearm,deepfirearm,e5480f6735a116c47f18234ec41b118fac08bdd68407c3e5798f4e130b8679c7,,pending,,,,5
img_00009911,images/img_00009911.jpg,02_deepfirearm,deepfirearm,e4f038fdf8cc8f8f24ad7f8da0757f9a6fd3522408d8aae4fe033a48017dbf8b,,pending,,,,5
img_00009912,images/img_00009912.jpg,02_deepfirearm,deepfirearm,566a323f0f20205d977d7d9ec77b62cb34b3f64f95665c742a8ae18447c1d9eb,,pending,,,,5
img_00009913,images/img_00009913.jpg,02_deepfirearm,deepfirearm,34f8a5616d859a42a50fbea47f58d9caff4d041316b1b6bf8cf60a1a103ab81f,,pending,,,,5
img_00009914,images/img_00009914.jpg,02_deepfirearm,deepfirearm,7fa2219f32595a65457b0fcf1fd947e8e8dc64bb07c087958f3821dbef1fff97,,pending,,,,5
img_00009915,images/img_00009915.jpg,02_deepfirearm,deepfirearm,542a9473920068b7ada4b607e528e593dfddac87728fc1417e4f5716851e6012,,pending,,,,5
img_00009916,images/img_00009916.jpg,02_deepfirearm,deepfirearm,5ed2166558244a3fc3d4be2bcda50a77aea7c8ada8b5d36975aff607d93b9f30,,pending,,,,5
img_00009917,images/img_00009917.jpg,02_deepfirearm,deepfirearm,13175f08e701c006739721dae8e33137d91b0047594fbc14ac0c91185df60498,,pending,,,,5
img_00009918,images/img_00009918.jpg,02_deepfirearm,deepfirearm,5726ccb2e7e0c3e68fa38f3195c23323f33221242f77274d01bd770165711622,,pending,,,,5
img_00009919,images/img_00009919.jpg,02_deepfirearm,deepfirearm,7e36e07b2fbfa5355e7c92abc920706c7ac8d111a11013c31b80b57cc830d9fb,,pending,,,,5
img_00009920,images/img_00009920.jpg,02_deepfirearm,deepfirearm,f97a569a31fe96977f6a1b33ebca9ec8368c49159e167551c4a7d440bc65c84a,,pending,,,,5
img_00009921,images/img_00009921.jpg,02_deepfirearm,deepfirearm,cdd7b23156f424da724631f703b1b440088e8c2afea4e2407279f8c9dee35e25,,pending,,,,5
img_00009922,images/img_00009922.jpg,02_deepfirearm,deepfirearm,8bec1653a9505931930028e37d0c59d65b240ff4adf8e7eec283261a0021da88,,pending,,,,5
img_00009923,images/img_00009923.jpg,02_deepfirearm,deepfirearm,18741d9b302ba23255547ed5e1c82832c2652dbd78bac7db8dfb3c790e708145,,pending,,,,5
img_00009924,images/img_00009924.jpg,02_deepfirearm,deepfirearm,b65ff526144fec4060159cd58f8ffd1c7bc20f0f7689f4206709ea5364dd11ad,,pending,,,,5
img_00009925,images/img_00009925.jpg,02_deepfirearm,deepfirearm,8a71ff6ff41245a6e71e26db5887c253c17f953c289ef5e387304ce62124ce6f,,pending,,,,5
img_00009926,images/img_00009926.jpg,02_deepfirearm,deepfirearm,0d6134e9b2641690fe724b658312ccb0c6e0627f05b5dfd986fb60d896cec91c,,pending,,,,5
img_00009927,images/img_00009927.jpg,02_deepfirearm,deepfirearm,cb352f4f2e5f0e693528552d29179e80f999f3d0a8d064e78a2d56389ac9b705,,pending,,,,5
img_00009928,images/img_00009928.jpg,02_deepfirearm,deepfirearm,1eeefed7cfd6d17173f12853061b46ab80597dfd5ac10b6a91cc46fe4bb4adaf,,pending,,,,5
img_00009929,images/img_00009929.jpg,02_deepfirearm,deepfirearm,d5d8b53457f262f5ca926e29bbcb6a2df9c97f28744c88ed295c5f4f9d92cf9f,,pending,,,,5
img_00009930,images/img_00009930.jpg,02_deepfirearm,deepfirearm,d9010b133f5d383b01687889db370df9f3325b08c15a68d1dc74c08c9e9b5cc7,,pending,,,,5
img_00009931,images/img_00009931.jpg,02_deepfirearm,deepfirearm,e22141e845856babe80dc77542444f6650ccc9b3ce27a90f3c0238086bc34c8d,,pending,,,,5
img_00009932,images/img_00009932.jpg,02_deepfirearm,deepfirearm,f6a804af80be813f772abdf5be879033681d6c327594a07ad0b43306d6528bdc,,pending,,,,5
img_00009933,images/img_00009933.jpg,02_deepfirearm,deepfirearm,eaf8480399b2df72094836ca493379c791b02bffee57f0c8bf1e5bffbca541d7,,pending,,,,5
img_00009934,images/img_00009934.jpg,02_deepfirearm,deepfirearm,8d2d5977305b2a32a4c1dd3f20ab75ef5c9648fb793d1eefd37978dc56944253,,pending,,,,5
img_00009935,images/img_00009935.jpg,02_deepfirearm,deepfirearm,1f4f460b87a0b8f2cbbb51a6ce6a1a7c73ef2e38fc0507d1c423a4f216b334a2,,pending,,,,5
img_00009936,images/img_00009936.jpg,02_deepfirearm,deepfirearm,f6c5978252afdb9d78adb11cff57099c64a3cc1366780420d570f97837ee27bd,,pending,,,,5
img_00009937,images/img_00009937.jpg,02_deepfirearm,deepfirearm,cd1d370635c307e74e696963e0005772f598e467981d122083d17b1a060d3237,,pending,,,,5
img_00009938,images/img_00009938.jpg,02_deepfirearm,deepfirearm,01e4e804a026059153ce450c96cf0733dd7e7401f4ed5af0877f1b73aa1d5183,,pending,,,,5
img_00009939,images/img_00009939.jpg,02_deepfirearm,deepfirearm,c344ece7cd4052ccef9f51ad489367a26f7391ff2d495288aeec83ae666e8b63,,pending,,,,5
img_00009940,images/img_00009940.jpg,02_deepfirearm,deepfirearm,fc7fb4c3ff95f62e6e0282e48fce922ef43cdb921eb7f911077db637bee14a0c,,pending,,,,5
img_00009941,images/img_00009941.jpg,02_deepfirearm,deepfirearm,e6310a00655a8556ad4ef18926b7adc1d08384b5d542df97de015c50429e4ac8,,pending,,,,5
img_00009942,images/img_00009942.jpg,02_deepfirearm,deepfirearm,19266388df89daf5720ea49388346fc4fa54084b6fce765cd6cfc398b862a920,,pending,,,,5
img_00009943,images/img_00009943.jpg,02_deepfirearm,deepfirearm,1a7ec6630d2660ff5aea443a714e8d3e15c8f1e581a15e981a84f07a7ef9672d,,pending,,,,5
img_00009944,images/img_00009944.jpg,02_deepfirearm,deepfirearm,931e3e9059a24ef611d0f31141964f4d0e4620f9eb34b6ddb2c3bf6203e6de19,,pending,,,,5
img_00009945,images/img_00009945.jpg,02_deepfirearm,deepfirearm,1e39ba0e7044a4a2e52fb071b295e4da3755915501df0fad2343beed464af903,,pending,,,,5
img_00009946,images/img_00009946.jpg,02_deepfirearm,deepfirearm,d829b9b509ab80465efc5590f2f97b5baa1d0a1d81f18a7f1e46034ae984d2d3,,pending,,,,5
img_00009947,images/img_00009947.jpg,02_deepfirearm,deepfirearm,7800888842254d2a35eebe81c05abddc20c782a08a1f1b05558b4c34686adb8e,,pending,,,,5
img_00009948,images/img_00009948.jpg,02_deepfirearm,deepfirearm,116eea1f5391d8575ddc22e9d412b38cc2cb2d92257823d436bd2f83fe02fea2,,pending,,,,5
img_00009949,images/img_00009949.jpg,02_deepfirearm,deepfirearm,6c6f3a48abf1b89ba8a355f592fd83ab73f04ac0e31b74e73d8deb4e0b489961,,pending,,,,5
img_00009950,images/img_00009950.jpg,02_deepfirearm,deepfirearm,7d15acc6b52f1e8b8db71673a933488c2eaf6e0509fc5fc44ababd38e8bccf60,,pending,,,,5
img_00009951,images/img_00009951.jpg,02_deepfirearm,deepfirearm,2979d1554c8929d3a59e0d7c5e7bc079032e4cf002c879c1713ea26673df786c,,pending,,,,5
img_00009952,images/img_00009952.jpg,02_deepfirearm,deepfirearm,a5f2b7c0be81c3eb010c1231c2aa68aef4b607dc14fb915b1973beddd96e1145,,pending,,,,5
img_00009953,images/img_00009953.jpg,02_deepfirearm,deepfirearm,19583946b7ad201720e974f00a08eedfd5a6acf7b107418a0f32838029d07e4e,,pending,,,,5
img_00009954,images/img_00009954.jpg,02_deepfirearm,deepfirearm,ac34768dea1feddaf4af4838c6f7166f36c3102aebbd534c2e8bc135b902056a,,pending,,,,5
img_00009955,images/img_00009955.jpg,02_deepfirearm,deepfirearm,8e9af82f7f0b6c4d9145dcc06cc0705b236a7088e3c0b112afb78b92b416983c,,pending,,,,5
img_00009956,images/img_00009956.jpg,02_deepfirearm,deepfirearm,3368ef490dd1c76d1467dbd52a0ea7b57f94aba774e4d95c51581107e52765e6,,pending,,,,5
img_00009957,images/img_00009957.jpg,02_deepfirearm,deepfirearm,26d3c6333b861e766076f904aa498014056819afcb4914ad4ca31080833bdcd5,,pending,,,,5
img_00009958,images/img_00009958.jpg,02_deepfirearm,deepfirearm,24ca0ac4ccee293a67bd6e63ad265a53496977d499ce87d287bc32ccd6be6fd4,,pending,,,,5
img_00009959,images/img_00009959.jpg,02_deepfirearm,deepfirearm,a7c9e3eb8bc1d55b9a824462b75e860abe282a230805f002fcc20f1d11d1ab0b,,pending,,,,5
img_00009960,images/img_00009960.jpg,02_deepfirearm,deepfirearm,7f734e862751cdfebcdbd0aee526e49606a61085958e372599e45001647af5ba,,pending,,,,5
img_00009961,images/img_00009961.jpg,02_deepfirearm,deepfirearm,6b6bfa18b231dfb0234d9717472fae793aca785ad4a426ac545c0e0f7b297210,,pending,,,,5
img_00009962,images/img_00009962.jpg,02_deepfirearm,deepfirearm,b60397f2d7e4c72651cd788c895e811a71bd19de7a1b6661fc5d7c1cd490d33c,,pending,,,,5
img_00009963,images/img_00009963.jpg,02_deepfirearm,deepfirearm,7bebd52b63243b4ac65d82e901e611fbfb0602028b9a050b75d9bd6963beb74a,,pending,,,,5
img_00009964,images/img_00009964.jpg,02_deepfirearm,deepfirearm,0b16a7128487aa896cc4eca5cfb63259af7a5ccaadf3ebca76c06bb36eab247c,,pending,,,,5
img_00009965,images/img_00009965.jpg,02_deepfirearm,deepfirearm,4f5a54fbe40d7afe6893e474fcd6b7a69a5bb58a4dcb6ef65642bf868edcb3ce,,pending,,,,5
img_00009966,images/img_00009966.jpg,02_deepfirearm,deepfirearm,b9ace35fa6794a8420cd3d21296afe74cb91c1c417c31fe5f1eba39b094226a1,,pending,,,,5
img_00009967,images/img_00009967.jpg,02_deepfirearm,deepfirearm,7d4739d13fa5c55e05efdf33c671b3cf8b0d68e2ccf118900b9287ee1422da93,,pending,,,,5
img_00009968,images/img_00009968.jpg,02_deepfirearm,deepfirearm,882ba8612ac6a50c1664b8579d9b5ff9e4a1a21a91b1933536a6a15bedbb4139,,pending,,,,5
img_00009969,images/img_00009969.jpg,02_deepfirearm,deepfirearm,6e3a29fd76454bd6100283b3fd12c39481f2764d5832e0b987aa34aa73bff13a,,pending,,,,5
img_00009970,images/img_00009970.jpg,02_deepfirearm,deepfirearm,76dfe611127c30137a14d805013a6109b4d708fe28617d98897897b45e1af047,,pending,,,,5
img_00009971,images/img_00009971.jpg,02_deepfirearm,deepfirearm,d70b05c25f5530376c4bb180672de06bc5f8b72d740269b96e01f917b6bcb750,,pending,,,,5
img_00009972,images/img_00009972.jpg,02_deepfirearm,deepfirearm,ebe762db7bb56c9238f912898aa5d78c9cf236d32d584ce6ca59a4b486d44843,,pending,,,,5
img_00009973,images/img_00009973.jpg,02_deepfirearm,deepfirearm,ba176e5f29ef7c8c3e53a9a31fbebdb2a166962c94412aaeb29ff5c76d7e226e,,pending,,,,5
img_00009974,images/img_00009974.jpg,02_deepfirearm,deepfirearm,1a2b2d3e2a706b244e076c15f17df1da7f032367a25b140dbe53eba86c0901a6,,pending,,,,5
img_00009975,images/img_00009975.jpg,02_deepfirearm,deepfirearm,ababa2c535ab49bd7e549e21bf7f7b69ce3fe331dfb1bd9550f6cfc10bccae8b,,pending,,,,5
img_00009976,images/img_00009976.jpg,02_deepfirearm,deepfirearm,c7f4688a14f23501466759e3f886a4a71c2e3db4d5013ef0aa0eb651733e4f40,,pending,,,,5
img_00009977,images/img_00009977.jpg,02_deepfirearm,deepfirearm,7a7c24d7a318a2ebc4ba1c0ed75333cdfb7103820f1675bfbd9f204280627fb5,,pending,,,,5
img_00009978,images/img_00009978.jpg,02_deepfirearm,deepfirearm,e46477f8b336138db1f70e33b86736c1b379ca55291742474e54a312ac826558,,pending,,,,5
img_00009979,images/img_00009979.jpg,02_deepfirearm,deepfirearm,b66aa60402c3d0336f9fc22a07075999f82d361f8f034a4b3bf674b317eb38f3,,pending,,,,5
img_00009980,images/img_00009980.jpg,02_deepfirearm,deepfirearm,091acdadfb2282a7738ecc6eceb8989130c5c497e205656583e532ce5f66123f,,pending,,,,5
img_00009981,images/img_00009981.jpg,02_deepfirearm,deepfirearm,c7e314609cbbd581d6281a5e2a78b36db2617bc981cb7f94fe76f23e798f86e1,,pending,,,,5
img_00009982,images/img_00009982.jpg,02_deepfirearm,deepfirearm,396be5158b19ef0ad7af09e952fdd6b9d255bf7db79ee91c25172b55c9a2ee34,,pending,,,,5
img_00009983,images/img_00009983.jpg,02_deepfirearm,deepfirearm,59bd698c479ee65ea4718f2f13b059d454303afca93be693507a65dd7b760e31,,pending,,,,5
img_00009984,images/img_00009984.jpg,02_deepfirearm,deepfirearm,27a70bca567ee220b4f316397dcaa5708baf8aa77a7917cc42bfc52f5c4d40f5,,pending,,,,5
img_00009985,images/img_00009985.jpg,02_deepfirearm,deepfirearm,750eef5ee00a83ca8246f43ce61ac3161d35cc9be3b50a5e602761f121f1ccf8,,pending,,,,5
img_00009986,images/img_00009986.jpg,02_deepfirearm,deepfirearm,edee516d31796486db8ea2603979a378a121fd5585387619a7f474cb2784662d,,pending,,,,5
img_00009987,images/img_00009987.jpg,02_deepfirearm,deepfirearm,dd063d2a4c3992580eee5d6d2a2bd239f39fc15ce78bb49d81f13631dff5523a,,pending,,,,5
img_00009988,images/img_00009988.jpg,02_deepfirearm,deepfirearm,9c9bab022f71b007c58c589a1f6f559477630a2b22457362ca86b31f5784347d,,pending,,,,5
img_00009989,images/img_00009989.jpg,02_deepfirearm,deepfirearm,e9f9fd4ab451655117c7784f0eeaf06fecb4003e6eafea99c751156d87e13cf1,,pending,,,,5
img_00009990,images/img_00009990.jpg,02_deepfirearm,deepfirearm,e9766d7bcd18f10cde990d9aee651d79dba02b11cdcde99b722a7d63ed8cebec,,pending,,,,5
img_00009991,images/img_00009991.jpg,02_deepfirearm,deepfirearm,82d242f64d279faa5e827a1b65421111f2368ffd89801e65721dd8be67eb4250,,pending,,,,5
img_00009992,images/img_00009992.jpg,02_deepfirearm,deepfirearm,ba8dbabadbb282e5376ab0bdc6698089607ffe866b6a2a815bc0b4ee693e6845,,pending,,,,5
img_00009993,images/img_00009993.jpg,02_deepfirearm,deepfirearm,1af0e3277c76ccbe2463a1b640028a868cee17143b39437bde6817da0fa51c44,,pending,,,,5
img_00009994,images/img_00009994.jpg,02_deepfirearm,deepfirearm,2472a096623772d4a5cec88ad1245b3145f0d1fd165022fd7ba75ed599c39add,,pending,,,,5
img_00009995,images/img_00009995.jpg,02_deepfirearm,deepfirearm,86af831600e6d5d21e027927b56e171ee4322beaab3bf3bda567d69d3610de8d,,pending,,,,5
img_00009996,images/img_00009996.jpg,02_deepfirearm,deepfirearm,1cd65633df86fbc3ff5147b050d76d099f702af7d5fcbd3554f1bcf77953ae4e,,pending,,,,5
img_00009997,images/img_00009997.jpg,02_deepfirearm,deepfirearm,61a4c6a55599f457651044ab664f65503ef06b8e4adfcfe703f17108c6a20583,,pending,,,,5
img_00009998,images/img_00009998.jpg,02_deepfirearm,deepfirearm,0f0c92746d5b3f7a0b40bfb7eb9a7ec96cdf8700d0110a18ab21bccaf036cd2d,,pending,,,,5
img_00009999,images/img_00009999.jpg,02_deepfirearm,deepfirearm,99c9f4b08dc4ba6349dad436526a11461379a26c4f34df047572c03b2bd8811f,,pending,,,,5
img_00010000,images/img_00010000.jpg,02_deepfirearm,deepfirearm,f31df34b72cee072576321207593228026df47fdb2e3adcfcb78c8e2d965ed61,,pending,,,,5
img_00010001,images/img_00010001.jpg,02_deepfirearm,deepfirearm,d326f64cff80acbf08b03f2a1b8a15b179fdd6f4b925567021426e59b6640d40,,pending,,,,5
img_00010002,images/img_00010002.jpg,02_deepfirearm,deepfirearm,b3a52e62a6564918639ebdbbb84de3c596a4a0e33681d26f4e45bcec7486eb96,,pending,,,,5
img_00010003,images/img_00010003.jpg,02_deepfirearm,deepfirearm,a369a60d54a307d27c0f4f9a3b04bd9474ab66b91a757e64746e2f6c01813fdd,,pending,,,,5
img_00010004,images/img_00010004.jpg,02_deepfirearm,deepfirearm,7365de5bace661b1285a3cdd0b179ca6c42f482e4f2f23c2c8fb85eaf3c25d46,,pending,,,,5
img_00010005,images/img_00010005.jpg,02_deepfirearm,deepfirearm,26609c064635889a0317059eea67ed5e559f851c63c60a1af977ee2f9be21d72,,pending,,,,5
img_00010006,images/img_00010006.jpg,02_deepfirearm,deepfirearm,f736fd17bc9a08032ccb27975f965da2fd58fbb1d37f78f74f56fa32e9f4f764,,pending,,,,5
img_00010007,images/img_00010007.jpg,02_deepfirearm,deepfirearm,1a21f24231c8ddf9d8233122e7404575f4e5a9964e4f5be562afbef143bb76d1,,pending,,,,5
img_00010008,images/img_00010008.jpg,02_deepfirearm,deepfirearm,a6f5f54bc7826dc296a7f1ddf75a246db71cb719ba714a224d3ac769fe489994,,pending,,,,5
img_00010009,images/img_00010009.jpg,02_deepfirearm,deepfirearm,2cd18b1d36c975c20bda44304f9c311c7049c17ff41b180f69314e001ddd7b5b,,pending,,,,5
img_00010010,images/img_00010010.jpg,02_deepfirearm,deepfirearm,201d710e72aa027e939c673501ddacf7fb5e689fe9b09978d841addc8cad109a,,pending,,,,5
img_00010011,images/img_00010011.jpg,02_deepfirearm,deepfirearm,b226777b65ffcdda9fb76278b4a067051ddb099cfe774f1287f1f794c8c44f54,,pending,,,,5
img_00010012,images/img_00010012.jpg,02_deepfirearm,deepfirearm,8aaed486e211895d2eab628ed26ede0f0c57b3776fee4baa86fffbdb409de91a,,pending,,,,5
img_00010013,images/img_00010013.jpg,02_deepfirearm,deepfirearm,0f31e2d9af36023021cb655cc9a530c67174ba06d73ffc8ce9a843a7309015ca,,pending,,,,5
img_00010014,images/img_00010014.jpg,02_deepfirearm,deepfirearm,38799046dea40f3d657d67c53ce8cd8b2e42eb8e7146a473881ea968823e12a1,,pending,,,,5
img_00010015,images/img_00010015.jpg,02_deepfirearm,deepfirearm,5bebe5acf1814f1d7c2c9654f68b5b447d0e1e830fed754e644b42b311a7a647,,pending,,,,5
img_00010016,images/img_00010016.jpg,02_deepfirearm,deepfirearm,ce45e7eea6a944ab67db2aee1b7e606966888dd9aef01559df0436b48542b9da,,pending,,,,5
img_00010017,images/img_00010017.jpg,02_deepfirearm,deepfirearm,e192c6479e5ce5528082ab6a07fdc0d1fff147fa21770e07b536835cdbc73e65,,pending,,,,5
img_00010018,images/img_00010018.jpg,02_deepfirearm,deepfirearm,3c204bc986814ce67a02bb7d5e099fe00d7d4c1f0f27c902a73f97523b228d6d,,pending,,,,5
img_00010019,images/img_00010019.jpg,02_deepfirearm,deepfirearm,24abce8cf8d3c93931df340f50f9dd3ae37a87e65c1bbe932db628158798e160,,pending,,,,5
img_00010020,images/img_00010020.jpg,02_deepfirearm,deepfirearm,2bbdff18d1adffa49d166242ec21c0a74efa0a6e12081da1d3f8399306c5bc20,,pending,,,,5
img_00010021,images/img_00010021.jpg,02_deepfirearm,deepfirearm,29fff74b380ad221ea5a360b1ed415037776e3958bec736bbafe3de366844512,,pending,,,,5
img_00010022,images/img_00010022.jpg,02_deepfirearm,deepfirearm,43af715baaccc2d32341302e9fd46e7b0e25c6a643894c77bc2d40aeb1d40477,,pending,,,,5
img_00010023,images/img_00010023.jpg,02_deepfirearm,deepfirearm,5b0e3215eb1b33c8aead7cf1def34ef7c217ed0ad4b2f2b0f2cddd8e86da2d7e,,pending,,,,5
img_00010024,images/img_00010024.jpg,02_deepfirearm,deepfirearm,708845f72067bfc64872f9111c108eb5fe57532da6fa41b152c8ff4b86c7dac8,,pending,,,,5
img_00010025,images/img_00010025.jpg,02_deepfirearm,deepfirearm,d4883fe5e6ef8ec64b22bfb87ab498ddd11f35f9d03ddc68a1cdbc828fd6eb93,,pending,,,,5
img_00010026,images/img_00010026.jpg,02_deepfirearm,deepfirearm,875f764ba54cf6223582422d08285246abc25dfd23b96471d9356fe725938741,,pending,,,,5
img_00010027,images/img_00010027.jpg,02_deepfirearm,deepfirearm,7b2a8cf57fb2b88dfe65b83a578c8a9854679a74972b2d2c07dbbe6467e30e93,,pending,,,,5
img_00010028,images/img_00010028.jpg,02_deepfirearm,deepfirearm,5cad0ab6407a36928d9c4e1c3a464432df101b39d5ead0eeb01e4b6fe4d65a43,,pending,,,,5
img_00010029,images/img_00010029.jpg,02_deepfirearm,deepfirearm,8f61dee880ce47cb81db73e1bc713f9eb22b94224d0f19b2b777cabc13748248,,pending,,,,5
img_00010030,images/img_00010030.jpg,02_deepfirearm,deepfirearm,42fa07d72fa50260ca330cc3d5e479986a70b35dcd75dac1c78b835972067627,,pending,,,,5
img_00010031,images/img_00010031.jpg,02_deepfirearm,deepfirearm,280501c4d3dc6069f7bdee19ea6d49badfe6b24c127a6b86d83cc09574b9da83,,pending,,,,5
img_00010032,images/img_00010032.jpg,02_deepfirearm,deepfirearm,f43240eeca61c197d3a94160802a87f7d89c45a5e06a1b1498d47b9f47e5cf06,,pending,,,,5
img_00010033,images/img_00010033.jpg,02_deepfirearm,deepfirearm,1ff9e0fbbaaa1321d460e2478632bb63dd68108fff619872c1fed04bbaf6c098,,pending,,,,5
img_00010034,images/img_00010034.jpg,02_deepfirearm,deepfirearm,16c958bef4994a0e14b2f5fc80bb4b1fe72c56f99badd5a5426c42876167c61e,,pending,,,,5
img_00010035,images/img_00010035.jpg,02_deepfirearm,deepfirearm,77efb611edfa212f7cd1663523a66f1f662aa06fef1db929b3dd114b69f90026,,pending,,,,5
img_00010036,images/img_00010036.jpg,02_deepfirearm,deepfirearm,a741bdf70036b895eebb651605f0cf1c08b9c5161610c5540cb334dcde9d79e0,,pending,,,,5
img_00010037,images/img_00010037.jpg,02_deepfirearm,deepfirearm,86ea3583efb367237b6abb1a8b68b76778c3973ab4603146c3cebc8aa0336937,,pending,,,,5
img_00010038,images/img_00010038.jpg,02_deepfirearm,deepfirearm,789bfb63785ab05d1437ca6e26f7dccd1ae2743efd53aa5dd7b1bf2fb09304d4,,pending,,,,5
img_00010039,images/img_00010039.jpg,02_deepfirearm,deepfirearm,4418a7f33d963908c5d5b2b1b2b92312f29554e7424840b30b4ea333d31b64d6,,pending,,,,5
img_00010040,images/img_00010040.jpg,02_deepfirearm,deepfirearm,bc4c22dd8ed2fd0c19d3d31c37346d3f6316ba1ae1a70200ba7bbece0759720e,,pending,,,,5
img_00010041,images/img_00010041.jpg,02_deepfirearm,deepfirearm,f942ae3c1831a0d8b632463a3089feb294598d09f16e89b94082d2a8fa6d953c,,pending,,,,5
img_00010042,images/img_00010042.jpg,02_deepfirearm,deepfirearm,8987832b665d2bd0087e972e8dae773a799ab4d4b31e4012b3a58f1c7c6cb731,,pending,,,,5
img_00010043,images/img_00010043.jpg,02_deepfirearm,deepfirearm,ccf692f9dfc674cd5097af8902ddf545448dccb8a5977009f5f3793f9f60d93e,,pending,,,,5
img_00010044,images/img_00010044.jpg,02_deepfirearm,deepfirearm,b7f1f5333b6bde3673e2087ac0e7ee8b1d7062a7abee8cfbfc86069e4b4662ca,,pending,,,,5
img_00010045,images/img_00010045.jpg,02_deepfirearm,deepfirearm,e247d7dbe459120e29057451260f4534a0f6ff45071d6faf555da7e3d0c6dab5,,pending,,,,5
img_00010046,images/img_00010046.jpg,02_deepfirearm,deepfirearm,03a58f9b45777ada556386f33e22b82f85b30b86f9038b56513f188b55011214,,pending,,,,5
img_00010047,images/img_00010047.jpg,02_deepfirearm,deepfirearm,e46e2e1919b99290d50121e71797279a927288a0925b9e8fa27a2158c3cbc457,,pending,,,,5
img_00010048,images/img_00010048.jpg,02_deepfirearm,deepfirearm,92f069be9fcfc3ade3b5ee6175911ea054bcc13cff17a35fa1617093f9f28eb0,,pending,,,,5
img_00010049,images/img_00010049.jpg,02_deepfirearm,deepfirearm,a630c65e2ba3129c74f4825484b383619869fb3cc035f9156ab704af2bc956cd,,pending,,,,5
img_00010050,images/img_00010050.jpg,02_deepfirearm,deepfirearm,b74feb8bffe2b96fd00c403c8ea58c458d1ca264c02d5f61e96d3a36198d92f7,,pending,,,,5
img_00010051,images/img_00010051.jpg,02_deepfirearm,deepfirearm,478e4bc2fc18f5b168c3a7f86c346433c68c1c862133af8a9d9b42b889d05eed,,pending,,,,5
img_00010052,images/img_00010052.jpg,02_deepfirearm,deepfirearm,3b0f99d72679efa83705b2853923055b82ae122560117fab2134e80f28b16661,,pending,,,,5
img_00010053,images/img_00010053.jpg,02_deepfirearm,deepfirearm,7d051fb9ad458c42e49191e5f3a34756f7d9dd0b580bc3fe7172bc39894dacc9,,pending,,,,5
img_00010054,images/img_00010054.jpg,02_deepfirearm,deepfirearm,484f93d8cdb4b0a562a27bfea71d3d535f59930952c9c11768e879ccd0a58e82,,pending,,,,5
img_00010055,images/img_00010055.jpg,02_deepfirearm,deepfirearm,f48f00872653da08cb922e12410c1ba0aaad5ec897f300e6c1c8d461aba6d25c,,pending,,,,5
img_00010056,images/img_00010056.jpg,02_deepfirearm,deepfirearm,a77a53c90f8c6836694d0d89cbe0f45ae744a3529a21328edac1670ee123097f,,pending,,,,5
img_00010057,images/img_00010057.jpg,02_deepfirearm,deepfirearm,f53d3b7c1dc35ad0f485aba31945ba33c735d5962f63bfa5e174c5c751ce8829,,pending,,,,5
img_00010058,images/img_00010058.jpg,02_deepfirearm,deepfirearm,1b113d8107a756877ca20e55d6f8319601510137fabf72b87a9384079ecce68b,,pending,,,,5
img_00010059,images/img_00010059.jpg,02_deepfirearm,deepfirearm,243a0e6ec9910bcef938da34c0b6db2510898032a247f4447f02d0382e3aac8d,,pending,,,,5
img_00010060,images/img_00010060.jpg,02_deepfirearm,deepfirearm,6aa0ffcf38dccffbd4cd9967a7f75aa0dcba518921344807a9e65748f562fa49,,pending,,,,5
img_00010061,images/img_00010061.jpg,02_deepfirearm,deepfirearm,5bf3e7aebd1ef3c32fd83cc1405d5e6f07cc0a27403beec417ac405b1affc813,,pending,,,,5
img_00010062,images/img_00010062.jpg,02_deepfirearm,deepfirearm,c859785c2af75c904b5d4afc09f2cd4e7a6cec39c2d68e2c97d8f2d4dfc0d347,,pending,,,,5
img_00010063,images/img_00010063.jpg,02_deepfirearm,deepfirearm,d79d8144956f1f65141805746cbec7dcde2adb96e1c135b276a14b9e4d1c3e3f,,pending,,,,5
img_00010064,images/img_00010064.jpg,02_deepfirearm,deepfirearm,bfcbd95a122f58ad274f3a891418fb8db847d928fa9d768497243d88e6228a47,,pending,,,,5
img_00010065,images/img_00010065.jpg,02_deepfirearm,deepfirearm,c903b9ac5c5af6160915c8de882892487f257059d9393b4f4d67fd2fa6551795,,pending,,,,5
img_00010066,images/img_00010066.jpg,02_deepfirearm,deepfirearm,10b1d98b0cad28a31eff5776af6bf776390887071f4532cc2aababacc67acf4a,,pending,,,,5
img_00010067,images/img_00010067.jpg,02_deepfirearm,deepfirearm,42c2f54da072cf3c01327c9dcace9791d0412ecc2fc2267e2020152530eaeace,,pending,,,,5
img_00010068,images/img_00010068.jpg,02_deepfirearm,deepfirearm,33325ace569602e94f98837a16280437ea0a420f5e5649adac5e8330c1db39a7,,pending,,,,5
img_00010069,images/img_00010069.jpg,02_deepfirearm,deepfirearm,979925b5ba0e32f2edd7fc70f98a3451ab497d11a5bad022a7c9709fc5145663,,pending,,,,5
img_00010070,images/img_00010070.jpg,02_deepfirearm,deepfirearm,79682c02b8f9073a69ec9500c36dea548fa5c7e11f603125bbe688043bd7d24e,,pending,,,,5
img_00010071,images/img_00010071.jpg,02_deepfirearm,deepfirearm,ef45560c0d6703270172f1be7be107ab1522e956fe78ca88cb38243f48428030,,pending,,,,5
img_00010072,images/img_00010072.jpg,02_deepfirearm,deepfirearm,68ad85a52d445d5896937736766c76a9410d39a98c5719a334080cfd662f790f,,pending,,,,5
img_00010073,images/img_00010073.jpg,02_deepfirearm,deepfirearm,812ac06018239f4c4535fa827c83781a3e0db2a39bfb8cd91bc6e9a66ddb8b78,,pending,,,,5
img_00010074,images/img_00010074.jpg,02_deepfirearm,deepfirearm,8fd8d9f91071f7108b38ba58396d380861c7bd30322baace16071055130a60bd,,pending,,,,5
img_00010075,images/img_00010075.jpg,02_deepfirearm,deepfirearm,7deecca124945b1f83761672f1ce067137dce342483200cc662a5a34e4f42565,,pending,,,,5
img_00010076,images/img_00010076.jpg,02_deepfirearm,deepfirearm,09fc55e9b812cd4e3fa0fd0d003d4a785bb3a93adb0936eb43865ac0e32d70ed,,pending,,,,5
img_00010077,images/img_00010077.jpg,02_deepfirearm,deepfirearm,ccd2b94ae670838be907d3097620754851e98fcc67db10a732c623e3fa556e53,,pending,,,,5
img_00010078,images/img_00010078.jpg,02_deepfirearm,deepfirearm,77da7b900e45019c7b50e670c7b410be787efb8d48b38dfcd6294d672d19f21d,,pending,,,,5
img_00010079,images/img_00010079.jpg,02_deepfirearm,deepfirearm,f12b205ee1136989d98f22ac6ee263458578637622d963b9bf8ac2aa2a21f48c,,pending,,,,5
img_00010080,images/img_00010080.jpg,02_deepfirearm,deepfirearm,b5545dff18293761b9f6d1f9f470c2f08ebcfd22760c186698e8ebdbee016089,,pending,,,,5
img_00010081,images/img_00010081.jpg,02_deepfirearm,deepfirearm,1dfb2cec04520f249e1a8a24c76094b0bfaf87c2bc7e00f5e0549baf90751696,,pending,,,,5
img_00010082,images/img_00010082.jpg,02_deepfirearm,deepfirearm,8e33ec907be1f4ada18cdd21fcf29c677721bf03de651e8a4bc715b4d5737614,,pending,,,,5
img_00010083,images/img_00010083.jpg,02_deepfirearm,deepfirearm,3af65149f5b8977f12dc50593d09522c2f78bc0dcb2e8ba18235e30cf65735cb,,pending,,,,5
img_00010084,images/img_00010084.jpg,02_deepfirearm,deepfirearm,76086f9fe2da1367546ee57b91bdc1a015542c6073e32b9effff3f51619ba5f7,,pending,,,,5
img_00010085,images/img_00010085.jpg,02_deepfirearm,deepfirearm,b9423c49f5dc0e4797d1d1e6873393baf09e979bab88064fb5a8b112c09d3c59,,pending,,,,5
img_00010086,images/img_00010086.jpg,02_deepfirearm,deepfirearm,36c6d409d584e3aac903198ea26be67ee6c3a7e980fd3eb184688f57f2e28c97,,pending,,,,5
img_00010087,images/img_00010087.jpg,02_deepfirearm,deepfirearm,1988fc850e3f6998638a2e3b33a4441e44f1e5863abf1d260c62b4c9353c774a,,pending,,,,5
img_00010088,images/img_00010088.jpg,02_deepfirearm,deepfirearm,6369bb0d6ff41b0561d8ee66820f437be01e5180c63e4a21c5542df25ef3c3fb,,pending,,,,5
img_00010089,images/img_00010089.jpg,02_deepfirearm,deepfirearm,a4dfd60034f3a528976b7d1dfe4d65f60e35c3db881b175083d3f29bb78084ef,,pending,,,,5
img_00010090,images/img_00010090.jpg,02_deepfirearm,deepfirearm,763d184436546c062cb7ebeb73c8fc89f2c0d347544c45d6333d62e71c8a007a,,pending,,,,5
img_00010091,images/img_00010091.jpg,02_deepfirearm,deepfirearm,6d17b7f62ee6690de7bb2451c18b0159a49f69fd19c3ed8cc8be4415e6bb9a5b,,pending,,,,5
img_00010092,images/img_00010092.jpg,02_deepfirearm,deepfirearm,faf1503f3e6e96596fa718d0f007dbdf63c0b6bbdb9d223517228fe7ce54f9ac,,pending,,,,5
img_00010093,images/img_00010093.jpg,02_deepfirearm,deepfirearm,3e76005ebb21b73ca32aecc7f81a7884152d6f9c93ae386b901007bffcd2710e,,pending,,,,5
img_00010094,images/img_00010094.jpg,02_deepfirearm,deepfirearm,f8d4f84fd9a507e1d7db35e861c6b2b13fab5528aef59f86f0c326de4442203b,,pending,,,,5
img_00010095,images/img_00010095.jpg,02_deepfirearm,deepfirearm,fc37a49f85a5a4bd940e764022de3d7479bbfad865865048eb988795f37ca607,,pending,,,,5
img_00010096,images/img_00010096.jpg,02_deepfirearm,deepfirearm,5833859b062f2a08d3b112db73345c3ba864125e1d637c65ad857a95b05d7de8,,pending,,,,5
img_00010097,images/img_00010097.jpg,02_deepfirearm,deepfirearm,0b8246491529b83a9e44eaec27d3eac8b43be26ac2645a0702d966afd5e6b945,,pending,,,,5
img_00010098,images/img_00010098.jpg,02_deepfirearm,deepfirearm,7f7103b32229a86ec1f1bd849d50f9204690f8d8d4e6433afcbd8c80afae37e7,,pending,,,,5
img_00010099,images/img_00010099.jpg,02_deepfirearm,deepfirearm,7bf6407497a38b6381ce987c85799aa9415d40652440682c4ce25824af0ccb19,,pending,,,,5
img_00010100,images/img_00010100.jpg,02_deepfirearm,deepfirearm,5a6ebbe8d21a33a6a0c4470ffaec6a83b9eb2793d3bdf279b15bbd4ee2dea9bb,,pending,,,,5
img_00010101,images/img_00010101.jpg,02_deepfirearm,deepfirearm,eab39d8d3f5678c6bcd122ff9457f0f642ff35a9057a558a4572b3db1cf78d7e,,pending,,,,5
img_00010102,images/img_00010102.jpg,02_deepfirearm,deepfirearm,44b3f85adea23abaec3be3fc5cd395cb7ec2e26571ec8d566856d8602ccfa97b,,pending,,,,5
img_00010103,images/img_00010103.jpg,02_deepfirearm,deepfirearm,4b4da2bdf156cf9c631bf309e9a75be8445f0e9a0ed82dd9676d884f49c36a8d,,pending,,,,5
img_00010104,images/img_00010104.jpg,02_deepfirearm,deepfirearm,e153f965d83273ab51509244b135e9d889cffb60a82469034b7ff47e014a4f0f,,pending,,,,5
img_00010105,images/img_00010105.jpg,02_deepfirearm,deepfirearm,49ae9ef114fc2eae4a319b355a6c37396e24022a29c0b693cf9b9d375c24abd7,,pending,,,,5
img_00010106,images/img_00010106.jpg,02_deepfirearm,deepfirearm,c2cba0bce5adacc4d4b5aed4635feeed811d4ba91a6087c9bed5808b85994b0a,,pending,,,,5
img_00010107,images/img_00010107.jpg,02_deepfirearm,deepfirearm,da4ff0b4296582ebb9e3d1aaa1149641bd391d52c80252bb5e95e69fd4fb7c00,,pending,,,,5
img_00010108,images/img_00010108.jpg,02_deepfirearm,deepfirearm,44d0613aafc187d0446c2903f89eace7563a52313922c30092cdf2b1ace9e49d,,pending,,,,5
img_00010109,images/img_00010109.jpg,02_deepfirearm,deepfirearm,735278b480d41e9293b625503dfc3872fd4c8bb300d46b4c213c7a5889fbf983,,pending,,,,5
img_00010110,images/img_00010110.jpg,02_deepfirearm,deepfirearm,b45e2fb0068d9bb8722e78a8846027c2fd71f0c5e5686ab0e3d9ee190d404829,,pending,,,,5
img_00010111,images/img_00010111.jpg,02_deepfirearm,deepfirearm,7ed2429bf8895aebbbbf7d9e20f9e6e08df3c9067a4e3b9d60adebeb41816eed,,pending,,,,5
img_00010112,images/img_00010112.jpg,02_deepfirearm,deepfirearm,0317aff0169fe85d73dcae4e729810d37b59335d1854d21a20a08f67a00d1e68,,pending,,,,5
img_00010113,images/img_00010113.jpg,02_deepfirearm,deepfirearm,43a6d24ee36b9451cd66e80c618def07355517cd2291c00647419b8c5c5e8010,,pending,,,,5
img_00010114,images/img_00010114.jpg,02_deepfirearm,deepfirearm,2089a78b066ef44b09bf871fd0d3f8e3c1ced7680b8c5e67ce908c9f32807441,,pending,,,,5
img_00010115,images/img_00010115.jpg,02_deepfirearm,deepfirearm,a62c081a36a340da97217292919fb9929434276721d13e6da6f4dd667f1f8847,,pending,,,,5
img_00010116,images/img_00010116.jpg,02_deepfirearm,deepfirearm,5f9db4b1272f41989287db39ebcfde926d7585e019b6f67a1a98e0b08869b753,,pending,,,,5
img_00010117,images/img_00010117.jpg,02_deepfirearm,deepfirearm,25e2bf061f88015f9c6bddd2e18b84e5720471c4f2e1da7872980007c3b5dda4,,pending,,,,5
img_00010118,images/img_00010118.jpg,02_deepfirearm,deepfirearm,45652e17f581a7f091db6574bd9bc1c200ec0261bbb2c17d14506fcfde25d5a4,,pending,,,,5
img_00010119,images/img_00010119.jpg,02_deepfirearm,deepfirearm,511afcd1a1b300b406c1aad05a3002da2d1f148f52899d19af4e127e1ac0ff24,,pending,,,,5
img_00010120,images/img_00010120.jpg,02_deepfirearm,deepfirearm,ff8f29fa530779c91dcdab4e0428cbe753a832158b192eb7b534d8e339d17a22,,pending,,,,5
img_00010121,images/img_00010121.jpg,02_deepfirearm,deepfirearm,83f0b9f6193f43e407c8b140d67e875f1b919410dd5b2442329bbce659524527,,pending,,,,5
img_00010122,images/img_00010122.jpg,02_deepfirearm,deepfirearm,d52b3502b2bbfda866178c0e60db6ae24c6bb0b0cb4381fab3b44640b6a90277,,pending,,,,5
img_00010123,images/img_00010123.jpg,02_deepfirearm,deepfirearm,ae3a9f7257634c9993b70bc86b544794024587143924f6a913ce1b4f2d265577,,pending,,,,5
img_00010124,images/img_00010124.jpg,02_deepfirearm,deepfirearm,480947376df7d1adb2701bc24dd9ff1c3cb3a51895320f720a46be38f0500b6b,,pending,,,,5
img_00010125,images/img_00010125.jpg,02_deepfirearm,deepfirearm,7e7cbdf6deb3785d061192877f7fbe47d420b329064ccc44f572c2f0d4850646,,pending,,,,5
img_00010126,images/img_00010126.jpg,02_deepfirearm,deepfirearm,c8e674f001440a5bfe2b494235f910a4b452b692f519c1ac2a7f11d99537b247,,pending,,,,5
img_00010127,images/img_00010127.jpg,02_deepfirearm,deepfirearm,339df047d1fca08d6ff082a580e61f0de33855b03aef674ca6d1969ca8f12c34,,pending,,,,5
img_00010128,images/img_00010128.jpg,02_deepfirearm,deepfirearm,0bf2171909d03b671f4b6850a2c3f3a7131b41e42c770dc5154f1a3f17e7c965,,pending,,,,5
img_00010129,images/img_00010129.jpg,02_deepfirearm,deepfirearm,8709511f54ced7db5e78baa602126c08a3235b37c486819a5489dfccd7adfafb,,pending,,,,5
img_00010130,images/img_00010130.jpg,02_deepfirearm,deepfirearm,bff29439177cb8cd82b54b948ac05adb3d0f438c492e3bc864c4cf7a7f645043,,pending,,,,5
img_00010131,images/img_00010131.jpg,02_deepfirearm,deepfirearm,ecd9add136f469edc0b316581b7aed35d72a3af4f331ba09438cfb4db6120e32,,pending,,,,5
img_00010132,images/img_00010132.jpg,02_deepfirearm,deepfirearm,ed62ba7c51f675b159a5c163355649465bff217f000c319a0dd7f36e1a13f58c,,pending,,,,5
img_00010133,images/img_00010133.jpg,02_deepfirearm,deepfirearm,6507564d7deaa9dee8433ac11d023e1ce684c5477b8ee8902f00a083e0208255,,pending,,,,5
img_00010134,images/img_00010134.jpg,02_deepfirearm,deepfirearm,0ac77f801eaad5a7b11b60a92201fd236fc73e20e162814067ad9ec6ce23ee2e,,pending,,,,5
img_00010135,images/img_00010135.jpg,02_deepfirearm,deepfirearm,7cbd474288bd22ab5512a53b9bf2c76243c798a157a13f3d42683771ef12ef09,,pending,,,,5
img_00010136,images/img_00010136.jpg,02_deepfirearm,deepfirearm,02ad03c19b04497d341b5ec76bfc839aabcccf65b1513b57091b7538cdac4fc3,,pending,,,,5
img_00010137,images/img_00010137.jpg,02_deepfirearm,deepfirearm,532562be37015a780fcfb2ed70bd221a2396898cbedbfa3e2ad1c158327d7afc,,pending,,,,5
img_00010138,images/img_00010138.jpg,02_deepfirearm,deepfirearm,7679e84b029d28890b1c2c412c6610d4f369644b512dc0863f6bb320ef7494c4,,pending,,,,5
img_00010139,images/img_00010139.jpg,02_deepfirearm,deepfirearm,aa47a5a8191c0bc4d00ba3910821d66816b0c86fd6807414568fcda8967a95f0,,pending,,,,5
img_00010140,images/img_00010140.jpg,02_deepfirearm,deepfirearm,cc64988c586a68bf898ca7ed2ec8f4bf8f0eae0702e8201604916da7b6de3531,,pending,,,,5
img_00010141,images/img_00010141.jpg,02_deepfirearm,deepfirearm,331c4e060d6955f60d08f20f60a5dc0440d420e077b6d3d2fdb2db0b35fbdd14,,pending,,,,5
img_00010142,images/img_00010142.jpg,02_deepfirearm,deepfirearm,c1ef7c6a124ee5fe1e29190d95cbde5a3281625db4388e6fee792404c436280d,,pending,,,,5
img_00010143,images/img_00010143.jpg,02_deepfirearm,deepfirearm,d58b55dd4948c9c074feb4c26ed8c1d03b71ef1ca89f9d21bbf17c23700e7d44,,pending,,,,5
img_00010144,images/img_00010144.jpg,02_deepfirearm,deepfirearm,d980af76e459a7d6b154b75d9114d078b34a210e3608d2f2d545566473d8b99b,,pending,,,,5
img_00010145,images/img_00010145.jpg,02_deepfirearm,deepfirearm,adfcb5f3fa6275d42f9de3b196fc7908e593eaf52a2d2d6701786953b46c5586,,pending,,,,5
img_00010146,images/img_00010146.jpg,02_deepfirearm,deepfirearm,3e1ad9ce9763c55a80c1528b9158ee27d811fe4147100e81a2ccf40554eefe61,,pending,,,,5
img_00010147,images/img_00010147.jpg,02_deepfirearm,deepfirearm,7beb04ef892c3df73c96a046d9edbd2a33ac0bd42ee66c47a873d1ea5b3ab229,,pending,,,,5
img_00010148,images/img_00010148.jpg,02_deepfirearm,deepfirearm,d7a1957e3bbd39f4331fe35749c1518707000aeae8669341d7c59fcf6e3b31ca,,pending,,,,5
img_00010149,images/img_00010149.jpg,02_deepfirearm,deepfirearm,4c515681887e4ca1e5253163832c60d5c70f66dde841515b8e6e84df3f3b0879,,pending,,,,5
img_00010150,images/img_00010150.jpg,02_deepfirearm,deepfirearm,e63bfb325f1f3df19efddf92bac70f810019ff5b0953c293dce04faad32bf39d,,pending,,,,5
img_00010151,images/img_00010151.jpg,02_deepfirearm,deepfirearm,fb86d39c1d2c4c74f50bd4420a83fc6a6821c7a28b7e6af517c8876582ed6829,,pending,,,,5
img_00010152,images/img_00010152.jpg,02_deepfirearm,deepfirearm,7de68d7d32a736d34b37ebe614e61db5d66006f426af06303491cb64d99dc1d8,,pending,,,,5
img_00010153,images/img_00010153.jpg,02_deepfirearm,deepfirearm,811fbfa8a4e91fe2b735b537ce4bcc3201b45e5471ea9a0f9db1bb40830a4800,,pending,,,,5
img_00010154,images/img_00010154.jpg,02_deepfirearm,deepfirearm,d6bb453e3ddb13342259e3c773984c1df23e38aef66d213ac9c3d80492eecfd7,,pending,,,,5
img_00010155,images/img_00010155.jpg,02_deepfirearm,deepfirearm,8d63932e05c0d3c1ccb69190c466aa49af9493a680a80e34dcd9897380d1eaf2,,pending,,,,5
img_00010156,images/img_00010156.jpg,02_deepfirearm,deepfirearm,7da7d98117bad48aae173d187e203a955a296d724e33a46293fa29e1ac65c623,,pending,,,,5
img_00010157,images/img_00010157.jpg,02_deepfirearm,deepfirearm,1e5cb4dcf397c3ef6c330c35319d308906fbb9a9f6a97eb453b42b06227c84bf,,pending,,,,5
img_00010158,images/img_00010158.jpg,02_deepfirearm,deepfirearm,6307634f9910b2d0ac12442d30cfad791ef38c413fd4d41224f837b7fdf271d2,,pending,,,,5
img_00010159,images/img_00010159.jpg,02_deepfirearm,deepfirearm,8cc4f858cf8b89a9014cd92cb5debbd81026e7a460976834c7bf88199a911f7c,,pending,,,,5
img_00010160,images/img_00010160.jpg,02_deepfirearm,deepfirearm,ec2574ea62fed95c80ea8e608d53bf28211f0a7c4a808e824f233b177436eac3,,pending,,,,5
img_00010161,images/img_00010161.jpg,02_deepfirearm,deepfirearm,35afeeb1e13be0d752a9f656f988c489f831973598257e0b841348eacbe3fc3a,,pending,,,,5
img_00010162,images/img_00010162.jpg,02_deepfirearm,deepfirearm,cb860aea3969c61caabcd2d93cc3fdeccfe61eecf17fe37fe9fc6eda069d6036,,pending,,,,5
img_00010163,images/img_00010163.jpg,02_deepfirearm,deepfirearm,8955fa30b5ddc1c9cad9104711d75db8ab7708b7964796979117db33ddab112d,,pending,,,,5
img_00010164,images/img_00010164.jpg,02_deepfirearm,deepfirearm,ddd0561b093caf5869119291a8e82cd1cffa204faf4c44569946314f680d065d,,pending,,,,5
img_00010165,images/img_00010165.jpg,02_deepfirearm,deepfirearm,2935baa9e93ccef08158e050c8b3f89f29fa781195796ec70427f5e516d4bc19,,pending,,,,5
img_00010166,images/img_00010166.jpg,02_deepfirearm,deepfirearm,a6b23058e8d971c8ec233abfc6cdd9808db43d381c59de0610b69d056b29adcf,,pending,,,,5
img_00010167,images/img_00010167.jpg,02_deepfirearm,deepfirearm,2ce0aca4245818f21c6700fdecbfd980ba0b5a12d0ecab0f39ddd8eb8d52d405,,pending,,,,5
img_00010168,images/img_00010168.jpg,02_deepfirearm,deepfirearm,4f3b8e2c0c69ebf76eac11c0dd1b3f666ac42634091d26b10392d845aa7b952a,,pending,,,,5
img_00010169,images/img_00010169.jpg,02_deepfirearm,deepfirearm,51fb1d6d28bd3dda51691eda598ab7cb385c1240c1cf434da071ea2b528e6fca,,pending,,,,5
img_00010170,images/img_00010170.jpg,02_deepfirearm,deepfirearm,ba0b0b90ea6cae3be413c17f9a1ca6c78b88621001f2925ad09c21241b3a8700,,pending,,,,5
img_00010171,images/img_00010171.jpg,02_deepfirearm,deepfirearm,bd4feffb6b55e998146523147eed30399ad6d056456d9f52ce181a055da4a220,,pending,,,,5
img_00010172,images/img_00010172.jpg,02_deepfirearm,deepfirearm,16cf06fbe901cd0094a09087190f45f07c9b1ca9c16c999058e893d8c4bc7d29,,pending,,,,5
img_00010173,images/img_00010173.jpg,02_deepfirearm,deepfirearm,37247a2bcb4d5ff46b8b47bc4477bfefb858a3f4059b3614181b87014b3bff52,,pending,,,,5
img_00010174,images/img_00010174.jpg,02_deepfirearm,deepfirearm,6d6b846fc7e469c4f03dbc8da71f26302706c42f4e980797b9f4216e6fd093e9,,pending,,,,5
img_00010175,images/img_00010175.jpg,02_deepfirearm,deepfirearm,1e3cb136089cb84b4ae99150fb0e628449a704047273db206d2f49a7209c89f3,,pending,,,,5
img_00010176,images/img_00010176.jpg,02_deepfirearm,deepfirearm,3eb3a215266c777c3cf2c833aab51d0e3df264be04756decd53a8814d157fcd5,,pending,,,,5
img_00010177,images/img_00010177.jpg,02_deepfirearm,deepfirearm,09b9f02c30e1a7ffc09931b0575f396005f69c711c8a6a6d35de09a44c2459a1,,pending,,,,5
img_00010178,images/img_00010178.jpg,02_deepfirearm,deepfirearm,039439c9064d75c37253f8810a54637f6079e96fdac2bb95f52d84a8821eb26a,,pending,,,,5
img_00010179,images/img_00010179.jpg,02_deepfirearm,deepfirearm,c80c2a4dded418ce6e4a4e7ef5c011356ffbddf4f08a49f835e62d1c6fd91d10,,pending,,,,5
img_00010180,images/img_00010180.jpg,02_deepfirearm,deepfirearm,fc36e5e6ef5fcb805c44521243933eda41d96c3b278fe5c7e86951e6f6d82d42,,pending,,,,5
img_00010181,images/img_00010181.jpg,02_deepfirearm,deepfirearm,45c128a7e70b04e1a03f7b4f1f3d6b0e3814dfd30949ada164daf05292256de8,,pending,,,,5
img_00010182,images/img_00010182.jpg,02_deepfirearm,deepfirearm,1d8908034be137a9560ecbc85bf91f213be510cfae81bcb96dcc428895b90007,,pending,,,,5
img_00010183,images/img_00010183.jpg,02_deepfirearm,deepfirearm,7b6f035cec3dad06032b0ed61d41635ba496880757c5fc12d9c5635913d1af8b,,pending,,,,5
img_00010184,images/img_00010184.jpg,02_deepfirearm,deepfirearm,b286f58b6195d74210b9f82256c512adf13018882daf204bda9e5441396afa7d,,pending,,,,5
img_00010185,images/img_00010185.jpg,02_deepfirearm,deepfirearm,5dc7f010a3940b00a49f0f040f407f6f92639099a360dee81ed10ee27cd3368c,,pending,,,,5
img_00010186,images/img_00010186.jpg,02_deepfirearm,deepfirearm,d8f4341ce210e9442938eb3c1e3d0d5053fe19b1d91025527cea2608d75826a6,,pending,,,,5
img_00010187,images/img_00010187.jpg,02_deepfirearm,deepfirearm,9e5c33276a3d0f5b3b186b8ace6c8da080e7c0502d1167847e1f6292ab8aa3bf,,pending,,,,5
img_00010188,images/img_00010188.jpg,02_deepfirearm,deepfirearm,8d390652382b2eda4ef6358c3e03bd49d0360c67050715145e7bbc39aeed3c08,,pending,,,,5
img_00010189,images/img_00010189.jpg,02_deepfirearm,deepfirearm,eca8f46423cb1c1638a28c6872cab6e22e9072052c88e121821a906770a435f6,,pending,,,,5
img_00010190,images/img_00010190.jpg,02_deepfirearm,deepfirearm,6d05d1bd2c9cff261ceb68a7b8220e0cb96aea21090808d1044edbe75d1a7efb,,pending,,,,5
img_00010191,images/img_00010191.jpg,02_deepfirearm,deepfirearm,ee79a21df9e646bc7c15676c30b0a905761b678b912cd35b2b15050a43bbad29,,pending,,,,5
img_00010192,images/img_00010192.jpg,02_deepfirearm,deepfirearm,6e88291bb11cf90e6f9a6660e5cfffec3ef3e51648f30f36ed23f332b8e4cfe8,,pending,,,,5
img_00010193,images/img_00010193.jpg,02_deepfirearm,deepfirearm,2de9b5cc3d6739d4bf82919112876a5703583d40404c0aa661b29b9a47a56c40,,pending,,,,5
img_00010194,images/img_00010194.jpg,02_deepfirearm,deepfirearm,4c77345a088276be4e35d439c2693a3a3bcd5ea887140a5786efe76afabe7d7b,,pending,,,,5
img_00010195,images/img_00010195.jpg,02_deepfirearm,deepfirearm,928da9e6d8e53f0f23f43a5e689b8245be0ae25bc047749e32637d8ccecb0c4e,,pending,,,,5
img_00010196,images/img_00010196.jpg,02_deepfirearm,deepfirearm,462a290a4312c757eae36a5b16ae993eefeaacb475443fe31e98bb6f4f65f456,,pending,,,,5
img_00010197,images/img_00010197.jpg,02_deepfirearm,deepfirearm,579751f1362f95c7220405cc86ea766df8395573c5300b6d09a8e2ce1bd37a2e,,pending,,,,5
img_00010198,images/img_00010198.jpg,02_deepfirearm,deepfirearm,7e429d4a03b474ecbd920e4451af23bb9f26a62e8afbbb70f47f528cc948e4fb,,pending,,,,5
img_00010199,images/img_00010199.jpg,02_deepfirearm,deepfirearm,39ae333c64c5998e15810819484e0e3cbd21e7b46fd7ebaf50db3d389feb8cde,,pending,,,,5
img_00010200,images/img_00010200.jpg,02_deepfirearm,deepfirearm,d9ffa3d38028743f2f94e187382d691c00c05e9b034bf2ec774de9de7abe4f86,,pending,,,,5
img_00010201,images/img_00010201.jpg,02_deepfirearm,deepfirearm,7dabdf22eb861644092b278fc0383a97e314ece0eeb2fb6c3679ba329f5c2777,,pending,,,,5
img_00010202,images/img_00010202.jpg,02_deepfirearm,deepfirearm,363a6a91cb0291c2a3f487d62f7998023fbc32990bcafe3ab67544efa0cd08e8,,pending,,,,5
img_00010203,images/img_00010203.jpg,02_deepfirearm,deepfirearm,b86db0d1823529614499866e18eee807edb470614653a6a50c640159e3ebdde2,,pending,,,,5
img_00010204,images/img_00010204.jpg,02_deepfirearm,deepfirearm,98ae62fe34e5d407f9db8e889acb62aee5d756f284c286c658d851280c75eca0,,pending,,,,5
img_00010205,images/img_00010205.jpg,02_deepfirearm,deepfirearm,c3989edf33f66c425a04d777eb1a83cc9c25b625ce383c8058b1298766d078b1,,pending,,,,5
img_00010206,images/img_00010206.jpg,02_deepfirearm,deepfirearm,ae6b0f8132faa585629391fc3be5e17caa524accc7d89261ab196f528cc12322,,pending,,,,5
img_00010207,images/img_00010207.jpg,02_deepfirearm,deepfirearm,33f924d64f1414cea7c9e10cf0563dc2d89aa5596d53042d966745b868a0a607,,pending,,,,5
img_00010208,images/img_00010208.jpg,02_deepfirearm,deepfirearm,6a3d73e06396a757a0f382664054f72782681d6eb25d474fa8723f07c228d16d,,pending,,,,5
img_00010209,images/img_00010209.jpg,02_deepfirearm,deepfirearm,c9647548cdb46130fd555b08b1a60c45e80379a4c35aaea3030bfcb08b2ca55b,,pending,,,,5
img_00010210,images/img_00010210.jpg,02_deepfirearm,deepfirearm,be0af9cb612943e5b79946c664d89abf96be695183a53257c63070a53e14ffba,,pending,,,,5
img_00010211,images/img_00010211.jpg,02_deepfirearm,deepfirearm,fdcf91ccd2929af18a52e909a8c51a3d51b46770a40ace1af69391d95f296e0c,,pending,,,,5
img_00010212,images/img_00010212.jpg,02_deepfirearm,deepfirearm,fd735309473a5fb70215336e1da212f6f07099a1ca505770454302595dcb5fea,,pending,,,,5
img_00010213,images/img_00010213.jpg,02_deepfirearm,deepfirearm,4cc0841f8c2f762c9492a84b84b1f616dd88d91df5c4cab95f5095a1a39194a7,,pending,,,,5
img_00010214,images/img_00010214.jpg,02_deepfirearm,deepfirearm,f87925ebfffd324c2cff62e0af139a6adbf92c838b2fbfd4c8d12b10100bf9ec,,pending,,,,5
img_00010215,images/img_00010215.jpg,02_deepfirearm,deepfirearm,2ff14b88694c515838f6c63ad31d95b4ba623b7625d1e753f6ef4de2c3e721e6,,pending,,,,5
img_00010216,images/img_00010216.jpg,02_deepfirearm,deepfirearm,aeab65182949c22c59dfdf7b19654271402da37f40eed90e380746392471e9c4,,pending,,,,5
img_00010217,images/img_00010217.jpg,02_deepfirearm,deepfirearm,c2fdb825e1b05ca295c7283bb203c9d92d126d8395faada026e4a969e21f82c6,,pending,,,,5
img_00010218,images/img_00010218.jpg,02_deepfirearm,deepfirearm,a2725e8ccba12f021348cc46491d4e5ea1df3d1bcbc1add6c82c551860e7535b,,pending,,,,5
img_00010219,images/img_00010219.jpg,02_deepfirearm,deepfirearm,f8e69693f0ef6271bd18c5a701fc2840a1707c4fe4895fb3778cb41ed664a923,,pending,,,,5
img_00010220,images/img_00010220.jpg,02_deepfirearm,deepfirearm,9693523d75aa4e9aa50f31341f199b6ee92ea6ce0e9132799c11a0aaec15819d,,pending,,,,5
img_00010221,images/img_00010221.jpg,02_deepfirearm,deepfirearm,c7d8cadeed51b24835125b53ac495e41eed322eb5767d150f993736e884a1830,,pending,,,,5
img_00010222,images/img_00010222.jpg,02_deepfirearm,deepfirearm,10a750aa7e0820a18096f254c0386679ace377bc2b8fa235712a86aab9908413,,pending,,,,5
img_00010223,images/img_00010223.jpg,02_deepfirearm,deepfirearm,45075e59cd729c000d7eebaf2b5b876cb2ed36f95e397406c06e8b15d3d25da7,,pending,,,,5
img_00010224,images/img_00010224.jpg,02_deepfirearm,deepfirearm,3cfa2481169a52c2b17cbe23af32395bfd9392ad325cd99fb5049d0c5e4426af,,pending,,,,5
img_00010225,images/img_00010225.jpg,02_deepfirearm,deepfirearm,bde814b3f1b288a0140133af6f298c57dbed41538473babc366198a250a9b2a0,,pending,,,,5
img_00010226,images/img_00010226.jpg,02_deepfirearm,deepfirearm,d9534cd2b5a27eb48bc926c87b031ab4723f6cece6ac33d371037f83e8623f2b,,pending,,,,5
img_00010227,images/img_00010227.jpg,02_deepfirearm,deepfirearm,494fad6ccbaaf499a545b0e567493e3fb4240987854b0f7ac8a1c824396da84d,,pending,,,,5
img_00010228,images/img_00010228.jpg,02_deepfirearm,deepfirearm,91797afb05ec153feca88138f028acc9ef83795b7e4d9d82b283bf8b45846ac8,,pending,,,,5
img_00010229,images/img_00010229.jpg,02_deepfirearm,deepfirearm,055aa54618acfefde30005e315adb3f31c61ff32640723a1f20785e5da258b69,,pending,,,,5
img_00010230,images/img_00010230.jpg,02_deepfirearm,deepfirearm,057069f20a562c9037fa3fa6c28cf074ebac0311b7313d094aa282e6c80837a7,,pending,,,,5
img_00010231,images/img_00010231.jpg,02_deepfirearm,deepfirearm,96854d79a345fcc9e2c5fb179c4851d1b04aad6f1ffc0003fcefcaefb0c83998,,pending,,,,5
img_00010232,images/img_00010232.jpg,02_deepfirearm,deepfirearm,124ee6059d5db0422889155e87335d9e29c9edfffc4425ef6d219fd3a4313f39,,pending,,,,5
img_00010233,images/img_00010233.jpg,02_deepfirearm,deepfirearm,2624c1b9a4955cc9a511542ef14f4e1e483cb4aa325c813fab2d459b00e049f5,,pending,,,,5
img_00010234,images/img_00010234.jpg,02_deepfirearm,deepfirearm,3300b61db9307b868a77e8ba7c0e2fc34ad7d1f8486ebf8d0950559c5700f0f5,,pending,,,,5
img_00010235,images/img_00010235.jpg,02_deepfirearm,deepfirearm,ac76ecec758b2efce16bd670f13cd15aeac4527c50f6f99a4f7b2820f64014db,,pending,,,,5
img_00010236,images/img_00010236.jpg,02_deepfirearm,deepfirearm,9b0e322edb8f4df2699dd55f8ae2e72397e4fe85e68cbc38d10ec0dd39cc4a63,,pending,,,,5
img_00010237,images/img_00010237.jpg,02_deepfirearm,deepfirearm,cef858d17c54d1d1353fe8c70b01f56a88f3f28fb0dd53f5f55dd1d0d2da9253,,pending,,,,5
img_00010238,images/img_00010238.jpg,02_deepfirearm,deepfirearm,86d4aae5e4231e55512a9a73a82df1b6c3db4cc96fe180945780a06ed0442a0a,,pending,,,,5
img_00010239,images/img_00010239.jpg,02_deepfirearm,deepfirearm,43e4fa30fc155d70263210bcb1317b0c7a3ca7536f537433cf950cd0a8ac60f3,,pending,,,,5
img_00010240,images/img_00010240.jpg,02_deepfirearm,deepfirearm,1eb9a3489eb931d27a1a9fb23b4c4919c6ed5fb6d397b64620be741a3403a9dd,,pending,,,,5
img_00010241,images/img_00010241.jpg,02_deepfirearm,deepfirearm,c19a4f02df38d01a446bf9408e00514ed06edc03b2203302716a6e28930adb3f,,pending,,,,5
img_00010242,images/img_00010242.jpg,02_deepfirearm,deepfirearm,caf72bd53165602e5c3d5f32c665420ddceea0a45de343a85468c5dc12e0b051,,pending,,,,5
img_00010243,images/img_00010243.jpg,02_deepfirearm,deepfirearm,964fd0a98d982849cbe05f700283986475a29b0245107fce5128e2f86a13bce7,,pending,,,,5
img_00010244,images/img_00010244.jpg,02_deepfirearm,deepfirearm,3cf982c5fa9a11485e280c6b3b211697e1a81eb98598d0a890355f1c7db82469,,pending,,,,5
img_00010245,images/img_00010245.jpg,02_deepfirearm,deepfirearm,dcb2e071d583da178f968eb7c37dc46d1aea2d5b38b45493bccf0471ba82734b,,pending,,,,5
img_00010246,images/img_00010246.jpg,02_deepfirearm,deepfirearm,3d492f4414533e9d95857244d600a1e1c1d0b998a20eb61b4f3aee3bb0c9c46d,,pending,,,,5
img_00010247,images/img_00010247.jpg,02_deepfirearm,deepfirearm,a243e10d0c92f2318dd015ef25925ae137d15c027c020bcadf0f7516a760c613,,pending,,,,5
img_00010248,images/img_00010248.jpg,02_deepfirearm,deepfirearm,3e8a5ff343f9e0a679ba686f8b1e4ef5b65d349494c1efa245ccf9bf6df74c9f,,pending,,,,5
img_00010249,images/img_00010249.jpg,02_deepfirearm,deepfirearm,c17ca48d75584dd1606578e607afcc994ab6a324e08f28f8177e8e8fe512f0f8,,pending,,,,5
img_00010250,images/img_00010250.jpg,02_deepfirearm,deepfirearm,b3e0ba64604997021524e3c4449d58654a070a22734952d3e5279bf54c807153,,pending,,,,5
img_00010251,images/img_00010251.jpg,02_deepfirearm,deepfirearm,54d4125b163cc4f30c5acaaa7191577fe3c795b3d30728b562b0ec2acc9b15d6,,pending,,,,5
img_00010252,images/img_00010252.jpg,02_deepfirearm,deepfirearm,d2bdd77984be82200827367be3b5c01340689ec48aeed38a250cab4cd96905f9,,pending,,,,5
img_00010253,images/img_00010253.jpg,02_deepfirearm,deepfirearm,960a40fc797e2b7c8d5c4e881c0d8ee1555289962669b8043656ddfd8565a9eb,,pending,,,,5
img_00010254,images/img_00010254.jpg,02_deepfirearm,deepfirearm,7397f241f6fdb70302fbec8c7ef151faeb9bbd88c3d67b302377234e2913acda,,pending,,,,5
img_00010255,images/img_00010255.jpg,02_deepfirearm,deepfirearm,eec3e21fd9bea65a69e93a4ca74491cc55c6451d4d6077419befbc57704b7b2b,,pending,,,,5
img_00010256,images/img_00010256.jpg,02_deepfirearm,deepfirearm,4e6e30378480604d6eb001e39bc982c13bc0af5366ec3b0b86cbd1e8c804bec9,,pending,,,,5
img_00010257,images/img_00010257.jpg,02_deepfirearm,deepfirearm,8a712fb7793dcd9f6b430fcc07bee4174c88b1ff525cdfabe0f2924ae27f67c2,,pending,,,,5
img_00010258,images/img_00010258.jpg,02_deepfirearm,deepfirearm,27656c1c2dc79f846527090ad2b1946eddce0997d829b69174c4265fb0cd541a,,pending,,,,5
img_00010259,images/img_00010259.jpg,02_deepfirearm,deepfirearm,3b0e083ce2012660b3fa8800340da955f34a324d27d5ad82741f3231de7492eb,,pending,,,,5
img_00010260,images/img_00010260.jpg,02_deepfirearm,deepfirearm,b73ff2e05563671354c75185b1e3b893be3b31077cd84491f446b10edb4e99a2,,pending,,,,5
img_00010261,images/img_00010261.jpg,02_deepfirearm,deepfirearm,ac65b13ecef8a6ac10237128d676178a51a533b443d033612c47e7bfebbf5646,,pending,,,,5
img_00010262,images/img_00010262.jpg,02_deepfirearm,deepfirearm,617fde4220885810d30a8f87c85b7f6b54e47eadaf06d2536f66ef2be53fe65b,,pending,,,,5
img_00010263,images/img_00010263.jpg,02_deepfirearm,deepfirearm,937c428b3cd4f817fcf4874d9637dc735fd2a92f7bd1de52394b3e7fcbdd62de,,pending,,,,5
img_00010264,images/img_00010264.jpg,02_deepfirearm,deepfirearm,69c1c86ec343bb2298fc1924d6d61c4b970292d26febc7204838f46cd25bdb1c,,pending,,,,5
img_00010265,images/img_00010265.jpg,02_deepfirearm,deepfirearm,f42c80d386f50969bcd1b8cbb38f838a984c35cd68e37fe2bf1257aa6c15dde7,,pending,,,,5
img_00010266,images/img_00010266.jpg,02_deepfirearm,deepfirearm,ec6ef68c7ddf1ea0074b90ebdf08ce9f51c470db03b1bb76a95c88fa516a6028,,pending,,,,5
img_00010267,images/img_00010267.jpg,02_deepfirearm,deepfirearm,ff085e1f90674485f9efae25cd047354eb5f3f029fc1dc017c6ec9869b365fe6,,pending,,,,5
img_00010268,images/img_00010268.jpg,02_deepfirearm,deepfirearm,e764afeba8e5a20c05c4c197f337380beca01120ec369794736f5954a206e30d,,pending,,,,5
img_00010269,images/img_00010269.jpg,02_deepfirearm,deepfirearm,2d492e9c730927bd8a17b9c3ba88c327c634ecb7beba4fa4a161058f138c2c0c,,pending,,,,5
img_00010270,images/img_00010270.jpg,02_deepfirearm,deepfirearm,292b275192062a11db68cbf90b52898ff14679e4a890652220cf855d445ebc4b,,pending,,,,5
img_00010271,images/img_00010271.jpg,02_deepfirearm,deepfirearm,44314f56b62b673df00968fa6cd5ce454409c6cd9dbaf84b906f1eae66602a5d,,pending,,,,5
img_00010272,images/img_00010272.jpg,02_deepfirearm,deepfirearm,95040f7e86b1b89e177cf3e12fd97ddbc9e187f378fdd035ca7b80fa2e8158a8,,pending,,,,5
img_00010273,images/img_00010273.jpg,02_deepfirearm,deepfirearm,8eab578431b1470a8f8f3f70148986302236d444115488065fba20d64dde6397,,pending,,,,5
img_00010274,images/img_00010274.jpg,02_deepfirearm,deepfirearm,bb958a198f5b253ce96d1e26e368051195766c0ef615cedfed6317cd35c033eb,,pending,,,,5
img_00010275,images/img_00010275.jpg,02_deepfirearm,deepfirearm,8fe669a4f64f2db564363a22515677e9476dcfb2fa4979d195bbd9fd2c2d7076,,pending,,,,5
img_00010276,images/img_00010276.jpg,02_deepfirearm,deepfirearm,77d48c9f47a6a190c9a7db7d75ee87145f336e3d87780028b095f0abacad6048,,pending,,,,5
img_00010277,images/img_00010277.jpg,02_deepfirearm,deepfirearm,01de35269b8d3694b5db86691a1e0f31f3b687cbee91335c5dccdeab1c62f441,,pending,,,,5
img_00010278,images/img_00010278.jpg,02_deepfirearm,deepfirearm,8fda8bc217539df763f3b5e5d70e8e2d9cf26043775b901db23763e02c01e773,,pending,,,,5
img_00010279,images/img_00010279.jpg,02_deepfirearm,deepfirearm,5033293d7d347f682a0263b3493b2628ca72cfa461d0d792d9f90ae8bd21dcb8,,pending,,,,5
img_00010280,images/img_00010280.jpg,02_deepfirearm,deepfirearm,1d3772c63c51804cb576ded7dd1fde100037bb8a8ab1f8696f57024daef0e96d,,pending,,,,5
img_00010281,images/img_00010281.jpg,02_deepfirearm,deepfirearm,6a49b5ad86e357c48ce35dcc781f8a3dffbef3694bc53b3426be80d7b9e42be8,,pending,,,,5
img_00010282,images/img_00010282.jpg,02_deepfirearm,deepfirearm,d750562848983a0e1ac2188ade725437c828ac9f30a672c40b101488fb2bc6ea,,pending,,,,5
img_00010283,images/img_00010283.jpg,02_deepfirearm,deepfirearm,bff0fd27ef1c0d35f10caed1844698a843da8b284a39fdfee800d650c19fbda0,,pending,,,,5
img_00010284,images/img_00010284.jpg,02_deepfirearm,deepfirearm,ceb199a438368595ca68f03a8f4e4719aa16cb26320b38f4122ea4254867f945,,pending,,,,5
img_00010285,images/img_00010285.jpg,02_deepfirearm,deepfirearm,8ade6c1df9f5ce7f2cc22c097548461821be947e1bec76b8f32631fb97eb21a1,,pending,,,,5
img_00010286,images/img_00010286.jpg,02_deepfirearm,deepfirearm,c8b1a3d43666119072702a171ec87d9989d4091cee18ee99b4409138ec58051a,,pending,,,,5
img_00010287,images/img_00010287.jpg,02_deepfirearm,deepfirearm,42d94e483313f7dc5ef5f77295ebd3cfc74641d18786b275f136cdecdb63b359,,pending,,,,5
img_00010288,images/img_00010288.jpg,02_deepfirearm,deepfirearm,8c3a785d5c1d78e183e69c9100abbab283c704a0c84a87e5a632300b01266502,,pending,,,,5
img_00010289,images/img_00010289.jpg,02_deepfirearm,deepfirearm,350ff4aa99c830a8fa63a8c8e453aa2159f420da0c1650a9d68dde58eab27f04,,pending,,,,5
img_00010290,images/img_00010290.jpg,02_deepfirearm,deepfirearm,992815267ee10b2cd349cee9def8c7dfece3eb19c4f73251776965623580efb3,,pending,,,,5
img_00010291,images/img_00010291.jpg,02_deepfirearm,deepfirearm,dd9581e730f1008a27877bbc5a6167acfd352483fa5fc0113e7ddf04bf00fd54,,pending,,,,5
img_00010292,images/img_00010292.jpg,02_deepfirearm,deepfirearm,ecf10c4e73840a1448810081a00d010e34a01f66203f19d86fd0a63510c12c36,,pending,,,,5
img_00010293,images/img_00010293.jpg,02_deepfirearm,deepfirearm,f0e2c3a9971d52c6846355b236ed8781da4d8b77974c23ad85f915d9379d25c4,,pending,,,,5
img_00010294,images/img_00010294.jpg,02_deepfirearm,deepfirearm,05f0af12ceda4466f97bd7d43f199b1b94ec198e97094d3640bf1172a4cab11e,,pending,,,,5
img_00010295,images/img_00010295.jpg,02_deepfirearm,deepfirearm,9ba56cf2bf18b7a8af261f849dcbebc5329d18ccff8414c64c668150fcf6f7b7,,pending,,,,5
img_00010296,images/img_00010296.jpg,02_deepfirearm,deepfirearm,1245290f03b51963ac1471ceaf7c06de9b32c7131cab0b33d9c8217db4d7c77e,,pending,,,,5
img_00010297,images/img_00010297.jpg,02_deepfirearm,deepfirearm,418113eb5a0058e64e9948c78899e28d299c811908719ea3eaade87a33acecc0,,pending,,,,5
img_00010298,images/img_00010298.jpg,02_deepfirearm,deepfirearm,875b70719664d3d31dd863f5baf9477f097731a92aadc2ba135ca4973e4981cb,,pending,,,,5
img_00010299,images/img_00010299.jpg,02_deepfirearm,deepfirearm,6b016e64eba5a49fdebb1e405e2c7d4f5224d9ed5c48e67600cb326e1cf4af5e,,pending,,,,5
img_00010300,images/img_00010300.jpg,02_deepfirearm,deepfirearm,15c45d36476dd068d0088602af335a206318fc9b42f3a559fec9a478ff7c8880,,pending,,,,5
img_00010301,images/img_00010301.jpg,02_deepfirearm,deepfirearm,6f26440551dbfbcbba1ecde76bf483233815d882d0cc778c0d2fcd3668666917,,pending,,,,5
img_00010302,images/img_00010302.jpg,02_deepfirearm,deepfirearm,15643fde7f294fb63660ff0c305086c9f2bc1dc18b944d08b774014cb1786bee,,pending,,,,5
img_00010303,images/img_00010303.jpg,02_deepfirearm,deepfirearm,6cfe682cf997089dfcd195d4f771e77896fb0a6f553f52799e78c1c6fbe7a725,,pending,,,,5
img_00010304,images/img_00010304.jpg,02_deepfirearm,deepfirearm,cd2519d0d530923904a0b017ea93c209ce79358dcea21dd35ba691221f073e42,,pending,,,,5
img_00010305,images/img_00010305.jpg,02_deepfirearm,deepfirearm,8e17abef6f5f3a4a2265e4a579bde1b441aca914fbb459dfb29d297049287bbe,,pending,,,,5
img_00010306,images/img_00010306.jpg,02_deepfirearm,deepfirearm,9c8c7e852506c05f4ea4892972afc24dd34991c6759b75c26a706ff07f3af427,,pending,,,,5
img_00010307,images/img_00010307.jpg,02_deepfirearm,deepfirearm,5c227718ced022a4dccc85ac48357f058f459825f835f0fec9656d580cbfcf1d,,pending,,,,5
img_00010308,images/img_00010308.jpg,02_deepfirearm,deepfirearm,095312fec97337e5491890d936e1db8842f6173c418d5dc7de7f4f583226c476,,pending,,,,5
img_00010309,images/img_00010309.jpg,02_deepfirearm,deepfirearm,b7fb5ffc3c6527435abff349e5cb684a7e4a89b338e3d32d3b25764da41c4356,,pending,,,,5
img_00010310,images/img_00010310.jpg,02_deepfirearm,deepfirearm,e2ab325a7382533f88018a60917be281451c9c7af6f3b8679a6156609e53d0ce,,pending,,,,5
img_00010311,images/img_00010311.jpg,02_deepfirearm,deepfirearm,22f70f3edf2ca3459a881bdd45aeb76e51e3ed633aacc2e5aaff24f9f4872247,,pending,,,,5
img_00010312,images/img_00010312.jpg,02_deepfirearm,deepfirearm,339ecf9596f081b42e515cef13a38a99093a90dbaf4ee21eb0f31d2a9f5c63d6,,pending,,,,5
img_00010313,images/img_00010313.jpg,02_deepfirearm,deepfirearm,a80ed446e8b4bd6fac3dc6f4d2d78a46927d4d45abd9cb0befb2fe477e3a10f9,,pending,,,,5
img_00010314,images/img_00010314.jpg,02_deepfirearm,deepfirearm,ecbab506fee0f45a552b2fd679ea9e149d88fbddb6934778010b05805c912437,,pending,,,,5
img_00010315,images/img_00010315.jpg,02_deepfirearm,deepfirearm,94bcf6852bf92f4d9613febed297662f40c5b5a1e5c196564ef864775a97c98b,,pending,,,,5
img_00010316,images/img_00010316.jpg,02_deepfirearm,deepfirearm,0f7e7e87f817db1196506c7b2d44190f30e2c14e42301a256f6747aa84075c59,,pending,,,,5
img_00010317,images/img_00010317.jpg,02_deepfirearm,deepfirearm,546a78370785d4dd2d2771545998824286e6c89270ea63130865da6663607153,,pending,,,,5
img_00010318,images/img_00010318.jpg,02_deepfirearm,deepfirearm,a75408d7308f28d8a0bca51be9076cc13b2fd92065da2a9841d855b1d9a7ae1a,,pending,,,,5
img_00010319,images/img_00010319.jpg,02_deepfirearm,deepfirearm,8edd9d0de5d5ec94ee594de53755396d83df4e5d6b234e8f444cb01d47ae44f6,,pending,,,,5
img_00010320,images/img_00010320.jpg,02_deepfirearm,deepfirearm,32936eef4a062b8e0f8bab7ea5c71ae6ad71f2f0228195343737d509e3114ef9,,pending,,,,5
img_00010321,images/img_00010321.jpg,02_deepfirearm,deepfirearm,9c7aaffe2d4b3febfb99297e5c94943ac75ada50c0e7d0d0c6af90843f251016,,pending,,,,5
img_00010322,images/img_00010322.jpg,02_deepfirearm,deepfirearm,c7376ce3aa8300f44cb4bf6f16dc8c6eda6ab4d92ec797e103c0754a20cadb95,,pending,,,,5
img_00010323,images/img_00010323.jpg,02_deepfirearm,deepfirearm,1ec937b362d9179ab30deb9e917c1709adc6290b2d52acbf7d7540c0ae7ac90e,,pending,,,,5
img_00010324,images/img_00010324.jpg,02_deepfirearm,deepfirearm,6b48d21003068e9d91891e7809df52b91ce44873c89f30d52896be54cbc4e4c2,,pending,,,,5
img_00010325,images/img_00010325.jpg,02_deepfirearm,deepfirearm,ab34c643b33a48f85bfca68c46e915735b1f721ae780ace114b5012f743a393a,,pending,,,,5
img_00010326,images/img_00010326.jpg,02_deepfirearm,deepfirearm,f02d3cef5f08b9d723d2d5a6112af0e8ff7f0deb6534c38b8f4fe7aea0bd3285,,pending,,,,5
img_00010327,images/img_00010327.jpg,02_deepfirearm,deepfirearm,67349ac42637836310738b4e1bb97fd792098164fb01bd7009c7ef75935e566b,,pending,,,,5
img_00010328,images/img_00010328.jpg,02_deepfirearm,deepfirearm,63f264b0081d254ca51b0f80945bd904dbfac8b584d1f7e0981efa533568546b,,pending,,,,5
img_00010329,images/img_00010329.jpg,02_deepfirearm,deepfirearm,e45c739ce6ce7cfea9f2735fe7bc7aa8f1fa84c9bf2a49ca25411e6c9887cebe,,pending,,,,5
img_00010330,images/img_00010330.jpg,02_deepfirearm,deepfirearm,f1a3cbe5b599a8d0f090e04b791863a1ab290071bde5de867d8384ff13d47ef7,,pending,,,,5
img_00010331,images/img_00010331.jpg,02_deepfirearm,deepfirearm,3cf9866b11bf1c3af7537998a3b7977412946d9750800b1a8e3646dcd671ead4,,pending,,,,5
img_00010332,images/img_00010332.jpg,02_deepfirearm,deepfirearm,0d1b31b190e5e464915b40c41190da283a8d8f67d6350be9a2f738f38fa06cf5,,pending,,,,5
img_00010333,images/img_00010333.jpg,02_deepfirearm,deepfirearm,8f3da614fe1cbc7e4f06538a8d7cb6732c840093f401bb74f4a2b09d8ef3de1c,,pending,,,,5
img_00010334,images/img_00010334.jpg,02_deepfirearm,deepfirearm,0a39946cfe8d1210f15d4c0ae77cb2b221e8ff455f307a55cabe55177289c826,,pending,,,,5
img_00010335,images/img_00010335.jpg,02_deepfirearm,deepfirearm,b980c476d76201e0023750c89d27f63042da1939bb353dfb68797e9992428dd9,,pending,,,,5
img_00010336,images/img_00010336.jpg,02_deepfirearm,deepfirearm,e698dfaaa10e7593add49a531b3ca4637e97802851212f002819564585cf4308,,pending,,,,5
img_00010337,images/img_00010337.jpg,02_deepfirearm,deepfirearm,43407c46c828606d9142d5d80e88103ee3eb05f022dbefe21d1051059b666ab8,,pending,,,,5
img_00010338,images/img_00010338.jpg,02_deepfirearm,deepfirearm,ddd71bc003a995be10e588789cd137ff1f00d2e351834c2f35541bf189439c50,,pending,,,,5
img_00010339,images/img_00010339.jpg,02_deepfirearm,deepfirearm,70b9c58ac0d4eafa68fc0b627bb860bf5649b8c94bf545c06a32310a9cd9e918,,pending,,,,5
img_00010340,images/img_00010340.jpg,02_deepfirearm,deepfirearm,98ed55eea9e21a6320d64e99766d5f3ac1c6845eb4889537795da5f721aebd80,,pending,,,,5
img_00010341,images/img_00010341.jpg,02_deepfirearm,deepfirearm,46364239f6856c780ad4a14f9a708c8d92501294b03f666147b5d9f6df8a66b7,,pending,,,,5
img_00010342,images/img_00010342.jpg,02_deepfirearm,deepfirearm,19d295fa96054c7fcbf71c63a91ef2a25d1c241cde0999fae9bc94df7e49f066,,pending,,,,5
img_00010343,images/img_00010343.jpg,02_deepfirearm,deepfirearm,2bea9c14c7f12459051923cc99f73db4238851325359f7cdf329305e95354552,,pending,,,,5
img_00010344,images/img_00010344.jpg,02_deepfirearm,deepfirearm,8c48818f6068812e382c0a788e3f94768f14112a930b1b3301afbf68f4edaada,,pending,,,,5
img_00010345,images/img_00010345.jpg,02_deepfirearm,deepfirearm,4e8464556b616099578161ab9a154f314752516211ad7126a83b28d6d1b72b7f,,pending,,,,5
img_00010346,images/img_00010346.jpg,02_deepfirearm,deepfirearm,54004b5277c9536bf4242db18a34c794f14ebaffb1ea7fcc16424b27ba0b0e9b,,pending,,,,5
img_00010347,images/img_00010347.jpg,02_deepfirearm,deepfirearm,6bfffb16de72a663068cf2eab5327b99728910d4d7d016242c5e89bc90f648f9,,pending,,,,5
img_00010348,images/img_00010348.jpg,02_deepfirearm,deepfirearm,cb38e758f401ea76be7fa9ccd6d97aec37874802c1ef1af92f3373349406509c,,pending,,,,5
img_00010349,images/img_00010349.jpg,02_deepfirearm,deepfirearm,cee02aaca8d4ade1c393af10ec95352e391ad04da4f213a7c178fe2f577e0f5a,,pending,,,,5
img_00010350,images/img_00010350.jpg,02_deepfirearm,deepfirearm,9632d04b8b4bb2ed43c99aaa318d5816b69d187131439dcd1fc80320ebb5382c,,pending,,,,5
img_00010351,images/img_00010351.jpg,02_deepfirearm,deepfirearm,726700bf4279cadd809c4755a597c34a9d0d928acd7aa48e5d5afd1074cafc58,,pending,,,,5
img_00010352,images/img_00010352.jpg,02_deepfirearm,deepfirearm,57959d7c7237d09da1260888acdeed64e41d50931d5338bbd72050b4607221d9,,pending,,,,5
img_00010353,images/img_00010353.jpg,02_deepfirearm,deepfirearm,6e329fa439fbbf714c06bc1e8c11c524df81506d21c96d74ef4a9b6211781f69,,pending,,,,5
img_00010354,images/img_00010354.jpg,02_deepfirearm,deepfirearm,f78c81f1f9210d79d2b98a76bcc3faeedd57e9bdc9cfee010a2f9eb978ecba14,,pending,,,,5
img_00010355,images/img_00010355.jpg,02_deepfirearm,deepfirearm,c60d2fc86e04c6fcc3dfc2b3288f4f760508450c8198fb7708cd5f73605d3a84,,pending,,,,5
img_00010356,images/img_00010356.jpg,02_deepfirearm,deepfirearm,372c4ebaa613cbcf26ab06e134695ea8580016fa39beeaec1e4bb1cb36737c21,,pending,,,,5
img_00010357,images/img_00010357.jpg,02_deepfirearm,deepfirearm,7427b0179892fb9522d4d2a8eca98b5464291a3435c27c2f990276ac6021b9a8,,pending,,,,5
img_00010358,images/img_00010358.jpg,02_deepfirearm,deepfirearm,12cad57e6b7ab548a376c28d79351341f3da8361fb05583a56008e650fa7cc08,,pending,,,,5
img_00010359,images/img_00010359.jpg,02_deepfirearm,deepfirearm,6a16cd1d4877030f02f67615b38f690ee20ed05573bd9b69302838f915aecf8e,,pending,,,,5
img_00010360,images/img_00010360.jpg,02_deepfirearm,deepfirearm,c64a22f420db6195d1e926b39b9cbde820b92aac6defadd1b9b525750a716930,,pending,,,,5
img_00010361,images/img_00010361.jpg,02_deepfirearm,deepfirearm,f1838bd84017dfaef22f00d10609eb0891d0608ddce4daa975df69110dfbd009,,pending,,,,5
img_00010362,images/img_00010362.jpg,02_deepfirearm,deepfirearm,7ac136d041927ece36eae87a8792ff3d40283ed01c5b707f90d7062b311f98e0,,pending,,,,5
img_00010363,images/img_00010363.jpg,02_deepfirearm,deepfirearm,f052e33ec2186b158c2306e781606a5c79e1dc0a2098fcd73e767514d9a6416f,,pending,,,,5
img_00010364,images/img_00010364.jpg,02_deepfirearm,deepfirearm,07f3c0a8e8d1ce938739dce9278227ab663718d8e42fe50a773751b43036b655,,pending,,,,5
img_00010365,images/img_00010365.jpg,02_deepfirearm,deepfirearm,36d23cff2a0832c972a7c48b713a7cacd6a8ee702d87e70966aafe572a41605e,,pending,,,,5
img_00010366,images/img_00010366.jpg,02_deepfirearm,deepfirearm,3948b27f5cb7e750dc4181efdeb3575b5e4d6c880c5e72e9848d33ae9ed386f6,,pending,,,,5
img_00010367,images/img_00010367.jpg,02_deepfirearm,deepfirearm,18ed94cd4d6ef011faea8404de2779126cf88c60cfa25f31896779e9a3733185,,pending,,,,5
img_00010368,images/img_00010368.jpg,02_deepfirearm,deepfirearm,39b3db1530a2f06fc906574cfca864725f6b4a10afae41fef4952c5b0b95ae65,,pending,,,,5
img_00010369,images/img_00010369.jpg,02_deepfirearm,deepfirearm,58ec13e49988a7451740e21c0c2a9ddb386a3b3541c775f79187280c9b4fda9d,,pending,,,,5
img_00010370,images/img_00010370.jpg,02_deepfirearm,deepfirearm,2d1230bbd89dcc36b62ba1d0b36a7a8ae5dde1c8d2cda129412657b398d2035d,,pending,,,,5
img_00010371,images/img_00010371.jpg,02_deepfirearm,deepfirearm,8450c541b1d205be4be94c0f586d268d724bf40da97b043f3f3d6ff7b6340da7,,pending,,,,5
img_00010372,images/img_00010372.jpg,02_deepfirearm,deepfirearm,c3b23bce9b229a9e6acb6ab3916738021d2f492c83b84e1e1d6199619dc5c8ff,,pending,,,,5
img_00010373,images/img_00010373.jpg,02_deepfirearm,deepfirearm,e66ad59d812378933a8668f13a8affcb33c6adcdcb20409696eb65a6dff08c99,,pending,,,,5
img_00010374,images/img_00010374.jpg,02_deepfirearm,deepfirearm,dde3c0e7efe7333276cf55f91af73fb635de98f665e295ebd2c0adfdea73843e,,pending,,,,5
img_00010375,images/img_00010375.jpg,02_deepfirearm,deepfirearm,7f75d481606b7380f56535064e4cd45d21ecfd2c8d501b8ad354870b99daa00f,,pending,,,,5
img_00010376,images/img_00010376.jpg,02_deepfirearm,deepfirearm,839514c09cb233a243b63607b66a42622ef96778a46497d809423fc69d913a34,,pending,,,,5
img_00010377,images/img_00010377.jpg,02_deepfirearm,deepfirearm,20c80141b9841e62c12c514c7eb6d7e5dd4c66e23837dc06e3108674e4628e15,,pending,,,,5
img_00010378,images/img_00010378.jpg,02_deepfirearm,deepfirearm,42ee005103dcab0a1f6ea0da85dfdde67e8e5492b5466d335e21543bace6267a,,pending,,,,5
img_00010379,images/img_00010379.jpg,02_deepfirearm,deepfirearm,6dbd9487d9e077dcdf7f265d5d3d1820c788fb6af4131c3410dcaf2a31ae2e8c,,pending,,,,5
img_00010380,images/img_00010380.jpg,02_deepfirearm,deepfirearm,3525a5a93eceefb44627f1fe31d40232b58ad010cc282f3730c7198ecf291c76,,pending,,,,5
img_00010381,images/img_00010381.jpg,02_deepfirearm,deepfirearm,9796579f8dbb55e33c750c0c49bcf3a3334fbe67e370baa87fc6147e3d1e9304,,pending,,,,5
img_00010382,images/img_00010382.jpg,02_deepfirearm,deepfirearm,e36027ce6a0f949d1b6d8f11ea10b66d16f3c55bb42a8b800a3019f61d0a61d4,,pending,,,,5
img_00010383,images/img_00010383.jpg,02_deepfirearm,deepfirearm,5e93bdf6482dc525c9b49155a1a3498eb04b110c948f210573740fda796437f6,,pending,,,,5
img_00010384,images/img_00010384.jpg,02_deepfirearm,deepfirearm,f625b6b0f4eeae5ff0ff15a0abd07de7a34e9f2173ab22eb409b4c055226f178,,pending,,,,5
img_00010385,images/img_00010385.jpg,02_deepfirearm,deepfirearm,6df4550e42d0d861f418ddbb661999956305e89ece75da0ec2a79672ee86c74a,,pending,,,,5
img_00010386,images/img_00010386.jpg,02_deepfirearm,deepfirearm,8f66eb88c8177d4ff16496186f3ad5fa3c3601bca97745c1927cda64036a7088,,pending,,,,5
img_00010387,images/img_00010387.jpg,02_deepfirearm,deepfirearm,b65eff4557e0e429e258f51e1a04fb65af5e936ad2f9ac486634c3e6f2ddd67d,,pending,,,,5
img_00010388,images/img_00010388.jpg,02_deepfirearm,deepfirearm,5cc0b8f89af0e428e7465221403aef5970e540ce73b678a9bd4375f1abc72b37,,pending,,,,5
img_00010389,images/img_00010389.jpg,02_deepfirearm,deepfirearm,69a78b6742309319dec27a3a5b5a597bada9cd204cfb300e649c057aaaa46d05,,pending,,,,5
img_00010390,images/img_00010390.jpg,02_deepfirearm,deepfirearm,d437e7be5e215fabfd8ba04245d616f009c03aeed465e481d746e6a59d56d880,,pending,,,,5
img_00010391,images/img_00010391.jpg,02_deepfirearm,deepfirearm,519f8994bb7601243041a66a9f4fa2dab1c0fc984572865261818fa8a9c57eb3,,pending,,,,5
img_00010392,images/img_00010392.jpg,02_deepfirearm,deepfirearm,c02a3dd043e2c7abbc4faf99ece331d9c525f74d47cbc201a13a377629d964b1,,pending,,,,5
img_00010393,images/img_00010393.jpg,02_deepfirearm,deepfirearm,e0ccfdd058629ccc5fee8dda3ff8d244a3846b7be5f386c164a273dcebe85808,,pending,,,,5
img_00010394,images/img_00010394.jpg,02_deepfirearm,deepfirearm,8491f37dfc130cca79e82d22829c66b42682649895bcf84236d6e9e902c28dfb,,pending,,,,5
img_00010395,images/img_00010395.jpg,02_deepfirearm,deepfirearm,b07a680f7e7bb792747fc374eb49a3d87ac7a6667921d1029bd5a69c3306e272,,pending,,,,5
img_00010396,images/img_00010396.jpg,02_deepfirearm,deepfirearm,83ccd0f15ec37f4f4d9ef61268c57e9db4aabafcbea06d42eb6890c40e6db4e8,,pending,,,,5
img_00010397,images/img_00010397.jpg,02_deepfirearm,deepfirearm,b0ba04f07635dc2c35c101d1c4350e8f9b434f820ed79b687bb20bc58ff53b24,,pending,,,,5
img_00010398,images/img_00010398.jpg,02_deepfirearm,deepfirearm,c8c23501c4fbdd797079836af7f579d5cc3e97906aad923c8e33e2c60d6c1207,,pending,,,,5
img_00010399,images/img_00010399.jpg,02_deepfirearm,deepfirearm,12e3a80c9dc5e305c5162de28f6e26619b2a7c35604414c50483c3417536b966,,pending,,,,5
img_00010400,images/img_00010400.jpg,02_deepfirearm,deepfirearm,2da2978690484de8190c3db0422ff1cdf482ccc9be7670a98808723ac7e86c9d,,pending,,,,5
img_00010401,images/img_00010401.jpg,02_deepfirearm,deepfirearm,043c15672ae1f9da4fd7dd086e55cb3de227a18f3f79fa672781fee7476ef6f7,,pending,,,,5
img_00010402,images/img_00010402.jpg,02_deepfirearm,deepfirearm,3893b4fc73c29275ee6e3e538f8c7b6eb9b92281fc36851b536563fbcaa0fa2f,,pending,,,,5
img_00010403,images/img_00010403.jpg,02_deepfirearm,deepfirearm,0fcf6811fbd7de2da19e52a05c7512e2c997e81904e501a3f1378572749b692b,,pending,,,,5
img_00010404,images/img_00010404.jpg,02_deepfirearm,deepfirearm,c1b1df1faa7ed984f253668800649333d89ce7f9e37c3e0d8f60f8737e41671d,,pending,,,,5
img_00010405,images/img_00010405.jpg,02_deepfirearm,deepfirearm,b3cf84f3555a33b8a009efadb6962f05abfa26477f30f938faafbe955aa8913d,,pending,,,,5
img_00010406,images/img_00010406.jpg,02_deepfirearm,deepfirearm,0785490847e7917db7a1a1165b978a719ff2c034f3017e476198afc9fe2b8389,,pending,,,,5
img_00010407,images/img_00010407.jpg,02_deepfirearm,deepfirearm,c74a457fee64d57e13a51e27002fedfd5ae125a756fcb4e1bf708c079d082542,,pending,,,,5
img_00010408,images/img_00010408.jpg,02_deepfirearm,deepfirearm,a14ba8d44acfe4d9348686803714974d819ed47afd9428bd6b258acfacc22ba8,,pending,,,,5
img_00010409,images/img_00010409.jpg,02_deepfirearm,deepfirearm,22fb2b448bc8f34248496d4582ada3865ebc085e70ac4e49fc7a655ad2d5f9cf,,pending,,,,5
img_00010410,images/img_00010410.jpg,02_deepfirearm,deepfirearm,f9d5aaca7a5d6bb8ba0cbc0a3391992c1ffa92afaf2115c3db3b068c66e046be,,pending,,,,5
img_00010411,images/img_00010411.jpg,02_deepfirearm,deepfirearm,9886f7bfb75b7c22ddaf0a48a2cbff489e1461168da5877a0a64362f61da2545,,pending,,,,5
img_00010412,images/img_00010412.jpg,02_deepfirearm,deepfirearm,bc887ccfeeef9aa650cc86c04c7dec152752b084dd195839c1e22b4532855080,,pending,,,,5
img_00010413,images/img_00010413.jpg,02_deepfirearm,deepfirearm,b2b74002199d2a3945751b37fbc2ed6a4dc8ccff28b9e45bd61a686e7527f6c8,,pending,,,,5
img_00010414,images/img_00010414.jpg,02_deepfirearm,deepfirearm,82e7490e763669626e7075e3b6d2ae9b5d438ba2fddb0261d6d212d6fcaa2a80,,pending,,,,5
img_00010415,images/img_00010415.jpg,02_deepfirearm,deepfirearm,df269216ae04bf705bb6477a3c71c635f3a21be618d77f61e040d1ed29ca831c,,pending,,,,5
img_00010416,images/img_00010416.jpg,02_deepfirearm,deepfirearm,2f9d8eeb96eafec9859e7b587c6aa3032d5984cbf75d563f420d4318911251f6,,pending,,,,5
img_00010417,images/img_00010417.jpg,02_deepfirearm,deepfirearm,df61d9fbacf652af08b15eb43fe1fa55013924063b6c0067f837cb5ab8096c65,,pending,,,,5
img_00010418,images/img_00010418.jpg,02_deepfirearm,deepfirearm,4ad8877071d2404c32992c75ff73d9170138ebf675f16ce81bf85243f3e08e72,,pending,,,,5
img_00010419,images/img_00010419.jpg,02_deepfirearm,deepfirearm,511d3a37ace4b219bfadd7846bfabeefdd8d5c18070fb0a39e3560ceed24e797,,pending,,,,5
img_00010420,images/img_00010420.jpg,02_deepfirearm,deepfirearm,9d907734804f61ec64eca0a8b5d35f40c37bd3debe12f8fbb4077efa1a564ea0,,pending,,,,5
img_00010421,images/img_00010421.jpg,02_deepfirearm,deepfirearm,54e929045fc9b3aa81f184260fbd9af5da2e0e43efa1f023e773ab0a72bfff3e,,pending,,,,5
img_00010422,images/img_00010422.jpg,02_deepfirearm,deepfirearm,af749915bfdc91b0ac808bd872c9cd0aaff2d24bbe0da5aabb9620e1b471f0f1,,pending,,,,5
img_00010423,images/img_00010423.jpg,02_deepfirearm,deepfirearm,734a93cc048a6ee0f8b9baa351ea070556be0662eb552bd411ea4ff082f0a578,,pending,,,,5
img_00010424,images/img_00010424.jpg,02_deepfirearm,deepfirearm,710f2aa32a85a82ba51ac57738f8fbab9ae1892cda3fa57a06a9aa81dd31bb48,,pending,,,,5
img_00010425,images/img_00010425.jpg,02_deepfirearm,deepfirearm,5be3e1322d71765ef3c36b21127554799ace5f90fec2cfbe3207883ff301933e,,pending,,,,5
img_00010426,images/img_00010426.jpg,02_deepfirearm,deepfirearm,3f6ba74588b3bdcd1ce166a24912ae8970338b22d1a43328dac8233526b986b6,,pending,,,,5
img_00010427,images/img_00010427.jpg,02_deepfirearm,deepfirearm,227f8b2cd82586f3efb95e89f738e71ed4dba7b030aff27d5606fcdf63ccb985,,pending,,,,5
img_00010428,images/img_00010428.jpg,02_deepfirearm,deepfirearm,65a29ea4e27dd7ccd23b257a1a2a7bd3ea42a2a3b4a74bc281d96ec4eb1d1ee8,,pending,,,,5
img_00010429,images/img_00010429.jpg,02_deepfirearm,deepfirearm,7b5471faa2c1bd3b8fd335025a1394695299c2aa9a79269eb5877776b4bbb295,,pending,,,,5
img_00010430,images/img_00010430.jpg,02_deepfirearm,deepfirearm,51d36f34dc5943cd3618b3bcdfb86601a9bf5b527ca5f626191e90f09e15a91c,,pending,,,,5
img_00010431,images/img_00010431.jpg,02_deepfirearm,deepfirearm,b7e06e7f04c14bfa600aea6a09a1753e58f682b05368f400407916a6feb12dfe,,pending,,,,5
img_00010432,images/img_00010432.jpg,02_deepfirearm,deepfirearm,dba5c612ddd4bda5b386a26070fe0eb766ea6600395fcaf5ed5d57ad283d9041,,pending,,,,5
img_00010433,images/img_00010433.jpg,02_deepfirearm,deepfirearm,55f3320bf2862f18ad3d5d04735e50181b540eab361f25b9d7cd5782b81443c9,,pending,,,,5
img_00010434,images/img_00010434.jpg,02_deepfirearm,deepfirearm,4654984b170e39a772820e46f162d5a1311e40fd1f5069687c30eae2b8af42e2,,pending,,,,5
img_00010435,images/img_00010435.jpg,02_deepfirearm,deepfirearm,b8a23d5771ab473f5bdc0afd1b71ca099d6cfe3120e3c91ff1b420aa24c25ee9,,pending,,,,5
img_00010436,images/img_00010436.jpg,02_deepfirearm,deepfirearm,c09a5535d85acea83f2815f9268b3e8dfdd24dd920cce6b1f9f54c7be28e2a1d,,pending,,,,5
img_00010437,images/img_00010437.jpg,02_deepfirearm,deepfirearm,1973598ff23b47270ebded7e57844b8c9ff645f0090275b2b9f02143c41503fd,,pending,,,,5
img_00010438,images/img_00010438.jpg,02_deepfirearm,deepfirearm,a6d21c3771f18e38c7f5c8ea18e72223955f845d684cb3d407dbdf92c58e77e4,,pending,,,,5
img_00010439,images/img_00010439.jpg,02_deepfirearm,deepfirearm,8f7cc5e2668bec36964cd42e034cdd1759e6986d99e669e504791b53851c63b1,,pending,,,,5
img_00010440,images/img_00010440.jpg,02_deepfirearm,deepfirearm,6275717a42a805384755e2f83116d9ec4bb438e6035ae0203a71118d5babaaf7,,pending,,,,5
img_00010441,images/img_00010441.jpg,02_deepfirearm,deepfirearm,9c446840ac7b5626aa596e52a9d3e0163b0c5978f4c8b6a0fb1a2f4be5cf0cc3,,pending,,,,5
img_00010442,images/img_00010442.jpg,02_deepfirearm,deepfirearm,81750abdfc9f2a09b85e52d3b82b0491a19cc2cfa3efe77986430c1e09dcbb24,,pending,,,,5
img_00010443,images/img_00010443.jpg,02_deepfirearm,deepfirearm,df392515b47229e3affe7ea75e3904bdac86ad871de1668e2ca005c907f5902a,,pending,,,,5
img_00010444,images/img_00010444.jpg,02_deepfirearm,deepfirearm,8f286dff5327f42a6c8d83821c95add9289668f44fef7e2fdac2d3ce66ce9f84,,pending,,,,5
img_00010445,images/img_00010445.jpg,02_deepfirearm,deepfirearm,6127c499c6277daa67a7af4e15ec3e5e06f4377211ef3db2bf77e17a0fee065b,,pending,,,,5
img_00010446,images/img_00010446.jpg,02_deepfirearm,deepfirearm,1edb2055e3061a24db1795ba4928e8b60c35ffdb367830115edccf8045c63532,,pending,,,,5
img_00010447,images/img_00010447.jpg,02_deepfirearm,deepfirearm,def948d6dda44996ad4fa994712656c82fdd639834245959ce59eb32895e5b41,,pending,,,,5
img_00010448,images/img_00010448.jpg,02_deepfirearm,deepfirearm,40e2c212e76fe941bc96ccd04965ef330587085792bb02276d4c86527b5ada90,,pending,,,,5
img_00010449,images/img_00010449.jpg,02_deepfirearm,deepfirearm,8a8051630ff26aa2b93963d28939ecd421297c3c4d8d8a4b1e513ab4ce9b9919,,pending,,,,5
img_00010450,images/img_00010450.jpg,02_deepfirearm,deepfirearm,fff433ae8bb50b53c4d5f50efe8d241d73a1567854485df46ad21b6c6ec4fbf9,,pending,,,,5
img_00010451,images/img_00010451.jpg,02_deepfirearm,deepfirearm,a721bd1b4509598b150f6e81c953542a9c2a4cc37336139cd8fe11004f2f4728,,pending,,,,5
img_00010452,images/img_00010452.jpg,02_deepfirearm,deepfirearm,b37057e427131c43b4e29cbb0d1112d139bab1fd7089c33256c2fc721f53be0f,,pending,,,,5
img_00010453,images/img_00010453.jpg,02_deepfirearm,deepfirearm,846aaafee4003cf66d252ce86b1bf379d4b130cf87ddc907f0c7e1e17fe8e05e,,pending,,,,5
img_00010454,images/img_00010454.jpg,02_deepfirearm,deepfirearm,9cd06eb3b9cab561f361040293fef555ad7b2edfb11d9159e41010866e193b38,,pending,,,,5
img_00010455,images/img_00010455.jpg,02_deepfirearm,deepfirearm,a65bfe038f083e864877ede5ca0e28b27e7b943303aec336710bc8af0128899d,,pending,,,,5
img_00010456,images/img_00010456.jpg,02_deepfirearm,deepfirearm,2990b8590cc7768ca0ceda2152e98348ec924c7837c911e0b41c6120807aef23,,pending,,,,5
img_00010457,images/img_00010457.jpg,02_deepfirearm,deepfirearm,c3b00e8f07b62a6861018c16dc31d18ae0ad79b4137a812618242ece9dee1c0f,,pending,,,,5
img_00010458,images/img_00010458.jpg,02_deepfirearm,deepfirearm,0ab4907126a7e73d020d6356da286cf95c330a76031fa4a1a6f6c3605b1bc7d3,,pending,,,,5
img_00010459,images/img_00010459.jpg,02_deepfirearm,deepfirearm,6fd26925301d9afd256b1135feb333757460ca853e858883a054c16d52c7546a,,pending,,,,5
img_00010460,images/img_00010460.jpg,02_deepfirearm,deepfirearm,d6a19704c0249ba8a6e2242bc4ebf902d29534d590cc18a7cad86df33aff55b4,,pending,,,,5
img_00010461,images/img_00010461.jpg,02_deepfirearm,deepfirearm,9c4757649445d31c8bcdb9235ce270d95572426ed1ff999460915abfcbef258b,,pending,,,,5
img_00010462,images/img_00010462.jpg,02_deepfirearm,deepfirearm,3479951be7c9e36517a42bc11010d79137cc1716ec291fb2105a689a3ca646c5,,pending,,,,5
img_00010463,images/img_00010463.jpg,02_deepfirearm,deepfirearm,fafa89637e6aa33d5f8b308611906efb107ee122de5cd2e4753f7a88a2abeba5,,pending,,,,5
img_00010464,images/img_00010464.jpg,02_deepfirearm,deepfirearm,ae7e2c45105e98f14324acfbcc5435a8de4023b0b21099af562beb5369435e11,,pending,,,,5
img_00010465,images/img_00010465.jpg,02_deepfirearm,deepfirearm,c6d05e08bbf982b8bbe702bd17b5d63fb8da052e63c86279b8aebe1e004c8b44,,pending,,,,5
img_00010466,images/img_00010466.jpg,02_deepfirearm,deepfirearm,6969c0fc7dfb5fe0b7a5b3614b64ff8173d0ce02c4245c5e882c1a77d7abf6a6,,pending,,,,5
img_00010467,images/img_00010467.jpg,02_deepfirearm,deepfirearm,da948537b0c656d16f6a3e28ab2295a616077dc1c83718afafdb7166f333c161,,pending,,,,5
img_00010468,images/img_00010468.jpg,02_deepfirearm,deepfirearm,5b30f7e4bc502f36a1440ef06d65f70d76796edaba8088cb114b1b3913b1aabe,,pending,,,,5
img_00010469,images/img_00010469.jpg,02_deepfirearm,deepfirearm,43b9a8e55efba2f338858b2bdab2c1e8fd19378d365f9cac01ac7bcbaaf4baf1,,pending,,,,5
img_00010470,images/img_00010470.jpg,02_deepfirearm,deepfirearm,8701ebfb859c05c72a3936b48ee312e4957fe0d825817c90825c43c2ea5d82a1,,pending,,,,5
img_00010471,images/img_00010471.jpg,02_deepfirearm,deepfirearm,98a6ec5f4d0c9a90ce154062ea7a90b2301060a709fe929edb15b9b7462bdb57,,pending,,,,5
img_00010472,images/img_00010472.jpg,02_deepfirearm,deepfirearm,af7f48968b2ac42ca6d5d9ec8f0473ec02842e9ebc68d22ab3089c405649d884,,pending,,,,5
img_00010473,images/img_00010473.jpg,02_deepfirearm,deepfirearm,85a6202a8f06a421fa6eafd2bc11ab66056d23268cdec8181a3a1f7bff42f88f,,pending,,,,5
img_00010474,images/img_00010474.jpg,02_deepfirearm,deepfirearm,a2263969ddd084b4404ef1bbfb0b42517ba536fda9d8afa6d64315397e7eb23b,,pending,,,,5
img_00010475,images/img_00010475.jpg,02_deepfirearm,deepfirearm,63bd7c350894c33a4871a0393e7baa4385bad6eec2cfc92a481b6e9afe93990b,,pending,,,,5
img_00010476,images/img_00010476.jpg,02_deepfirearm,deepfirearm,a54a8bc97bf3766f0e45bb18fea3daa3ae0cdbef732b5bdd489176e342670622,,pending,,,,5
img_00010477,images/img_00010477.jpg,02_deepfirearm,deepfirearm,e70c9f5c5d00c38c910298e56676d9227b0ce89d9919c02b95c3d1fd924f08c8,,pending,,,,5
img_00010478,images/img_00010478.jpg,02_deepfirearm,deepfirearm,426c687a561b1076c2af424a88b4d07870278dc08902e46dcde47527ea74162b,,pending,,,,5
img_00010479,images/img_00010479.jpg,02_deepfirearm,deepfirearm,db3301a0708543acb368bb13c2378798d15591382c422415233bebf88db39d13,,pending,,,,5
img_00010480,images/img_00010480.jpg,02_deepfirearm,deepfirearm,f97f154119229069f99b8110139fd7d0f76826c26d0d9d431b2351b209dcceed,,pending,,,,5
img_00010481,images/img_00010481.jpg,02_deepfirearm,deepfirearm,c269c6c4a306f0de3f27a20c4caddff82df45de10beea7b2bf59ccf1c324669b,,pending,,,,5
img_00010482,images/img_00010482.jpg,02_deepfirearm,deepfirearm,1fd0e6bae95d2dab77bd3efce26bf09ca59da63bd2149faaf2af864be7ee20d9,,pending,,,,5
img_00010483,images/img_00010483.jpg,02_deepfirearm,deepfirearm,9479f843b7f27350872bf3647b8b471d2701401919ffef4a902ea7f8acc25784,,pending,,,,5
img_00010484,images/img_00010484.jpg,02_deepfirearm,deepfirearm,8b05eb8dd39b17ea834df4cb1c570c3b22f1d9e9347af739ecf798c81ad2a16c,,pending,,,,5
img_00010485,images/img_00010485.jpg,02_deepfirearm,deepfirearm,6468f68213499393fcd4a1be95a3e26a024dab5163c26ea8b0e8c2229b1867b9,,pending,,,,5
img_00010486,images/img_00010486.jpg,02_deepfirearm,deepfirearm,0d6ba146f5fd7f73a1b4d498b4229f5fe9c86cc2eef76cbfe9972b686af4d1bd,,pending,,,,5
img_00010487,images/img_00010487.jpg,02_deepfirearm,deepfirearm,5b3b220090508c5471bd2b01f441ce71475c161ae62c67048b7a517e90266aa4,,pending,,,,5
img_00010488,images/img_00010488.jpg,02_deepfirearm,deepfirearm,1ba3bd015c298cbf865e26717a78fa69d2c01d5b2cf36e9c68d85f32390c2d31,,pending,,,,5
img_00010489,images/img_00010489.jpg,02_deepfirearm,deepfirearm,977ea6c79824d5fb9727655cea89d73363a3d62d2d3ad66f2df93af4aa0d85ae,,pending,,,,5
img_00010490,images/img_00010490.jpg,02_deepfirearm,deepfirearm,a2741c0403696e3f144d1b4e50c3d94b7fa8a8aba117d2b38f75a06154f4a5e3,,pending,,,,5
img_00010491,images/img_00010491.jpg,02_deepfirearm,deepfirearm,9e85699013d7cd0752dab09b14123ca106dfb2f7cfacf0bc4cab93f4aebd101b,,pending,,,,5
img_00010492,images/img_00010492.jpg,02_deepfirearm,deepfirearm,6671881bfee5d15cbc7f9eeb5eea4bf8512336e97be79fb1528e0a912a6ad503,,pending,,,,5
img_00010493,images/img_00010493.jpg,02_deepfirearm,deepfirearm,6c12d15e80a9f598b112c340b9628159a3be47cd37450ed91abdf523edd80b0f,,pending,,,,5
img_00010494,images/img_00010494.jpg,02_deepfirearm,deepfirearm,53bf88eb56aeb10274636b212686457128034d6f1228909fef25143f74326330,,pending,,,,5
img_00010495,images/img_00010495.jpg,02_deepfirearm,deepfirearm,6b7ee82957964b78ec76f0e1cd12b5072d56f5adb69409a3f198b9898cd24575,,pending,,,,5
img_00010496,images/img_00010496.jpg,02_deepfirearm,deepfirearm,320e643ee0864b663d93627a720f92c3a937dd0c60c7129cb6369ad92a3b2635,,pending,,,,5
img_00010497,images/img_00010497.jpg,02_deepfirearm,deepfirearm,74b2eb79f79d4a07519d6394cd8817b80f2b83188ffb5bd7c46003fc4762c80a,,pending,,,,5
img_00010498,images/img_00010498.jpg,02_deepfirearm,deepfirearm,b00bf65b0783c394bbefc7c8ce1252f96523362b74ac235576d85e3826899933,,pending,,,,5
img_00010499,images/img_00010499.jpg,02_deepfirearm,deepfirearm,d3b8b4d536355b99dc39554eb1dd74b17802c7dcfb1f81cc68601bb2d5f58405,,pending,,,,5
img_00010500,images/img_00010500.jpg,02_deepfirearm,deepfirearm,26887f7b7f267338d2e8ab5f540dabaac3c8d39557434b547d7a4d4d5d3a7ca6,,pending,,,,5
img_00010501,images/img_00010501.jpg,02_deepfirearm,deepfirearm,b72836602d7c7f49e5ab6644b00cc99991e3fabf5a636521839eaac4bb2218c5,,pending,,,,5
img_00010502,images/img_00010502.jpg,02_deepfirearm,deepfirearm,e8905769820b3931d4abd311844a26ffc60bb9da9afab4541ee41b6d05d1c980,,pending,,,,5
img_00010503,images/img_00010503.jpg,02_deepfirearm,deepfirearm,168c3be1386579b79e0da01c72dad9fb0f9fffab33e72286bd05d622d09f4845,,pending,,,,5
img_00010504,images/img_00010504.jpg,02_deepfirearm,deepfirearm,0f223295fdc3a4a7c01d184fa42b6dae582f25ebc53dce34eadd2f3b37449e12,,pending,,,,5
img_00010505,images/img_00010505.jpg,02_deepfirearm,deepfirearm,2ec70c2ee48790c3aab6939dfc0c301d92cf1dad3d673fdcbd205f49390d80ed,,pending,,,,5
img_00010506,images/img_00010506.jpg,02_deepfirearm,deepfirearm,9f47dc16273c0466200af47892c71180c9641249a3285c007b33e3300ec9f4ff,,pending,,,,5
img_00010507,images/img_00010507.jpg,02_deepfirearm,deepfirearm,2eaa5ed8f7ba112f6364ff3c703510122789ace6f3ce93455e868c650f434c85,,pending,,,,5
img_00010508,images/img_00010508.jpg,02_deepfirearm,deepfirearm,09bda18630d5d7473cf9d9b182c1db177f1aff2c2f41541bcd2b55d1fdf03505,,pending,,,,5
img_00010509,images/img_00010509.jpg,02_deepfirearm,deepfirearm,11a8f3036f81974bb8b945aaf7bdb0caf81b9794e8fbe42e9111bf5d9b8d91a0,,pending,,,,5
img_00010510,images/img_00010510.jpg,02_deepfirearm,deepfirearm,14d103d6ca15ce0fb8d159e4ab2c35a1995dfac3c14d2d1633f909cdc2533613,,pending,,,,5
img_00010511,images/img_00010511.jpg,02_deepfirearm,deepfirearm,89541168b99856e46cca18f7b2d308deefc65f57aa7d9f90c44a482d80efdf79,,pending,,,,5
img_00010512,images/img_00010512.jpg,02_deepfirearm,deepfirearm,d8491874a39c7330531e8a78c68165b739104e6b33085f0b9b8524dbdcba5406,,pending,,,,5
img_00010513,images/img_00010513.jpg,02_deepfirearm,deepfirearm,9d4808acc3483085ec217417a8eefe89c4fdef6029a2374a00fb87c140ed3364,,pending,,,,5
img_00010514,images/img_00010514.jpg,02_deepfirearm,deepfirearm,f224585102d053c1448becf42827f7ae9b7919568aed7cac3e49c56bace1c98e,,pending,,,,5
img_00010515,images/img_00010515.jpg,02_deepfirearm,deepfirearm,b866401a1811469b81dbfdef738f8a133b90c835aacc7dd459d761c2309f0257,,pending,,,,5
img_00010516,images/img_00010516.jpg,02_deepfirearm,deepfirearm,2ef6fe004891bc72fc7081a4faf4b27590163351615b948bf3edec7a61a3bc82,,pending,,,,5
img_00010517,images/img_00010517.jpg,02_deepfirearm,deepfirearm,db5fe7f1fdf239561d08452e4f799190a765ddf256891f2001dafca19e2a8270,,pending,,,,5
img_00010518,images/img_00010518.jpg,02_deepfirearm,deepfirearm,a0f581a6e16a1b03a73e22e646e667d5bd21543b91343466ee2013751f3e5e45,,pending,,,,5
img_00010519,images/img_00010519.jpg,02_deepfirearm,deepfirearm,cbf0bd7c48cec379c7019917bc0ba6003b67e1c9ea4bcc058a0b9bc70a1c8d04,,pending,,,,5
img_00010520,images/img_00010520.jpg,02_deepfirearm,deepfirearm,d3bb85c43179fc1db1b042a4fef5ffca9bd29c587b6fdb88a25e91bed188cd40,,pending,,,,5
img_00010521,images/img_00010521.jpg,02_deepfirearm,deepfirearm,3c16b61f61347ee4e0a60df32766eaea04f51515160e41ae13e71fd7e3d420a5,,pending,,,,5
img_00010522,images/img_00010522.jpg,02_deepfirearm,deepfirearm,ee42f5225475cbc358e3be474f64c117f7088da8727096701a048b733764a0d9,,pending,,,,5
img_00010523,images/img_00010523.jpg,02_deepfirearm,deepfirearm,a44bf4c9b24cf4e8ef1f60a53b65ac83e5441e5d47615d0179b338ea573c5a0d,,pending,,,,5
img_00010524,images/img_00010524.jpg,02_deepfirearm,deepfirearm,5154dc9ecc8288ecd470afc0f143e259735bb335cab60febf70245470a98acb4,,pending,,,,5
img_00010525,images/img_00010525.jpg,02_deepfirearm,deepfirearm,ee3bfd02750d86faf952b8ffcadd0239c28c9eec2653cdd0fbf0a2bbd293e234,,pending,,,,5
img_00010526,images/img_00010526.jpg,02_deepfirearm,deepfirearm,fe55f0f9c4fa1a6c2ce6d92b8f8adc025f98f959a9b127f2f751973e714db5a7,,pending,,,,5
img_00010527,images/img_00010527.jpg,02_deepfirearm,deepfirearm,f395cde3faf4984bf2df7a6ce9b851b4ea715ab508cceb87b81c245d3dc49b98,,pending,,,,5
img_00010528,images/img_00010528.jpg,02_deepfirearm,deepfirearm,cc7e9255f5b339a3d3e6495c580e58b6bf72b03287353fb4a408c1e7b8d0da3b,,pending,,,,5
img_00010529,images/img_00010529.jpg,02_deepfirearm,deepfirearm,f7676ae842c0ae4140aaa8c6f356fd789b472b09fa5aedfd26426a41ea32906b,,pending,,,,5
img_00010530,images/img_00010530.jpg,02_deepfirearm,deepfirearm,88dba89cd983d9796d1c364e92e5f6f624e9a84d290e1ed6ca86b33b230fc58d,,pending,,,,5
img_00010531,images/img_00010531.jpg,02_deepfirearm,deepfirearm,4d01c669fff3ac7429ec34616dff71ce93fed5065658338e3b46a31264d5e53b,,pending,,,,5
img_00010532,images/img_00010532.jpg,02_deepfirearm,deepfirearm,34fbb2242077bd003ddbb70813e19fb48274a681f2d27516770943a74b8475bc,,pending,,,,5
img_00010533,images/img_00010533.jpg,02_deepfirearm,deepfirearm,ac11f1cd1c58c219f1a3003eec732e14370b6e8673268b88105a1b811fca8b80,,pending,,,,5
img_00010534,images/img_00010534.jpg,02_deepfirearm,deepfirearm,9921a4fb1a2bb606863447c14c791f529f10d5b330194e271349f2f134b6ec2e,,pending,,,,5
img_00010535,images/img_00010535.jpg,02_deepfirearm,deepfirearm,a471d28e2dde3b828e46ea9cd04b0ff2b7f7748102cf45d0e9cdce932d59b926,,pending,,,,5
img_00010536,images/img_00010536.jpg,02_deepfirearm,deepfirearm,2a80e97b614a2a1958210e3c35f9de6cedce2ef16af96aabe2e2b152d6bfb06b,,pending,,,,5
img_00010537,images/img_00010537.jpg,02_deepfirearm,deepfirearm,601463494bdcc26dc1ccda1fa8008f95e8df69304bc4e3ee655d10197eb66f4b,,pending,,,,5
img_00010538,images/img_00010538.jpg,02_deepfirearm,deepfirearm,a0d57e0d6d1f068acdac9c69872373c0d5b101c21322de0b3165fa9cccacf21e,,pending,,,,5
img_00010539,images/img_00010539.jpg,02_deepfirearm,deepfirearm,1e1ac076c2063fb3eadc5bec0ea61361b27cb4975119d1d525afa2fcea8d7e07,,pending,,,,5
img_00010540,images/img_00010540.jpg,02_deepfirearm,deepfirearm,1ade5c99b71626c781059809ed7f0b2739854388120b845554f4bd537c97b67d,,pending,,,,5
img_00010541,images/img_00010541.jpg,02_deepfirearm,deepfirearm,ef9e694fe7a7a1b6abf21d77b817fbd016ae05580a198f18c79cdbf8f46139b6,,pending,,,,5
img_00010542,images/img_00010542.jpg,02_deepfirearm,deepfirearm,d1427552f16e159654e79bd8c6fc4a4e2f65b9ed570142b7322929d30d546d2f,,pending,,,,5
img_00010543,images/img_00010543.jpg,02_deepfirearm,deepfirearm,4cc8fe5b390db1a558d8e9317de59201d057811b894d29561ec868a1d6753f6b,,pending,,,,5
img_00010544,images/img_00010544.jpg,02_deepfirearm,deepfirearm,7d09a178d07067000edada6560d9d7e277a58dadd3188689470541809cf2d27d,weapon,reviewed,,Lello,2026-04-22T09:24:07+00:00,5
img_00010545,images/img_00010545.jpg,02_deepfirearm,deepfirearm,4748f4c43283912136d784b7d02ed4d9c18a239b0145a1a736998eb74c3c9b2b,,pending,,,,5
img_00010546,images/img_00010546.jpg,02_deepfirearm,deepfirearm,783b1e9c0bc36d6ebed6d8dfd6c3f0d350c76d128c2a601f225e4fff4042329c,weapon,reviewed,,Lello,2026-04-22T09:24:05+00:00,5
img_00010547,images/img_00010547.jpg,02_deepfirearm,deepfirearm,1472f967a0041cafdb71e97ceacf7fdd7a8e0c9526b83c58321563421b308521,weapon,reviewed,,Lello,2026-04-22T09:24:12+00:00,5
img_00010548,images/img_00010548.jpg,02_deepfirearm,deepfirearm,2e09b752cfd7bb85772be78f3e8df64ed2225d6abc180360f8741934df81bc3d,weapon,reviewed,,Lello,2026-04-22T09:24:10+00:00,5
img_00010549,images/img_00010549.jpg,02_deepfirearm,deepfirearm,964ce357efd85553ecb960941bc176c4c33f0a5c26d304b87cbd94677bc02ee2,,pending,,,,5
img_00010550,images/img_00010550.jpg,02_deepfirearm,deepfirearm,cf3b78a34b7bc4bd2012a82ee754ab2429227d43cb89d95ed8fd3b990f7676f7,weapon,reviewed,,Lello,2026-04-22T09:24:09+00:00,5
img_00010551,images/img_00010551.jpg,02_deepfirearm,deepfirearm,fc4c92dc3a9a81b896c88b5038a01632210edccf34bffdd565f9fa783df86be4,weapon,reviewed,,Lello,2026-04-22T09:24:08+00:00,5
img_00010552,images/img_00010552.jpg,02_deepfirearm,deepfirearm,48f66875007854ba1da4ab8e2f8a722b22fcec0c726eecb172727c43e6dd1fa5,,pending,,,,5
img_00010553,images/img_00010553.jpg,02_deepfirearm,deepfirearm,0ddc8a7a0cf8c5b5259db0efc417c6b19c218f0f80c3da5ba73ca9b9e8ce2f2c,,pending,,,,5
img_00010554,images/img_00010554.jpg,02_deepfirearm,deepfirearm,e0384058a13a306817c671d1217dfa57c66181c71a333b5c2d60116881d7818f,,pending,,,,5
img_00010555,images/img_00010555.jpg,02_deepfirearm,deepfirearm,2db9aef03cf8c8cf0ae504f19dcf1c8c883c223be564f4d28dd914c1414dfd17,,pending,,,,5
img_00010556,images/img_00010556.jpg,02_deepfirearm,deepfirearm,be94d2c01091b56b9577e04433edf9f91bee61b7b1376d9ba3032973ba9e8c4f,weapon,reviewed,,Lello,2026-04-22T09:24:11+00:00,5
img_00010557,images/img_00010557.jpg,02_deepfirearm,deepfirearm,d4be329aac62579931de0469d51d50777a38920af0f7264be2c8f4f62736ccd5,,pending,,,,5
img_00010558,images/img_00010558.jpg,02_deepfirearm,deepfirearm,12586ffbf704325d0e66cfa8642cb8d557133f012b7300e09e5a74237e5050ab,,pending,,,,5
img_00010559,images/img_00010559.jpg,02_deepfirearm,deepfirearm,75a9a8ef5f6007a3ca7a02182f84aaac8c87d45c0d9cd64a3afb022202138623,,pending,,,,5
img_00010560,images/img_00010560.jpg,02_deepfirearm,deepfirearm,d3a13d2fe0b6b1c3ef114bcccc066d4f91d72b0ea06b060996d8887e10597e52,,pending,,,,5
img_00010561,images/img_00010561.jpg,02_deepfirearm,deepfirearm,c12213b780a6da813e31483a7a6b552c2b4377d452b2bb419ab6ee04b0778db0,,pending,,,,5
img_00010562,images/img_00010562.jpg,02_deepfirearm,deepfirearm,d1801d012f3be0d3375833e78e9b9e42a1cac6af6826cbf66886a6545a6b6db0,,pending,,,,5
img_00010563,images/img_00010563.jpg,02_deepfirearm,deepfirearm,47f37e0ee94964c896229e613334d770c2717e03c5670cc01effd0ec3aed5732,,pending,,,,5
img_00010564,images/img_00010564.jpg,02_deepfirearm,deepfirearm,fd5bab3418b57e6123235cf8c38e3b53ebe710b8eea54a4e676b2f2361c1edeb,,pending,,,,5
img_00010565,images/img_00010565.jpg,02_deepfirearm,deepfirearm,a0a4de08523fc30b7ddf341763307140ae760de859c59cd5419bc6b3cea235c8,,pending,,,,5
img_00010566,images/img_00010566.jpg,02_deepfirearm,deepfirearm,946faae6bd975d12e1483cba9a406462f9558c79cafbdbc96f9803186ef96a8f,,pending,,,,5
img_00010567,images/img_00010567.jpg,02_deepfirearm,deepfirearm,9f0a32a39b0cb18ed8aa8158bbac2a796bac06ec40ca42ca76c4fc6ea56fa0c8,,pending,,,,5
img_00010568,images/img_00010568.jpg,02_deepfirearm,deepfirearm,3e424ee3ce6e9786d9013180348cc19d4f94b4f834f44ff45ace883b4f9697f6,,pending,,,,5
img_00010569,images/img_00010569.jpg,02_deepfirearm,deepfirearm,d5977ba00227bb1082a4a659e0a33319616cd21ec96e7923eacb1d46144cb85d,,pending,,,,5
img_00010570,images/img_00010570.jpg,02_deepfirearm,deepfirearm,1239a837a62e2b700b0003d415638ba4d5c101135124bf5df6dd41de5f90ec42,,pending,,,,5
img_00010571,images/img_00010571.jpg,02_deepfirearm,deepfirearm,cab0ca3d8af697df25ef67cc00d9ed13cee8736e54566f8d85ba5976036c7be1,,pending,,,,5
img_00010572,images/img_00010572.jpg,02_deepfirearm,deepfirearm,96b48d8d0fd261e7117bf6130a5bb9f234706b0b6d9ef067eea7a062ecfb7a59,,pending,,,,5
img_00010573,images/img_00010573.jpg,02_deepfirearm,deepfirearm,5b12b471796b88b2c500cd1a95d68e7c89b82301ca49692e166ec76c83339948,,pending,,,,5
img_00010574,images/img_00010574.jpg,02_deepfirearm,deepfirearm,62d8b9d634c9e80b0e1bdacac7857bd9b7322563df218ac916377b8f9ef0e743,,pending,,,,5
img_00010575,images/img_00010575.jpg,02_deepfirearm,deepfirearm,615b2e3d09e6378db754411f8518662e1fb88a67839a092f644c523bc9444280,,pending,,,,5
img_00010576,images/img_00010576.jpg,02_deepfirearm,deepfirearm,fa3f43fa5b5bbc65fed6c6e2180a5996f5909fdd0d8a8dad8080f2591a1ee11f,,pending,,,,5
img_00010577,images/img_00010577.jpg,02_deepfirearm,deepfirearm,4a6cf9cb5bdf85bfacbc290d4fe6766d86df7c283adf0e5e55abdcac636b571a,,pending,,,,5
img_00010578,images/img_00010578.jpg,02_deepfirearm,deepfirearm,a21eb2a712b46c5e6a877b8bdaf804b096bfafc238c26d6600ac53fba88e1cdd,,pending,,,,5
img_00010579,images/img_00010579.jpg,02_deepfirearm,deepfirearm,7db31a566be812190e1178cbd5d210ccef90f6abb37c6deac0bfa229ead2d51f,,pending,,,,5
img_00010580,images/img_00010580.jpg,02_deepfirearm,deepfirearm,13ffb676cbff09cdec3943bd80eb6ea867de82d2a6106d15e7b6105e6930f309,,pending,,,,5
img_00010581,images/img_00010581.jpg,02_deepfirearm,deepfirearm,d6254460c4bd20aa39080f0acc3e80f390c5aa7347cf263dc0ed1796cdc1bfdd,,pending,,,,5
img_00010582,images/img_00010582.jpg,02_deepfirearm,deepfirearm,5842640482bb01c133c0641376d6763f9f3f635b1bfd02fa3e7bc873f2a15915,,pending,,,,5
img_00010583,images/img_00010583.jpg,02_deepfirearm,deepfirearm,41157542e3df075033c25d310824965c31a2ee20dc0b2036955ad800192b15b8,,pending,,,,5
img_00010584,images/img_00010584.jpg,02_deepfirearm,deepfirearm,445d0b5047e1e99946897d40d5d1abc850d12eb221b53db8d834bbcf5004c65e,,pending,,,,5
img_00010585,images/img_00010585.jpg,02_deepfirearm,deepfirearm,5ab298fe29a615a6d3c9b2f49dcd5e8b752fe5fe5cd6957b28fc240848b556c5,,pending,,,,5
img_00010586,images/img_00010586.jpg,02_deepfirearm,deepfirearm,d6852896463019b66479a24db2449de60a0728393c553d405140c2adaab90088,,pending,,,,5
img_00010587,images/img_00010587.jpg,02_deepfirearm,deepfirearm,4ef1747b3f6112e37c9f9c050c20fea661964104ca67008c5e4bd8c4d46aa414,,pending,,,,5
img_00010588,images/img_00010588.jpg,02_deepfirearm,deepfirearm,88181e024c0320d1f099c3fdbcbc01fd7ab3ee27c07b5b4187bdbbff844063c3,,pending,,,,5
img_00010589,images/img_00010589.jpg,02_deepfirearm,deepfirearm,18ac302cf69a3b6ecd5733c2d323a52020737f6103f38856caa0fc40c445f3ab,,pending,,,,5
img_00010590,images/img_00010590.jpg,02_deepfirearm,deepfirearm,3535d2f366d7d14a704914effd27da34a9fe22cd1c8ea7ff6a082cca98651cdc,,pending,,,,5
img_00010591,images/img_00010591.jpg,02_deepfirearm,deepfirearm,92553ce237f7e83b99942f8787d38f7294ba44a0604343069836373a088e326f,,pending,,,,5
img_00010592,images/img_00010592.jpg,02_deepfirearm,deepfirearm,dc200939f1822ec901509dd8853e3043c5eaee6ab6b77538becc8ce6fa77043e,,pending,,,,5
img_00010593,images/img_00010593.jpg,02_deepfirearm,deepfirearm,778cb14381234d9d07db59658ceef8a7fe08f9c95818a1c05c35fb76d8530213,,pending,,,,5
img_00010594,images/img_00010594.jpg,02_deepfirearm,deepfirearm,69d2bac3c7609048a2d2303603e1be7ac9ce893967e5e4c9898583bea06643f1,,pending,,,,5
img_00010595,images/img_00010595.jpg,02_deepfirearm,deepfirearm,931bf53da6b9cd3fd74625fa07c1aac7c89b36f6c193bb816330f567f2efbfff,,pending,,,,5
img_00010596,images/img_00010596.jpg,02_deepfirearm,deepfirearm,7b498b54ed29d9d76cdfce704803013767b21db7832ce04c7c72af6fb800f637,,pending,,,,5
img_00010597,images/img_00010597.jpg,02_deepfirearm,deepfirearm,48d1946e92e2033463dd5b6d9e9f20893655d9af3ad92e142c11bac28abdc14b,,pending,,,,5
img_00010598,images/img_00010598.jpg,02_deepfirearm,deepfirearm,6b79772655c5fcb6c6f59db7ffe295600fba2ecb954bc85aea372d11bbddaf46,,pending,,,,5
img_00010599,images/img_00010599.jpg,02_deepfirearm,deepfirearm,7fce83e490af18155524e0e56624cc5e3af575cfc16e8e5bf01ba82cd383f21f,,pending,,,,5
img_00010600,images/img_00010600.jpg,02_deepfirearm,deepfirearm,12aa1b687b04550b84b2e7faac4e5c8b6f7b80fe7bba7265711069a637fc5ede,,pending,,,,5
img_00010601,images/img_00010601.jpg,02_deepfirearm,deepfirearm,e2aa0cf45bf966cc503d0791ec9817d1fe18aa75ab8acb2e0a64b62c92e0f395,,pending,,,,5
img_00010602,images/img_00010602.jpg,02_deepfirearm,deepfirearm,623e397cf985ed53172af996835b27648756686aaed44652a2aaf48d92510a67,,pending,,,,5
img_00010603,images/img_00010603.jpg,02_deepfirearm,deepfirearm,6af17d7e280415f37d9f140802c2ed8e9161ecb900cbb13dc592d30a95da445f,,pending,,,,5
img_00010604,images/img_00010604.jpg,02_deepfirearm,deepfirearm,6e18668ca3d7fc4763cabb5624451ff18f517dc43b0b90dee84d8e52d2bc3fb1,,pending,,,,5
img_00010605,images/img_00010605.jpg,02_deepfirearm,deepfirearm,4e0d7f38423374044ac2f3e931036676333f6c88a8b72548a93ca8a7c826c14c,,pending,,,,5
img_00010606,images/img_00010606.jpg,02_deepfirearm,deepfirearm,04c3355fc78090679562fab0e8c158096781ff91a2137cf8612e61024fb54faa,,pending,,,,5
img_00010607,images/img_00010607.jpg,02_deepfirearm,deepfirearm,236f448d2afd5dd9951fa960543770f3c937f406c22f08d450bcd5cdcbc596f3,,pending,,,,5
img_00010608,images/img_00010608.jpg,02_deepfirearm,deepfirearm,673790b6ba9e6173d900cf60cf61b466266b72d16e40bf3cad8b38a910e1585e,,pending,,,,5
img_00010609,images/img_00010609.jpg,02_deepfirearm,deepfirearm,fd72cf76652e6441c659c60d26acee31a1952bb363dcdbfb69ba77ea5f9b62dc,,pending,,,,5
img_00010610,images/img_00010610.jpg,02_deepfirearm,deepfirearm,9d5143400dd6840207608c271cd12632f6d6ee18ebd4c42068039232e51b3670,,pending,,,,5
img_00010611,images/img_00010611.jpg,02_deepfirearm,deepfirearm,4016d9c75a0f21de11a5fd8e714483d22a92c74a17ab8692c8c4a40ff6e0db03,,pending,,,,5
img_00010612,images/img_00010612.jpg,02_deepfirearm,deepfirearm,85053d9cb9180f9a425f4dc18e43bc8a8c526991c9b8a1ea919a52c9ab46b42e,,pending,,,,5
img_00010613,images/img_00010613.jpg,02_deepfirearm,deepfirearm,c901a277f0e362ad875ffd32514ba69a756b2af142c33f391d488cbb9c81fa44,,pending,,,,5
img_00010614,images/img_00010614.jpg,02_deepfirearm,deepfirearm,a5977e34c6a6e84342195b8a777e112a08d6c6202a3fb7543337edc785727442,,pending,,,,5
img_00010615,images/img_00010615.jpg,02_deepfirearm,deepfirearm,4db101ad24856ca5d24b25041eb7875ebf81a90480c377bec5c26bc9a2e89cd5,,pending,,,,5
img_00010616,images/img_00010616.jpg,02_deepfirearm,deepfirearm,58b104e972594bd8645a8cbc440e73a6fc1cebe53191eda0a9c9cac02a678685,,pending,,,,5
img_00010617,images/img_00010617.jpg,02_deepfirearm,deepfirearm,216f77c1a59325a3f40e886d466396ac942cd021b1b118b0d8cd151c6021bba2,,pending,,,,5
img_00010618,images/img_00010618.jpg,02_deepfirearm,deepfirearm,731af4e2902a97d6374c6b94b97d15a25fe385c8b62f5167694996e4069bf1e1,,pending,,,,5
img_00010619,images/img_00010619.jpg,02_deepfirearm,deepfirearm,45669fbd447aea3e3381ce720b229d0a97fb10ca1e32dba13ba63db69670cd10,,pending,,,,5
img_00010620,images/img_00010620.jpg,02_deepfirearm,deepfirearm,31b74bfca48f9e6ff300d18d7e90bb490ab37240787d90a360481900ff817174,,pending,,,,5
img_00010621,images/img_00010621.jpg,02_deepfirearm,deepfirearm,c85ccf9a7594b9b7bfe67009098f38c80c909653cebf38e60cad71e4b7e216f0,,pending,,,,5
img_00010622,images/img_00010622.jpg,02_deepfirearm,deepfirearm,19788e298449a58972439ea747e80eb5d7684e3d98fc553b785d148d014f10aa,,pending,,,,5
img_00010623,images/img_00010623.jpg,02_deepfirearm,deepfirearm,15800d2ed0ef1b7e5e68ef1a45a2194384ff7c2bb910a66c1cc6150b3a41633d,,pending,,,,5
img_00010624,images/img_00010624.jpg,02_deepfirearm,deepfirearm,148a63575904a441c3979819a53c81165d30af0cbd2e37e95174f22bcfa4e95b,,pending,,,,5
img_00010625,images/img_00010625.jpg,02_deepfirearm,deepfirearm,938d7cae49d0cebe21f0694751c4b8f3a37f2dfd15fb6397dd9b70d9c15d3cd3,,pending,,,,5
img_00010626,images/img_00010626.jpg,02_deepfirearm,deepfirearm,6599ea87c992f5f45a33d10b90c5d6b647b6b20125714c4a1af5c0e4fe0c6b0d,,pending,,,,5
img_00010627,images/img_00010627.jpg,02_deepfirearm,deepfirearm,23b0b9fc34c4f613291377d93f0ab03767171547f02f656f40115dfb8b8384b2,,pending,,,,5
img_00010628,images/img_00010628.jpg,02_deepfirearm,deepfirearm,0b2a82e6ac66a833fa40732ef0d4f815a479592d73e176f44ba4a8ce6c9b2f1d,,pending,,,,5
img_00010629,images/img_00010629.jpg,02_deepfirearm,deepfirearm,a587c6f5d86e2abfac62b222e8dbcb45c20a070b7f3d51fdc001bb646cf33a4c,,pending,,,,5
img_00010630,images/img_00010630.jpg,02_deepfirearm,deepfirearm,add352c70dc4226f1b8318f02331960a1e0a1659154b8219252df69936a9273c,,pending,,,,5
img_00010631,images/img_00010631.jpg,02_deepfirearm,deepfirearm,3e3d5a92a52f5557e92c9751057da70bea2eafde88dd22c7108f3d69c3b5bc50,,pending,,,,5
img_00010632,images/img_00010632.jpg,02_deepfirearm,deepfirearm,38dabd8fbd839738e268fe2b4bf96d4eadafb69e5aa92db3a84420c0926568f2,,pending,,,,5
img_00010633,images/img_00010633.jpg,02_deepfirearm,deepfirearm,d6050ea17c942b53f7aa2a7fd08e0b878e9e6e228abc08efc9dbd519b98b39cd,,pending,,,,5
img_00010634,images/img_00010634.jpg,02_deepfirearm,deepfirearm,f8d5db9e65f449434f20af3969418bbb09be55d8ebf86657225627834a02aaf7,,pending,,,,5
img_00010635,images/img_00010635.jpg,02_deepfirearm,deepfirearm,fb7268fe642a0cdd57b7dfdf458b16100ae25919c18dbcbee9e140a7a6a56789,,pending,,,,5
img_00010636,images/img_00010636.jpg,02_deepfirearm,deepfirearm,a2b6803ca8f2c508ff52ac1f2772e122e77e30aa52fa71917b55e0d4b578188c,,pending,,,,5
img_00010637,images/img_00010637.jpg,02_deepfirearm,deepfirearm,f7779097349cefb014dde4795980c09c08b341ce9f6faf1232b5e764993cf0ae,,pending,,,,5
img_00010638,images/img_00010638.jpg,02_deepfirearm,deepfirearm,3cf755a0a3a34b436ae4768e65600bef711fe25eeba33a6730479732927ac47d,,pending,,,,5
img_00010639,images/img_00010639.jpg,02_deepfirearm,deepfirearm,87e3026a1dca9041964f4b562e907a0a30c72783b172475bace80641ddb00155,,pending,,,,5
img_00010640,images/img_00010640.jpg,02_deepfirearm,deepfirearm,d82204d7f56f937ff82acf0f43a9997a66480acdea0c281b171223781b758509,,pending,,,,5
img_00010641,images/img_00010641.jpg,02_deepfirearm,deepfirearm,8859d2967dca131242b51296362a162171b48bea102c6a209ceaeedef88fe1f9,,pending,,,,5
img_00010642,images/img_00010642.jpg,02_deepfirearm,deepfirearm,45f88c85fd8696b6573d3c306703197ca9d5ce2a161e8c0a914d9b9d063874ab,,pending,,,,5
img_00010643,images/img_00010643.jpg,02_deepfirearm,deepfirearm,90c9ebe194c5ebdb89624b64d47251572afe7dbd79dfed8b92e24cab87a7b613,,pending,,,,5
img_00010644,images/img_00010644.jpg,02_deepfirearm,deepfirearm,8bd12403eea1f48b4dad1df46e204b4a48a5fedfb625bc8764e8f3f85a63b3f5,,pending,,,,5
img_00010645,images/img_00010645.jpg,02_deepfirearm,deepfirearm,a1247f04443c3c4dcd9057e32103ba0dfd7a74f62bfc51b01e8766791075a9a9,,pending,,,,5
img_00010646,images/img_00010646.jpg,02_deepfirearm,deepfirearm,8581dda79a558457c72d0e1cf88b0e328a227cb386b79c476f35e4a99d33a9b0,,pending,,,,5
img_00010647,images/img_00010647.jpg,02_deepfirearm,deepfirearm,f76d540fe73678275b829a118d88f0c1b76600ffecb0bd5edfb7a768ac391ef6,,pending,,,,5
img_00010648,images/img_00010648.jpg,02_deepfirearm,deepfirearm,810a33915e878af2bb73bb2230f185e95a8facc11dabeb19eb5a0867456c522b,,pending,,,,5
img_00010649,images/img_00010649.jpg,02_deepfirearm,deepfirearm,306b2ca7559f2c8f824795f7f99f83861c7fcf89778a231cf7a2255902f2b73e,,pending,,,,5
img_00010650,images/img_00010650.jpg,02_deepfirearm,deepfirearm,a5d11d524149a484c9172103359ccc0c7271477109dd2f9ed3da38dee89f4d5f,,pending,,,,5
img_00010651,images/img_00010651.jpg,02_deepfirearm,deepfirearm,bd119ebd6217d1b5acc4783049ce11b92f8ca5554b0b5eb07554fe45556beedf,,pending,,,,5
img_00010652,images/img_00010652.jpg,02_deepfirearm,deepfirearm,5117a1c636ee1a60373db91c50df062c1dc0a5846b94a01578c1521172c40136,,pending,,,,5
img_00010653,images/img_00010653.jpg,02_deepfirearm,deepfirearm,21c7fa2d15b62466070e0d0edfe57dae9c76d4688aed971cebbae666cb1ced2a,,pending,,,,5
img_00010654,images/img_00010654.jpg,02_deepfirearm,deepfirearm,4dec13ad9f0b2d85323e93583fd84b23a393c5ca72b1c01b019ff316d3e30e73,,pending,,,,5
img_00010655,images/img_00010655.jpg,02_deepfirearm,deepfirearm,edb4ce09ea0bf14d8ef6b4215d3faa70b6c4b0a8be7c4acc3f029322561cf6ba,,pending,,,,5
img_00010656,images/img_00010656.jpg,02_deepfirearm,deepfirearm,23a6fb4a9ae9f8c311e071f982aacceaee59d86654ca9dc4e5a6effddb4ab88f,,pending,,,,5
img_00010657,images/img_00010657.jpg,02_deepfirearm,deepfirearm,73fdf2a256ac86101962e915c1d20c0a6ce547a89dc163943fe620e48c0b8780,,pending,,,,5
img_00010658,images/img_00010658.jpg,02_deepfirearm,deepfirearm,093baf064a117ff760c61ab7a3c514fe5bfd008768f21474006caa6be7025123,,pending,,,,5
img_00010659,images/img_00010659.jpg,02_deepfirearm,deepfirearm,d975ae0a449dfcc1b8eeaaef43da845a4235e986c216b7d22b66869614d68871,,pending,,,,5
img_00010660,images/img_00010660.jpg,02_deepfirearm,deepfirearm,788eb9925caf6dd57c7a22833cae7ab026eaee7f5d0bf6d01444a628db3f6f01,,pending,,,,5
img_00010661,images/img_00010661.jpg,02_deepfirearm,deepfirearm,6c2cb8b935f53237fa410a1527507ba501ed7e5b84a4c51f4556a8ba45532c2f,,pending,,,,5
img_00010662,images/img_00010662.jpg,02_deepfirearm,deepfirearm,1b7f50e05246c6af3b75f782e1106f3e139bfc09171f1f4afda74ec0e8a5f12c,,pending,,,,5
img_00010663,images/img_00010663.jpg,02_deepfirearm,deepfirearm,555ecb0c4dc45e4a6bd367eed2270fba392648beed0681b64455f92722e9e2be,,pending,,,,5
img_00010664,images/img_00010664.jpg,02_deepfirearm,deepfirearm,02e4eee55584f1c8a04d13314e98ac7d47912c584fa18ed319d80333531ac898,,pending,,,,5
img_00010665,images/img_00010665.jpg,02_deepfirearm,deepfirearm,984c93900ce51a16d305ce53515f68cb2d09fbaa5f055e87ec5477d81ff49612,,pending,,,,5
img_00010666,images/img_00010666.jpg,02_deepfirearm,deepfirearm,b7a53f95fb9b679422e93575d793a593bb78a4dd4c79e004bbdc11ed96bfd8c5,,pending,,,,5
img_00010667,images/img_00010667.jpg,02_deepfirearm,deepfirearm,4b00265c084e4f173c473bc0149d313ecb4345d8f59e5931bad7056e337d4078,,pending,,,,5
img_00010668,images/img_00010668.jpg,02_deepfirearm,deepfirearm,bc7ff55444a93dc85b5bb13791eed01c74f1f83aae3e0764494e4ce561b64e77,,pending,,,,5
img_00010669,images/img_00010669.jpg,02_deepfirearm,deepfirearm,3a056d92994c760fea3e3403c2c600a61a851b5c17336c764b62fd716fa0838d,,pending,,,,5
img_00010670,images/img_00010670.jpg,02_deepfirearm,deepfirearm,faa854a4882a67aaec8f2e6f146d4b299c2450ac01a149431caa639e8276b9df,,pending,,,,5
img_00010671,images/img_00010671.jpg,02_deepfirearm,deepfirearm,d99a55908d3dc3acac8dd63e2f407128e9e1cfa36531d16f24e59d07c6400353,,pending,,,,5
img_00010672,images/img_00010672.jpg,02_deepfirearm,deepfirearm,0001193bb001ad0bec3ca513592a6561124e6815b1a90743f3ef953a5c53f74f,,pending,,,,5
img_00010673,images/img_00010673.jpg,02_deepfirearm,deepfirearm,dbd9913c6be9f78ab8a660fdaa8f7501f7db29c2d359d2d50626f2f255388d2c,,pending,,,,5
img_00010674,images/img_00010674.jpg,02_deepfirearm,deepfirearm,ec37599fc9ca08144adcde5e5ab42b5f34cd2e27fb64433b2b50c4fe3fb1f309,,pending,,,,5
img_00010675,images/img_00010675.jpg,02_deepfirearm,deepfirearm,4efe2a5c7c433fd61002b928bc97d26f6c23f2920a4cc1148208b7eed2a997b4,,pending,,,,5
img_00010676,images/img_00010676.jpg,02_deepfirearm,deepfirearm,c5e5ab7003fa81cea45bda0c96fe76b9bd689b2c4e6d9973929680ce54a7b953,,pending,,,,5
img_00010677,images/img_00010677.jpg,02_deepfirearm,deepfirearm,dc7b0d769a61abbee0a785d06e9fb8cfd60eafc2157ce426bdda28db261b4486,,pending,,,,5
img_00010678,images/img_00010678.jpg,02_deepfirearm,deepfirearm,ddc3d9b7f01d792c2516cf72a829588c9245e0d1537c92e3820ea6f7ddb925e5,,pending,,,,5
img_00010679,images/img_00010679.jpg,02_deepfirearm,deepfirearm,ab420fcb523b221b3f552c98baf7a9c135bfaadb8a9337fd7c405dd3397cfe22,,pending,,,,5
img_00010680,images/img_00010680.jpg,02_deepfirearm,deepfirearm,2a4ded77cc7d8c1bc5d0ca0cba9e2eec6e81c2789529c854526cf36b913ddd56,,pending,,,,5
img_00010681,images/img_00010681.jpg,02_deepfirearm,deepfirearm,3a5e50738ce032a7e5f8bf5be355b3e195f5f40daed02f87404f341ac4c3ce02,,pending,,,,5
img_00010682,images/img_00010682.jpg,02_deepfirearm,deepfirearm,049c3f9fe9676420c59fa89b96de8a484202c0d4f5e44d4650f919f9620f60d1,,pending,,,,5
img_00010683,images/img_00010683.jpg,02_deepfirearm,deepfirearm,0c1dcf9ab792def0330b9d14ce196359d50e068e1e67fbf489b43edc48551674,,pending,,,,5
img_00010684,images/img_00010684.jpg,02_deepfirearm,deepfirearm,ce59142f223c2fcd9a1ec5e9e560940173899bc7b876d7e6001932e14b80fa51,,pending,,,,5
img_00010685,images/img_00010685.jpg,02_deepfirearm,deepfirearm,ed0f60a0254664f368474c09ac8e59a9c97a0545afc909c6172719f0719dd35c,,pending,,,,5
img_00010686,images/img_00010686.jpg,02_deepfirearm,deepfirearm,8d53ced7d400f3eef0fb2ca067e9fbe4539a9d3810cf030d58442a749ca22d38,,pending,,,,5
img_00010687,images/img_00010687.jpg,02_deepfirearm,deepfirearm,372bf6c88cacacfb7b4f3514311a69659338e00fad3e4672b5e898aa62dd76ff,,pending,,,,5
img_00010688,images/img_00010688.jpg,02_deepfirearm,deepfirearm,32d9c8d2c58a54dc715c4634fa6d55e7748f76e67cf06c140b738a4a639666c5,,pending,,,,5
img_00010689,images/img_00010689.jpg,02_deepfirearm,deepfirearm,1c6945c589419e02187033f3b6a2e559a3b790e39cc0656b9b098aed9eaa2c68,,pending,,,,5
img_00010690,images/img_00010690.jpg,02_deepfirearm,deepfirearm,39f0ffa601ab947dc4728f1725e706bd56e369b54e6a676fed3110d611992032,,pending,,,,5
img_00010691,images/img_00010691.jpg,02_deepfirearm,deepfirearm,ec9a7c065b59175aff685761d73853c003bd5e1cb8c45057f240d36c109863e2,,pending,,,,5
img_00010692,images/img_00010692.jpg,02_deepfirearm,deepfirearm,38286f8a9cf7334bc927005e57b9fd06a9412a298fc32062495e27d2f96b14c0,,pending,,,,5
img_00010693,images/img_00010693.jpg,02_deepfirearm,deepfirearm,e3c4855d20e4af1f25e5496bd6964f96f97a60386ea79a4c232e994572214f8b,,pending,,,,5
img_00010694,images/img_00010694.jpg,02_deepfirearm,deepfirearm,73be41b37569d53d579ac233b80ff4a2dd51de797c8e2968995c58f87ccd67bf,,pending,,,,5
img_00010695,images/img_00010695.jpg,02_deepfirearm,deepfirearm,fa988d1f1d1cbd467ed803f3b8e42c637c374fd6d03322b38db335883285be0f,,pending,,,,5
img_00010696,images/img_00010696.jpg,02_deepfirearm,deepfirearm,bf1bd277955eec9a1f892c94e2df1ce2243b89c6168fea7eb8602b1a83443bf0,,pending,,,,5
img_00010697,images/img_00010697.jpg,02_deepfirearm,deepfirearm,598e2b9b711ce22fdee3cacfb38d6e15d29c518d44fd2dea6463962fcb110a9a,,pending,,,,5
img_00010698,images/img_00010698.jpg,02_deepfirearm,deepfirearm,187f81e1ebc232830c5168ff9dd1ebd8960ce70bc444782a50502658e93ba9c2,,pending,,,,5
img_00010699,images/img_00010699.jpg,02_deepfirearm,deepfirearm,4566d673e555b61334b79c7f653496ad04d38d3f85000c713725e9652aca7bd4,,pending,,,,5
img_00010700,images/img_00010700.jpg,02_deepfirearm,deepfirearm,6e1828a595b1700da2cb5c1f1bd4257f427683b62814fc12409562f1cf72b388,,pending,,,,5
img_00010701,images/img_00010701.jpg,02_deepfirearm,deepfirearm,67b3f8bd3f0a9ffb0089f2f799b02818825524be3337703718143ccb33805fc4,,pending,,,,5
img_00010702,images/img_00010702.jpg,02_deepfirearm,deepfirearm,7a3b0a756e8664e933cad094fe5b615c021115897cffe2421d5ab5c5366a5436,,pending,,,,5
img_00010703,images/img_00010703.jpg,02_deepfirearm,deepfirearm,8b3616504d81942f681d5cf76381a75d371ea59fada1645e17194eb276f2eb70,,pending,,,,5
img_00010704,images/img_00010704.jpg,02_deepfirearm,deepfirearm,613a10c60ad7822f4a461d0e2016109ea82b75b14cea6dc6511d0e5c18095260,,pending,,,,5
img_00010705,images/img_00010705.jpg,02_deepfirearm,deepfirearm,dd832f08c6a220ade48805b9bb3000520655eda68d39148d6dc0ddb8745d1551,,pending,,,,5
img_00010706,images/img_00010706.jpg,02_deepfirearm,deepfirearm,30f56f7ee45392b002e9da16d6687aa4b3759414c88fe768d0cbf3f75bf8315d,,pending,,,,5
img_00010707,images/img_00010707.jpg,02_deepfirearm,deepfirearm,cfa77a146fe906cdbd18429602dcaee400aea085a46897f28cc0da4b0bebc614,,pending,,,,5
img_00010708,images/img_00010708.jpg,02_deepfirearm,deepfirearm,9b84b8944907ba15e462917618e9be20f7a8df8901cf8f087555bb51d75799e6,,pending,,,,5
img_00010709,images/img_00010709.jpg,02_deepfirearm,deepfirearm,f2d43a7a4e062a0041de6dac80adfbec37d7819ff451778fbc14303ccfdde24d,,pending,,,,5
img_00010710,images/img_00010710.jpg,02_deepfirearm,deepfirearm,d5448470e75372767d4be0b38bb9ad632868ba3a033fe05ac1ffe64b9329bd01,,pending,,,,5
img_00010711,images/img_00010711.jpg,02_deepfirearm,deepfirearm,1c3a284a529cc07fe620929c9aea83a802c94f6c7556a857e48e918441099687,,pending,,,,5
img_00010712,images/img_00010712.jpg,02_deepfirearm,deepfirearm,2b476c97c92c6accd14e0ea8744a8cac70752455307405e8cd0423cedb280761,,pending,,,,5
img_00010713,images/img_00010713.jpg,02_deepfirearm,deepfirearm,30852bbe686e2cacdc009c11f7288a1f839af0b488481585e771fad875d982fb,,pending,,,,5
img_00010714,images/img_00010714.jpg,02_deepfirearm,deepfirearm,3536857c36b73d474e74790d3de24f13f35102d6467763fce0e06d471842b8a2,,pending,,,,5
img_00010715,images/img_00010715.jpg,02_deepfirearm,deepfirearm,b4401932efdad7808404320f60577eabab3460d097698886b9011cb75262e0f7,,pending,,,,5
img_00010716,images/img_00010716.jpg,02_deepfirearm,deepfirearm,1cfdef511eec81b66989ec8ff9940ad2d52df06897493e7054138ce2bfe2c5be,,pending,,,,5
img_00010717,images/img_00010717.jpg,02_deepfirearm,deepfirearm,1ce94e270d72ae252ae8412c22e39173933624491aff63c9ae76aef1a5536dfa,,pending,,,,5
img_00010718,images/img_00010718.jpg,02_deepfirearm,deepfirearm,56a89de2389c20ad2f7c17d163c2b3505d2750ed223fd19dd057c41f6fb726b6,,pending,,,,5
img_00010719,images/img_00010719.jpg,02_deepfirearm,deepfirearm,72aee8f1e6b07153e0486ab0ba9cf6046d8f151a16dba6abafb1a40f484a8630,,pending,,,,5
img_00010720,images/img_00010720.jpg,02_deepfirearm,deepfirearm,1b18db14913b35068f184efa775d8a8228d40274ba9febd44b61cdccebe22bfc,,pending,,,,5
img_00010721,images/img_00010721.jpg,02_deepfirearm,deepfirearm,4e89b88097e34aeecadba0601c9f86bc1d39f01e99ad1130f6ac7cfea25358d6,,pending,,,,5
img_00010722,images/img_00010722.jpg,02_deepfirearm,deepfirearm,d13615e98a39a3795f30a899327198a6546e66039cfb3151abdb176ccc52dee6,,pending,,,,5
img_00010723,images/img_00010723.jpg,02_deepfirearm,deepfirearm,4973841a7f7b671b50cbd2d6ed70522c224c4b0633cefdc1e089d2d476e1c8e4,,pending,,,,5
img_00010724,images/img_00010724.jpg,02_deepfirearm,deepfirearm,a85e71b7091501494cbf7cddfb6c21291dd4143dc460d5f1013272b4cd386861,,pending,,,,5
img_00010725,images/img_00010725.jpg,02_deepfirearm,deepfirearm,9adc72a6b5a2daca396f19c0023637f90e68e596429c7f54296b010fa0ccdfdf,,pending,,,,5
img_00010726,images/img_00010726.jpg,02_deepfirearm,deepfirearm,7bf3c2c519a3de691c7267571b46245371ecea3d5d7ea28498e6323fab2221a7,,pending,,,,5
img_00010727,images/img_00010727.jpg,02_deepfirearm,deepfirearm,a3f43a85c16399649ee32255915e277cc4afcd5c35030eacdb35ba9612e447c8,,pending,,,,5
img_00010728,images/img_00010728.jpg,02_deepfirearm,deepfirearm,141c6f1345a83d870df87d432decb2c48936bfe564a9c9f8a3787e77805cb446,,pending,,,,5
img_00010729,images/img_00010729.jpg,02_deepfirearm,deepfirearm,a83c093ecedd82bff9232fab45bca314a42d0fac4290f48ddc8b550676631ee1,,pending,,,,5
img_00010730,images/img_00010730.jpg,02_deepfirearm,deepfirearm,871aa9c8086b32752288f9f7d9c4dd4f1caa90eed36356ab0790fd6f0f952474,,pending,,,,5
img_00010731,images/img_00010731.jpg,02_deepfirearm,deepfirearm,151c4784c01e6ff243b9fb1aa01fcefe9de4b2d5a0dfd1fe5e5876a1dd5c9a53,,pending,,,,5
img_00010732,images/img_00010732.jpg,02_deepfirearm,deepfirearm,b5e7106db73aa37a67e19720ba8536daa8034afb7f4ee354831a25e577a3c174,,pending,,,,5
img_00010733,images/img_00010733.jpg,02_deepfirearm,deepfirearm,67fc45763effecccbd80c00d29855992f59c36ee6b669694454bd6dbf197b8ba,,pending,,,,5
img_00010734,images/img_00010734.jpg,02_deepfirearm,deepfirearm,43ef73ae42c75e0460ed18bfb312b88acf25ef9dc32968ca6c9dc2378420ec74,,pending,,,,5
img_00010735,images/img_00010735.jpg,02_deepfirearm,deepfirearm,1e69456dade421f8294795befe443cc408b350e3e0a20193ab809fd921220331,,pending,,,,5
img_00010736,images/img_00010736.jpg,02_deepfirearm,deepfirearm,89607d91427e661877898f89a80beb1e1c17142925a183d500d51016156f86e1,,pending,,,,5
img_00010737,images/img_00010737.jpg,02_deepfirearm,deepfirearm,e7a68f8b619557462c163c489f284bfe994334a3921102014147738a1abe0943,,pending,,,,5
img_00010738,images/img_00010738.jpg,02_deepfirearm,deepfirearm,0378654461cc268be521deb956e7254a08fc5dabb672483c81f0852b0269d95a,,pending,,,,5
img_00010739,images/img_00010739.jpg,02_deepfirearm,deepfirearm,8498f1712a7bc1896176a71ca78983b04870035a2ae67fcbd4920ae58356608d,,pending,,,,5
img_00010740,images/img_00010740.jpg,02_deepfirearm,deepfirearm,9b61c12245b8e44c764080fb0e8cee8e8120f26e0df0fe1b31323fa2de21931a,,pending,,,,5
img_00010741,images/img_00010741.jpg,02_deepfirearm,deepfirearm,3be42709a2690fdad578525847f240b1a388058070a1558b35ebf021a76fe407,,pending,,,,5
img_00010742,images/img_00010742.jpg,02_deepfirearm,deepfirearm,d28230f17c75ce10b38aec4a6fa458a1426594f06af0e7857790e064c69cde5f,,pending,,,,5
img_00010743,images/img_00010743.jpg,02_deepfirearm,deepfirearm,e6c29b1dc854792c078c42977a5bc2d9599584f0508c6109174d89e4ae7a8c50,,pending,,,,5
img_00010744,images/img_00010744.jpg,02_deepfirearm,deepfirearm,7cc9e1e9f2ff1c7e51020411bcf935c0ad99c0168b4f86c2edfc44e5631cb4bf,,pending,,,,5
img_00010745,images/img_00010745.jpg,02_deepfirearm,deepfirearm,680e9a0df30be4c9b3c07d303ad1606201a77bef24a46e8b4880c16dcccc3a45,,pending,,,,5
img_00010746,images/img_00010746.jpg,02_deepfirearm,deepfirearm,1f1df2db2a3f736077c4e420ec224de5fd96eca3096a805a90c34e7be0be8969,,pending,,,,5
img_00010747,images/img_00010747.jpg,02_deepfirearm,deepfirearm,e3bd536b217588b44a589d70607c3dd1c8c3e7005e00067a1610e932272a870a,,pending,,,,5
img_00010748,images/img_00010748.jpg,02_deepfirearm,deepfirearm,f342fe48eae96f52cfb66cb29528b354adda8516e2c956429f8efe253231e706,,pending,,,,5
img_00010749,images/img_00010749.jpg,02_deepfirearm,deepfirearm,6ca5558b5536147a8dc74e6f55e064318fc1aa00bd4d07707faa68df4aa990f4,,pending,,,,5
img_00010750,images/img_00010750.jpg,02_deepfirearm,deepfirearm,14834968c6a1b0c81f9e73a36e205063c9ce70a83aa963bdc604e9ae6bc0bb1b,,pending,,,,5
img_00010751,images/img_00010751.jpg,02_deepfirearm,deepfirearm,db9ecb2ea15cbd7969c09bf2d2e2ffc5c5782c30c99f8ff84fd492e642dc7e89,,pending,,,,5
img_00010752,images/img_00010752.jpg,02_deepfirearm,deepfirearm,7f14421f9e27d6dcd8a517f6c4a718bb408c64f0f56ffc343403b935b70dd5c8,,pending,,,,5
img_00010753,images/img_00010753.jpg,02_deepfirearm,deepfirearm,d57179a3c95ac680c06919952f420ba0fcb26ba7efa970ea8424b9d6c0edc57f,,pending,,,,5
img_00010754,images/img_00010754.jpg,02_deepfirearm,deepfirearm,83a247e5c9d8c352c237b784180f36baa0e79e5b853b3c64207f6b90d07c9a0c,,pending,,,,5
img_00010755,images/img_00010755.jpg,02_deepfirearm,deepfirearm,ab2495ceb66c7ab04b5837d1e435a3cb12100e3e9418a2c50604e5ef667a7406,,pending,,,,5
img_00010756,images/img_00010756.jpg,02_deepfirearm,deepfirearm,7ebfde1cdbb9ea460fbcf2b2df3d5dca28e2570d403ffbd1a9e8c0fdc3af0ecb,,pending,,,,5
img_00010757,images/img_00010757.jpg,02_deepfirearm,deepfirearm,68ca63914e053d1c2bbc8ee13b569d1289c007a789d59da202c07f7e8e6ecde1,,pending,,,,5
img_00010758,images/img_00010758.jpg,02_deepfirearm,deepfirearm,100b9b5d385b192f5c5a29deedf8752191fac2374999fc253a77e10abf16fa60,,pending,,,,5
img_00010759,images/img_00010759.jpg,02_deepfirearm,deepfirearm,b29d33795b4746ddab52e1d15820827f3191f05046516af91a7cfb6abac482cd,,pending,,,,5
img_00010760,images/img_00010760.jpg,02_deepfirearm,deepfirearm,89b7ca952811fbf2a496267243214a0912c42c668649a6ee49608a663c7fc72a,,pending,,,,5
img_00010761,images/img_00010761.jpg,02_deepfirearm,deepfirearm,6db72b7a9e15b59f77afd951813232a42cd2e8fc69fd2b92cad22db5cd22060d,,pending,,,,5
img_00010762,images/img_00010762.jpg,02_deepfirearm,deepfirearm,a57821d45a1c4c330313011c44735353a1ce56dad43ecd6ee08ea6a9595f8435,,pending,,,,5
img_00010763,images/img_00010763.jpg,02_deepfirearm,deepfirearm,1d5969a00abb7425d0d13aa704647a50947f22c3fbc3505573fa9f9e55ce8c94,,pending,,,,5
img_00010764,images/img_00010764.jpg,02_deepfirearm,deepfirearm,717c46b880d8645d4c8395e6845328aba4f65180361cb88a99df434f64e5acd6,,pending,,,,5
img_00010765,images/img_00010765.jpg,02_deepfirearm,deepfirearm,20984a884c83bc0936af7328f9055401967a64dcddce9250331067f1fce07382,,pending,,,,5
img_00010766,images/img_00010766.jpg,02_deepfirearm,deepfirearm,ccbe1ed574f275f42328bf57b53c1ad522867b297489980b3a3010df833286e5,,pending,,,,5
img_00010767,images/img_00010767.jpg,02_deepfirearm,deepfirearm,a2d89f54d327071c5861cb8dd246aca575a659b5918126cfd9d4a4774157e75c,,pending,,,,5
img_00010768,images/img_00010768.jpg,02_deepfirearm,deepfirearm,067b988c6317bcb06249d976e0f8870d89b30cda881f2f70c7a9672cc987bab0,,pending,,,,5
img_00010769,images/img_00010769.jpg,02_deepfirearm,deepfirearm,c3b0b5033d66ea3981d96cd14ceb6a77c01151e5cd7f86af4d626ea743155460,,pending,,,,5
img_00010770,images/img_00010770.jpg,02_deepfirearm,deepfirearm,2c634665579e767e8975ea30e6115eb8d613cd9ae4d811d5f2ce0fc36fa5d639,,pending,,,,5
img_00010771,images/img_00010771.jpg,02_deepfirearm,deepfirearm,4749a233e1da5632a198678d9828745ca0f3cc3590245992e1ca6bffe8ac11a8,,pending,,,,5
img_00010772,images/img_00010772.jpg,02_deepfirearm,deepfirearm,347df86ffb106396e4f87200a1d0aa2f54b1cafb174dc38b81bd08ece9936013,,pending,,,,5
img_00010773,images/img_00010773.jpg,02_deepfirearm,deepfirearm,2e4e81e5197addde7a84f922b3dcefe41aca5bf1e449d78cd79410836119cd48,,pending,,,,5
img_00010774,images/img_00010774.jpg,02_deepfirearm,deepfirearm,0b8d52805eb8189be84bf1fbb6cb758d2982a9fdd75187ec4ff5f7a75fa423eb,,pending,,,,5
img_00010775,images/img_00010775.jpg,02_deepfirearm,deepfirearm,ed885c664f82dd432c145fda28a60a48632e5639fef8c9e6f7a2b8fc7e4d1721,,pending,,,,5
img_00010776,images/img_00010776.jpg,02_deepfirearm,deepfirearm,757f470c3e905f29f7f66f58bcfaa911d6399ab3843f22aa71f68900bbdbe2fc,,pending,,,,5
img_00010777,images/img_00010777.jpg,02_deepfirearm,deepfirearm,d7129cd079184e011d775e0512f575db1d5c25655eaddaa368714a47f49ff6a7,,pending,,,,5
img_00010778,images/img_00010778.jpg,02_deepfirearm,deepfirearm,6e43e33d60091d71d3088eef68f636cbacb161d99978d8e4c73f2339bbbb3c3e,,pending,,,,5
img_00010779,images/img_00010779.jpg,02_deepfirearm,deepfirearm,534a1da09ea139cfbc19dd53d722a0b82f0c59739397af5d18624efda1a3253b,,pending,,,,5
img_00010780,images/img_00010780.jpg,02_deepfirearm,deepfirearm,6ec14a381b612c56f1e9b5fb097c3995cc68e67dfc323d27dbbf17f3d1857ac4,,pending,,,,5
img_00010781,images/img_00010781.jpg,02_deepfirearm,deepfirearm,26ca4ae5bc78ac65f901f4714132739a7db995471390765b7020d9f90dbfab63,,pending,,,,5
img_00010782,images/img_00010782.jpg,02_deepfirearm,deepfirearm,615a57e026d2daa9a3f113c614219dcd0f796160c10ae76cd2077c0411d07ea8,,pending,,,,5
img_00010783,images/img_00010783.jpg,02_deepfirearm,deepfirearm,d33ac76cdc7ff7c4aab473d02930e675aa6da1fc1630ddc6d27b5f2b3ed38f64,,pending,,,,5
img_00010784,images/img_00010784.jpg,02_deepfirearm,deepfirearm,2ec98ed483fbdbbbb622028ff9aab8db73e26107997c65a592fedbb9e0328890,,pending,,,,5
img_00010785,images/img_00010785.jpg,02_deepfirearm,deepfirearm,0fcd067259edfe5d9dbb23a420bb83fc9564abec064955b7db02e6c8ad005ec5,,pending,,,,5
img_00010786,images/img_00010786.jpg,02_deepfirearm,deepfirearm,5ec4d849cb309be3ca9920c76b64d7772d076eed9a77de34fd565b977d243233,,pending,,,,5
img_00010787,images/img_00010787.jpg,02_deepfirearm,deepfirearm,4f5f7cda3aa4b508dda6cb7d328fe99f2198cfae98695370ba937f9a5095f714,,pending,,,,5
img_00010788,images/img_00010788.jpg,02_deepfirearm,deepfirearm,7e2c880e40f4cbdd25cac20600c129950fa98c29125272718a25badd207d5cab,,pending,,,,5
img_00010789,images/img_00010789.jpg,02_deepfirearm,deepfirearm,f05fabb9039d005a1c02aeef28d934ea7b814845a40dff1dc64795c1d417ae4d,,pending,,,,5
img_00010790,images/img_00010790.jpg,02_deepfirearm,deepfirearm,469c7132f554e33857f8dd200cdff0cfdd996db23a32b96006c38151ea86489b,,pending,,,,5
img_00010791,images/img_00010791.jpg,02_deepfirearm,deepfirearm,a2fd3611b62984b50788a2e4655ba0f990aec1fbcb41a1b3852e64778819e823,,pending,,,,5
img_00010792,images/img_00010792.jpg,02_deepfirearm,deepfirearm,06015434f78eeabfc3b06a4a5988c04b82263b778b09744535d8acc71d33b278,,pending,,,,5
img_00010793,images/img_00010793.jpg,02_deepfirearm,deepfirearm,1b8609b5fb49fd23ed95a12d9ca8606a7a5a8b67972a00af361a7253b5eed61c,,pending,,,,5
img_00010794,images/img_00010794.jpg,02_deepfirearm,deepfirearm,4ecf02b8bbcf99cdae3c66c4ef6d42063b5e5866b37442edfcdca71305d6483b,,pending,,,,5
img_00010795,images/img_00010795.jpg,02_deepfirearm,deepfirearm,87ee6b04418ec70bf7b858905a4cd130af24cf2496eb52ba3b31b45a2ade7575,,pending,,,,5
img_00010796,images/img_00010796.jpg,02_deepfirearm,deepfirearm,13be17a98d57d089d65b1b5602990721644655950e0b0101c9a2fbc1c8f36331,,pending,,,,5
img_00010797,images/img_00010797.jpg,02_deepfirearm,deepfirearm,1a863bd7e17944d31cf083383e067da06499fae571c2db3831da97c53c21991e,,pending,,,,5
img_00010798,images/img_00010798.jpg,02_deepfirearm,deepfirearm,2fef89018ec8b09f6e29a07e0314143c2c5be061a243bdc9adb55f687734b0dd,,pending,,,,5
img_00010799,images/img_00010799.jpg,02_deepfirearm,deepfirearm,740e722703d82ef9233f6a0e5c9cc61f1f6d77934deb6cbf39b918c29d1d5501,,pending,,,,5
img_00010800,images/img_00010800.jpg,02_deepfirearm,deepfirearm,5500c5078ee976eabc19150f8e2aa32f651d21c4fc48dd4f58f0caedee477926,,pending,,,,5
img_00010801,images/img_00010801.jpg,02_deepfirearm,deepfirearm,6b76d22783344d8689d195228aa7c26f750a1a3510f2f28909706d7d0507c0ae,,pending,,,,5
img_00010802,images/img_00010802.jpg,02_deepfirearm,deepfirearm,c215a856f979dad7690b08f2d055c14d9fcab911c7d2ada8c3e2d8eb4451de2d,,pending,,,,5
img_00010803,images/img_00010803.jpg,02_deepfirearm,deepfirearm,4e330870e39fec38dae944790e6481f13497ac01b217175391e4ef3c2db11838,,pending,,,,5
img_00010804,images/img_00010804.jpg,02_deepfirearm,deepfirearm,b9aa9c55458e248436b038b62a9350e84f77de38e06e505667ecb26b889a90ac,,pending,,,,5
img_00010805,images/img_00010805.jpg,02_deepfirearm,deepfirearm,0f0a644e58603cd1e5f658c4ad86b5927ca60dc5f03c54a0d0eb18dc30396fa4,,pending,,,,5
img_00010806,images/img_00010806.jpg,02_deepfirearm,deepfirearm,1f8419014644714570b9ca01dcdbd08f4ba720aaaab8b6b037297e98cb46890a,,pending,,,,5
img_00010807,images/img_00010807.jpg,02_deepfirearm,deepfirearm,3a8276a323ed9541d0fb0f694b10a8d81d87cf0c574637101e816c59a082f56d,,pending,,,,5
img_00010808,images/img_00010808.jpg,02_deepfirearm,deepfirearm,ce5bfe2d950d99818588eab54fbd904ab5393f57c0ca151f3473755354d8b635,,pending,,,,5
img_00010809,images/img_00010809.jpg,02_deepfirearm,deepfirearm,4d63b3ef01e1a3b9a3b00fd33bcd50d02bdcc5c16201c2de90419505e86e7bd2,,pending,,,,5
img_00010810,images/img_00010810.jpg,02_deepfirearm,deepfirearm,ba6bca5c2ad64f1066b342e31e062c92a0ff6bfd0a6b543dec1ef9bab6d50f1e,,pending,,,,5
img_00010811,images/img_00010811.jpg,02_deepfirearm,deepfirearm,db6ba1942acc44310cd2b2b8a95dd5e78d8e12a86609e21d3809d9eccd218766,,pending,,,,5
img_00010812,images/img_00010812.jpg,02_deepfirearm,deepfirearm,81e0d2233f230c3498d968046334b3a234e99e32b3877e0544022b0c99bbf167,,pending,,,,5
img_00010813,images/img_00010813.jpg,02_deepfirearm,deepfirearm,7ecf9757306c663d9ffc8e6cab3348b89de52c966dc9bd6fbbd894133cbcb87b,,pending,,,,5
img_00010814,images/img_00010814.jpg,02_deepfirearm,deepfirearm,8b3165320a1d7f1a05f1be778a1ffaa791c8ec17bd8baeaef00e26e5cb6c09e9,,pending,,,,5
img_00010815,images/img_00010815.jpg,02_deepfirearm,deepfirearm,394ec28537834f418a4cb348b0fccc652699880c6e4276dedac30ba8948848ab,,pending,,,,5
img_00010816,images/img_00010816.jpg,02_deepfirearm,deepfirearm,de17983f27187fa0b54d456997d6426d9020dac1b26f9224481b999c5ff626ee,,pending,,,,5
img_00010817,images/img_00010817.jpg,02_deepfirearm,deepfirearm,09726af8c0e305ac70cc380d8ae781383138d8fdc0d815917e2b374015c10894,,pending,,,,5
img_00010818,images/img_00010818.jpg,02_deepfirearm,deepfirearm,1bf81b8598bcf03a3efb38502ea9e13429143988c24840af7ffd885d00531478,,pending,,,,5
img_00010819,images/img_00010819.jpg,02_deepfirearm,deepfirearm,48cbd79d2bfe65f56251b9d42babc46a8a896fefe742aa5b7435d62df0b12d3f,,pending,,,,5
img_00010820,images/img_00010820.jpg,02_deepfirearm,deepfirearm,593d3cb759fb0178bb0b4c65718ca4e5dd7c9d56989cfa4f5e5289548a2e2514,,pending,,,,5
img_00010821,images/img_00010821.jpg,02_deepfirearm,deepfirearm,155c941f0230edf59fceca311e6e92eaf6d21f37ddb497ac3dec7e070d97b1df,,pending,,,,5
img_00010822,images/img_00010822.jpg,02_deepfirearm,deepfirearm,6a65eec632d94c3126067f60c62254a639dba38e76fba3a3c32de802053fce26,,pending,,,,5
img_00010823,images/img_00010823.jpg,02_deepfirearm,deepfirearm,63922e865804248c70bb94ee0f28ed497f8ce156a002a9e7b71788fdf45d9c82,,pending,,,,5
img_00010824,images/img_00010824.jpg,02_deepfirearm,deepfirearm,6e1192a6055101c8c6fbb7d9331a1e640e55608af6471a9ae93b19c73b8e6cb6,,pending,,,,5
img_00010825,images/img_00010825.jpg,02_deepfirearm,deepfirearm,6eaf8fa7acf2ad48c91e715a2bc72a69bcecadeda08ea8b59ee37f4ad59e8939,,pending,,,,5
img_00010826,images/img_00010826.jpg,02_deepfirearm,deepfirearm,20b883e0bc58c721046614a861f4eeca1d763f896b2d95ad4ffd13f090fb276c,,pending,,,,5
img_00010827,images/img_00010827.jpg,02_deepfirearm,deepfirearm,90ec3839c4917d3986f0ac18e0e552c7753f9fe329ba737181796b2b795b3c4a,,pending,,,,5
img_00010828,images/img_00010828.jpg,02_deepfirearm,deepfirearm,05895a9c582cadf6f3f52a6b2ac81ab9589dc3fbf9601b2fff4a6824f696661d,,pending,,,,5
img_00010829,images/img_00010829.jpg,02_deepfirearm,deepfirearm,63a88e335bef6afb9eb7ab935e5b3a3a076f92ef814aa8e962646d61ebb89cd0,,pending,,,,5
img_00010830,images/img_00010830.jpg,02_deepfirearm,deepfirearm,4af43a317bcb6c4932b470b6e2f0b16d49c84ce8a903642ad2f5f7bd6e7e9ba1,,pending,,,,5
img_00010831,images/img_00010831.jpg,02_deepfirearm,deepfirearm,1cf52fdde55a1c56f01eb78bf0adb7e2b87ec1c691e1c1f6210758f6a403e439,,pending,,,,5
img_00010832,images/img_00010832.jpg,02_deepfirearm,deepfirearm,443edee6f8f13cf6295b16ac3d37d526148dd1d80446f1f65225b2821e04ad91,,pending,,,,5
img_00010833,images/img_00010833.jpg,02_deepfirearm,deepfirearm,199368243e5e21e211e016fc5009dc8e44f1d887214fd09439dbe219fda842ab,,pending,,,,5
img_00010834,images/img_00010834.jpg,02_deepfirearm,deepfirearm,56ae6ce4049bc2762f54560231388c04d4ec8870543f48e82a830a6dd16c7b0a,,pending,,,,5
img_00010835,images/img_00010835.jpg,02_deepfirearm,deepfirearm,c8531ffd7494759249a89eeb5e322eb20d8d6900180cccbdf9ed0f27189d9a13,,pending,,,,5
img_00010836,images/img_00010836.jpg,02_deepfirearm,deepfirearm,d3febc6d5dcd6107f90784a6cfc90f38391b24ec62b910c20fb44e82c9451f2c,,pending,,,,5
img_00010837,images/img_00010837.jpg,02_deepfirearm,deepfirearm,ee4a2a9ea322862afa12e451110b087edcc49f0f735b4365edd7e7f3df917ed9,,pending,,,,5
img_00010838,images/img_00010838.jpg,02_deepfirearm,deepfirearm,38568805e4d8f9ad51178546164087646f143b4a65b56c648c62cee26b6796e9,,pending,,,,5
img_00010839,images/img_00010839.jpg,02_deepfirearm,deepfirearm,fa47fcbaacae192a1db6b9027b4a82fabb497c84a1d3e6adc9b9dbba3ab9d78a,,pending,,,,5
img_00010840,images/img_00010840.jpg,02_deepfirearm,deepfirearm,0aba2c7d147c04ae668c64e55c5c373c0f4c1928e59249ba83bea9bd77011b77,,pending,,,,5
img_00010841,images/img_00010841.jpg,02_deepfirearm,deepfirearm,c455d316918bef5d0b2f1d30320dcc73b16882bb7d07d48428acd229ac68b444,,pending,,,,5
img_00010842,images/img_00010842.jpg,02_deepfirearm,deepfirearm,ab5fc0e7b98751c92c09bb5a124bfc84cbe9d4b21a8be683e71dda2188f2a3b4,,pending,,,,5
img_00010843,images/img_00010843.jpg,02_deepfirearm,deepfirearm,d3f43dd9a6463c520e2b65d28ba5272d959063e7fd1dfe7193b72563089c96c5,,pending,,,,5
img_00010844,images/img_00010844.jpg,02_deepfirearm,deepfirearm,1cc2d3fe0e99b24ba0c6c6adee39e648b48bdb236c1404df46938153f4de399d,,pending,,,,5
img_00010845,images/img_00010845.jpg,02_deepfirearm,deepfirearm,6347d6d7859718842b9422afe249b3f4b0e5dac04c0097e01e15de03a411a10f,,pending,,,,5
img_00010846,images/img_00010846.jpg,02_deepfirearm,deepfirearm,1dc4e2c6506b347a4fdd37580a52187b494fbcf9e8ce2173c85dc58d6772381e,,pending,,,,5
img_00010847,images/img_00010847.jpg,02_deepfirearm,deepfirearm,7d3577513cee92f27527446656fbb79edf11a5b8a82c197f43ec69d658755067,,pending,,,,5
img_00010848,images/img_00010848.jpg,02_deepfirearm,deepfirearm,e7053ee8e891486a1d2ddd6b8f52eac1ed7cc6a2aee3b7c7925491e0323d2cbd,,pending,,,,5
img_00010849,images/img_00010849.jpg,02_deepfirearm,deepfirearm,83546e7aee5f32511c7b05066a3e9faac5c0f864bb96f30c5583c56da1a81702,,pending,,,,5
img_00010850,images/img_00010850.jpg,02_deepfirearm,deepfirearm,29549e74aa65d8264abed82a65d01672b57a62a139ed3ef224cf51690733ea81,,pending,,,,5
img_00010851,images/img_00010851.jpg,02_deepfirearm,deepfirearm,0655475f024473c04ebab07a2a4d482154b211becc75a48e4d22a0901339cd38,,pending,,,,5
img_00010852,images/img_00010852.jpg,02_deepfirearm,deepfirearm,ee44353f4e46e0e82268855f41575d234fa02ce8d83e48a871c74eefc600f4b1,,pending,,,,5
img_00010853,images/img_00010853.jpg,02_deepfirearm,deepfirearm,2f4361fe54b0e4b4f95235f9aa31f07f0fbbd35424a2bc564feffa1ea06e762f,,pending,,,,5
img_00010854,images/img_00010854.jpg,02_deepfirearm,deepfirearm,cbe0d4c87dbcdfc42449d0e8cbf1ec46d130ec543df0f08d87288cddd3191cba,,pending,,,,5
img_00010855,images/img_00010855.jpg,02_deepfirearm,deepfirearm,56d1c1066b82b131f55ca471399c5245de3006cdd08d16bc793fb19448d2077b,,pending,,,,5
img_00010856,images/img_00010856.jpg,02_deepfirearm,deepfirearm,998df273343b660d326fe882b6a5a7158c7b74fd6c316898f68b6e5d26fab479,,pending,,,,5
img_00010857,images/img_00010857.jpg,02_deepfirearm,deepfirearm,01918c75207885c9f941bc3ba9d5df561ead922dbd8aca75e36f186012e35606,,pending,,,,5
img_00010858,images/img_00010858.jpg,02_deepfirearm,deepfirearm,6287e725bff6268eb5288b1fc5c766921844afb517c68689995ec17b36f0423a,,pending,,,,5
img_00010859,images/img_00010859.jpg,02_deepfirearm,deepfirearm,35fb0da30293e999d32ae456ef6fa234014fdee21a4a3677e2858f40313eef5a,,pending,,,,5
img_00010860,images/img_00010860.jpg,02_deepfirearm,deepfirearm,1a7a160c3a6fdece0faf67bf1ecf65b24594a658e1bf799cb8b955992cb21f9d,,pending,,,,5
img_00010861,images/img_00010861.jpg,02_deepfirearm,deepfirearm,ec5b28a9d2fe1f3816f591ddc1925927758fbeaea6e13e0ff92701f8abdbba24,,pending,,,,5
img_00010862,images/img_00010862.jpg,02_deepfirearm,deepfirearm,607c0fdace95d8af9abe8a81a626ff6eedafae59dfee4bd566e4f5b186e5c4c8,,pending,,,,5
img_00010863,images/img_00010863.jpg,02_deepfirearm,deepfirearm,d4762bcb81c04c666a5eb30aeb5d93f353e2afd5cf5bf5c0b721bce60ab7af0b,,pending,,,,5
img_00010864,images/img_00010864.jpg,02_deepfirearm,deepfirearm,7e08fc3f3b0aae2293267d399502dedb5eda1a6640403ff25b8dea632e60d334,,pending,,,,5
img_00010865,images/img_00010865.jpg,02_deepfirearm,deepfirearm,aff116babf30b4c6f4b970524c95073aa953f7372bc939115cf9b534752dc740,,pending,,,,5
img_00010866,images/img_00010866.jpg,02_deepfirearm,deepfirearm,8f99ee4777dcf0945154cb218c0154c66efb830433bd3dae42a1bd2e20c08b42,,pending,,,,5
img_00010867,images/img_00010867.jpg,02_deepfirearm,deepfirearm,26f5a4458810a03c6bd7028240b76446465e094aef681bbb751fa9004cca8da1,,pending,,,,5
img_00010868,images/img_00010868.jpg,02_deepfirearm,deepfirearm,8ab74c39c8e4a2d4fc8182b39d5d701debb1abdc3e3d82e9c681ef53b8ef89ae,,pending,,,,5
img_00010869,images/img_00010869.jpg,02_deepfirearm,deepfirearm,96b68a6cfa6e35ebd5fb59b02b414d2a455337d9810758209d4d125b9dd89df2,,pending,,,,5
img_00010870,images/img_00010870.jpg,02_deepfirearm,deepfirearm,482cdc46d2fbcf28b331af0742e186041dc34a90fab1a3c80de4e50598c55f4d,,pending,,,,5
img_00010871,images/img_00010871.jpg,02_deepfirearm,deepfirearm,da160fde95b137cdbf75d246a135b63c805605fad15b2ae7443706bd59224997,,pending,,,,5
img_00010872,images/img_00010872.jpg,02_deepfirearm,deepfirearm,bb2a127be6ba8c6893e484d6e95a5b2227fac275eadbc01a488453dc76b07869,,pending,,,,5
img_00010873,images/img_00010873.jpg,02_deepfirearm,deepfirearm,1373648f5a724f51081be812024e48118541f982b7a11e7039b4f8c80a1afd8a,,pending,,,,5
img_00010874,images/img_00010874.jpg,02_deepfirearm,deepfirearm,be583d839a072c1516d2be4f0c2f62256f967554517bcca35a8e31756c68ddc5,,pending,,,,5
img_00010875,images/img_00010875.jpg,02_deepfirearm,deepfirearm,9dfb7744968f8066b1ee3b0e5a7b386e777d27dfdea9c348183eea1359369bac,,pending,,,,5
img_00010876,images/img_00010876.jpg,02_deepfirearm,deepfirearm,7bee474c38d8a7311bd82c422c93e8b82934fb04a3e183f7f2ccf38dea298c31,,pending,,,,5
img_00010877,images/img_00010877.jpg,02_deepfirearm,deepfirearm,5d23258cd175a2382667532349d267394bf1c63a7a35604a7ff8949d5d40aff8,,pending,,,,5
img_00010878,images/img_00010878.jpg,02_deepfirearm,deepfirearm,b987537b0bd3ad0627e8a4330a2629a55d8f707422570b3654fa98f8537d0283,,pending,,,,5
img_00010879,images/img_00010879.jpg,02_deepfirearm,deepfirearm,74de2d172939abcfd450f9ca59fb6992d288542b13591e0d8b4f1d1e07a3d991,,pending,,,,5
img_00010880,images/img_00010880.jpg,02_deepfirearm,deepfirearm,8373463736d058f3fd8871096860599cd4d7121cec14eae7670c8a44cad95062,,pending,,,,5
img_00010881,images/img_00010881.jpg,02_deepfirearm,deepfirearm,3f39e411c39dad9db66c35d4bed16ac3d643f11480c832a1fd08b8a76f9c52a4,,pending,,,,5
img_00010882,images/img_00010882.jpg,02_deepfirearm,deepfirearm,38ef8457d3773bd97ae4f50baab09cc90f2f7a66817d3d911271a604aad9a4cc,,pending,,,,5
img_00010883,images/img_00010883.jpg,02_deepfirearm,deepfirearm,8cea034b902c5e9072ce00418b824c6a7d697498d388813079637387ed6e886d,,pending,,,,5
img_00010884,images/img_00010884.jpg,02_deepfirearm,deepfirearm,1cb43420c88a9e706277db07e95dcc0092d4ae05f5887d5c7810bb3161f354fd,,pending,,,,5
img_00010885,images/img_00010885.jpg,02_deepfirearm,deepfirearm,29aa4dbc6bfed12a238c925a69c2e71387189039426300d1e4205ac515afa631,,pending,,,,5
img_00010886,images/img_00010886.jpg,02_deepfirearm,deepfirearm,eb6903ecb96decd71a55ce8b57e45aa54f62a7befe27c91fb4373506546a07bb,,pending,,,,5
img_00010887,images/img_00010887.jpg,02_deepfirearm,deepfirearm,e4d484234f2b5e8c0a71fdcc54d57a73f8dc8354b0de4660728c7c5e2d81b952,,pending,,,,5
img_00010888,images/img_00010888.jpg,02_deepfirearm,deepfirearm,6cafe58084101cc1a847b5c00d55433c3d3383f8883eb42d5812d2b1eab0dbf8,,pending,,,,5
img_00010889,images/img_00010889.jpg,02_deepfirearm,deepfirearm,93aea277a4902e284fa19c3947c3231102bf739d5d89211dce49c99cddbd11a7,,pending,,,,5
img_00010890,images/img_00010890.jpg,02_deepfirearm,deepfirearm,e95e052303bd1e535fd4478c2e630aba1ea60ad4ba462ce5a791b999f0702b21,,pending,,,,5
img_00010891,images/img_00010891.jpg,02_deepfirearm,deepfirearm,c91bdc7b14c30b720bbbf695eeba715f34bd18c5699358860ea0ce7104eae90f,,pending,,,,5
img_00010892,images/img_00010892.jpg,02_deepfirearm,deepfirearm,01ca7fa50dd47cbaaf7a980d89c899e9217a69c861b91cfb720a3fce581b4318,,pending,,,,5
img_00010893,images/img_00010893.jpg,02_deepfirearm,deepfirearm,de3bb9f373dbb1f931a5ea887b85c5b939c10fcd982836444eb69eab8d88e25f,,pending,,,,5
img_00010894,images/img_00010894.jpg,02_deepfirearm,deepfirearm,c587167729be405d9ba9b4cbe4258ea0eca7627c283361157ebc514f273ab1f1,,pending,,,,5
img_00010895,images/img_00010895.jpg,02_deepfirearm,deepfirearm,f34cb9a8d1553b9cb79c1443999ef0a3478e51f1adbd0d9dfd9b167a0e18612c,,pending,,,,5
img_00010896,images/img_00010896.jpg,02_deepfirearm,deepfirearm,299089e8ad8480fd96c5b6e74f203cca24fb4f7bdd9fbeb795c0a494aa9ae6e1,,pending,,,,5
img_00010897,images/img_00010897.jpg,02_deepfirearm,deepfirearm,7c0d0ae490beefeec34c30fc0f723ec7e5a72549d8a077d55598163b73737b21,,pending,,,,5
img_00010898,images/img_00010898.jpg,02_deepfirearm,deepfirearm,560746f728e83d5d8a783d4445042abcbb212a048521349d4f86ec65f36217fa,,pending,,,,5
img_00010899,images/img_00010899.jpg,02_deepfirearm,deepfirearm,e94fa14b0bf4ae8ead11bdb778e53a3582a346a430db87bc291c0be2fd0ee873,,pending,,,,5
img_00010900,images/img_00010900.jpg,02_deepfirearm,deepfirearm,c42fb2e2d55a5382b7687b65758963a42ef0a862db8d578d4ca0a92835608841,,pending,,,,5
img_00010901,images/img_00010901.jpg,02_deepfirearm,deepfirearm,b61c8e136be91e1b5fc8050ecc83e5ed9b9d8e541548d6342c45cf4a68b21e11,,pending,,,,5
img_00010902,images/img_00010902.jpg,02_deepfirearm,deepfirearm,b6bc5f3ea1a7cd01d7dbab6b0b3c9981bbea552f9ff23093e3f4e3a7605af5c5,,pending,,,,5
img_00010903,images/img_00010903.jpg,02_deepfirearm,deepfirearm,cbaea4a4821e8d350b78ee88be58f51745eae501dc698a952ab3fe3fca34185c,,pending,,,,5
img_00010904,images/img_00010904.jpg,02_deepfirearm,deepfirearm,dd62ecdffd81e2056a6e74824de0c4e198bb626b9adae10961971f204eb207f5,,pending,,,,5
img_00010905,images/img_00010905.jpg,02_deepfirearm,deepfirearm,45eaa2771de2e25b3a45e796b5b952e50911bc104e9b26d8e9d63a2f963547af,,pending,,,,5
img_00010906,images/img_00010906.jpg,02_deepfirearm,deepfirearm,e73941448e857e3e8f51ed73938861f8ee3dcc8d5b66638e8f3f129b14b4beb4,,pending,,,,5
img_00010907,images/img_00010907.jpg,02_deepfirearm,deepfirearm,ef643cd799152f9c49f77bcd824395b2d3e1244a7fb76bb6a16adc0f5b525902,,pending,,,,5
img_00010908,images/img_00010908.jpg,02_deepfirearm,deepfirearm,48e58df9036051c04415c187c4eb6b6447442ef447afd4fb451ce58d1fd64fb7,,pending,,,,5
img_00010909,images/img_00010909.jpg,02_deepfirearm,deepfirearm,73a698df7c8f942fd06f7b29f50cab81c5b0fc6cafa02f3a7669b30068690a90,,pending,,,,5
img_00010910,images/img_00010910.jpg,02_deepfirearm,deepfirearm,97fa1949306ea8302136537bde6404048c410949e2907238fafa33204f85700e,,pending,,,,5
img_00010911,images/img_00010911.jpg,02_deepfirearm,deepfirearm,b787764f7b002d858bc29143cc4622eb365a37900668d75536dbffeaf3380c36,,pending,,,,5
img_00010912,images/img_00010912.jpg,02_deepfirearm,deepfirearm,b26ba577e6d31e0baf4f51c667e3a7154268ba1c78ca84ea70e927bfce8da941,,pending,,,,5
img_00010913,images/img_00010913.jpg,02_deepfirearm,deepfirearm,605ca723021e3059bfc1f3cd2e1b17ab81adc91ad89ab81d60d3de75e67e1aaf,,pending,,,,5
img_00010914,images/img_00010914.jpg,02_deepfirearm,deepfirearm,be4ffc37ca6a6d6f78646bfc988230a4e67ca1fe7eb1a7679e8507d57e034e28,,pending,,,,5
img_00010915,images/img_00010915.jpg,02_deepfirearm,deepfirearm,0e58e79276c2a5ce86663ce8aa54467cd6cbe753bfb7bc46859fe12cac041363,,pending,,,,5
img_00010916,images/img_00010916.jpg,02_deepfirearm,deepfirearm,7d4a53d8cbbe5f2f38e14226af82a932a4577eb2ac558e6042d567ff60b7e7e5,,pending,,,,5
img_00010917,images/img_00010917.jpg,02_deepfirearm,deepfirearm,a8dac67734a75d34886f03423a0f17366383102ab7ff622ff692a8e1e3c6d9c4,,pending,,,,5
img_00010918,images/img_00010918.jpg,02_deepfirearm,deepfirearm,a081623a6f7937ee4b356d5efa70a1b2ab323381d97242623e41075f1537a0b7,,pending,,,,5
img_00010919,images/img_00010919.jpg,02_deepfirearm,deepfirearm,2ff4e6763a3ee8f887b5e51fc1f3663b6585a8011d9dd6e230b81a03a6db16cc,,pending,,,,5
img_00010920,images/img_00010920.jpg,02_deepfirearm,deepfirearm,2cd4c265776bdce42abb8128fdcda394d340b86aae7069a286803ced2deb5d74,,pending,,,,5
img_00010921,images/img_00010921.jpg,02_deepfirearm,deepfirearm,61be89ae00924c112362f1bce31dd17bde55507bcd8a3103f35cb75f142b9b6a,,pending,,,,5
img_00010922,images/img_00010922.jpg,02_deepfirearm,deepfirearm,87ed3397efb891f5221d7da8b658208362439751c0bbd1680d95091e6828f2c9,,pending,,,,5
img_00010923,images/img_00010923.jpg,02_deepfirearm,deepfirearm,abd7f673a5bcb04a9759d129d44476f858c0ddc552e99f3597b33ed6b0e13bbe,,pending,,,,5
img_00010924,images/img_00010924.jpg,02_deepfirearm,deepfirearm,04fdf024a2f8e9724245ef179b9b8634a51ec639f2c83bac97554c0245eeb6e3,,pending,,,,5
img_00010925,images/img_00010925.jpg,02_deepfirearm,deepfirearm,87b627fff8d6ed175e8386084e072138d7902f769e065dde25447c2ba27d50bc,,pending,,,,5
img_00010926,images/img_00010926.jpg,02_deepfirearm,deepfirearm,9dfeb94d5a4273c85cabff5a5968f5f046cebee6bfddaaed0e4291dbdc65a9a4,,pending,,,,5
img_00010927,images/img_00010927.jpg,02_deepfirearm,deepfirearm,55ceed83f363d922093aa5287d9e0529d62a310d8eaa79a03e10e0206f040067,,pending,,,,5
img_00010928,images/img_00010928.jpg,02_deepfirearm,deepfirearm,4d6d32aabf99a02107b576799f22c9258a5b2e1b3c4a90e2e5327262bcab0dce,,pending,,,,5
img_00010929,images/img_00010929.jpg,02_deepfirearm,deepfirearm,82ddbbb28f9286164a774060f77c082a4be00318351083938864ee9392c9010a,,pending,,,,5
img_00010930,images/img_00010930.jpg,02_deepfirearm,deepfirearm,f1c8f11c1f2b61a4e214a03d33dd57ef7b6956b15f1c9fc0c5b9ad220ee74243,,pending,,,,5
img_00010931,images/img_00010931.jpg,02_deepfirearm,deepfirearm,a87fdc62ac7cbe5e98965621a7c24361e5dbce18f36ce64a13bdf0419399c7c1,,pending,,,,5
img_00010932,images/img_00010932.jpg,02_deepfirearm,deepfirearm,d7281fa3331770bc0def2ca50b9e9ac37cc166ab5f5882e20b6258e5b9e5cfcc,,pending,,,,5
img_00010933,images/img_00010933.jpg,02_deepfirearm,deepfirearm,50c27227ea4a7ba4e639b4863c011cb108914080c9b2b5ce9f9c31b2275a94df,,pending,,,,5
img_00010934,images/img_00010934.jpg,02_deepfirearm,deepfirearm,2afddf6b78bb26e0001cb980fe66d23b539c322767adced6f8409af79e023725,,pending,,,,5
img_00010935,images/img_00010935.jpg,02_deepfirearm,deepfirearm,da3798094d2b3ef3c1c92fb1264513b7601db28361172dfba6c5bd0056532805,,pending,,,,5
img_00010936,images/img_00010936.jpg,02_deepfirearm,deepfirearm,b30dd433c74797b78c6460d73d119ea98578ceb1a3c6aba7b8fbafb70174ed7b,,pending,,,,5
img_00010937,images/img_00010937.jpg,02_deepfirearm,deepfirearm,9a7a663c83cdd78e6be295d59fd1d68f976811859aebcbe7db4c53ed97ff6cf5,,pending,,,,5
img_00010938,images/img_00010938.jpg,02_deepfirearm,deepfirearm,4cad46428845e7451fc533802c74f507714d6c48c286d721c3d9918662948c08,,pending,,,,5
img_00010939,images/img_00010939.jpg,02_deepfirearm,deepfirearm,17fab04ab4378c4b51c640558cb69a601647465f9923f78b025af7b43d7f35bb,,pending,,,,5
img_00010940,images/img_00010940.jpg,02_deepfirearm,deepfirearm,358299fdbf88ff1d5fee4db8bc1d0083750cd3d3cdb740abbf827591e5c17861,,pending,,,,5
img_00010941,images/img_00010941.jpg,02_deepfirearm,deepfirearm,74ecb05eef0c6a37c3bf2a956a56459f1c2a0951b2d74adbbf415e9aa1535a54,,pending,,,,5
img_00010942,images/img_00010942.jpg,02_deepfirearm,deepfirearm,e8e19c8a736f7eb853ac92e842861dea78593c5ed69e7e5cadb93831d4e7db6b,,pending,,,,5
img_00010943,images/img_00010943.jpg,02_deepfirearm,deepfirearm,63dd2ed33194498d246cb3bf37aa90cf2073569c1ae34799b063432e9368e37f,,pending,,,,5
img_00010944,images/img_00010944.jpg,02_deepfirearm,deepfirearm,fcf16825a5d8c9c78e9ceaecf0b39661d71a48d29af04f9a0faac2bb708f1804,,pending,,,,5
img_00010945,images/img_00010945.jpg,02_deepfirearm,deepfirearm,455ac65f7891fedd794a5d39b68a578166d9c6a79bc175137d398dc9160a2aaa,,pending,,,,5
img_00010946,images/img_00010946.jpg,02_deepfirearm,deepfirearm,ac61de98c6699ac03067bbaf55624049744653636ea2d1ad24effc288090314b,,pending,,,,5
img_00010947,images/img_00010947.jpg,02_deepfirearm,deepfirearm,c640b7806a428805f9af532cfbae644bd72a9a8fbc071239c72c4c7fbd122add,,pending,,,,5
img_00010948,images/img_00010948.jpg,02_deepfirearm,deepfirearm,c9965d3f419dffa84208d8608f459f12b90f1709f0c0d6f2c588785aec7548be,,pending,,,,5
img_00010949,images/img_00010949.jpg,02_deepfirearm,deepfirearm,6e85fc6616b3c8b195e446ba94f1287976c3118f65193f2a0b7d59c7a3305c02,,pending,,,,5
img_00010950,images/img_00010950.jpg,02_deepfirearm,deepfirearm,791b623cf92dabe6aec1ec7226f891081f30e75398fea0bf226b188fa3ef7e66,,pending,,,,5
img_00010951,images/img_00010951.jpg,02_deepfirearm,deepfirearm,2aa99e3203250855e8b2b127101767a7e85dfc2dbf23141564821a8471fc920f,,pending,,,,5
img_00010952,images/img_00010952.jpg,02_deepfirearm,deepfirearm,eb0cde96febb6aa9994a711915a025dc5cb57f61d27e7c100e01f1c711aca466,,pending,,,,5
img_00010953,images/img_00010953.jpg,02_deepfirearm,deepfirearm,0d51eded24e9a71abe431d0159949f2ba1688f9d961192472ec24ae37ecc394d,,pending,,,,5
img_00010954,images/img_00010954.jpg,02_deepfirearm,deepfirearm,97dbc02a02d4f9bcd1b3cb84247dd07d5be9f5af7c700e5fb7868f3ef962eee5,,pending,,,,5
img_00010955,images/img_00010955.jpg,02_deepfirearm,deepfirearm,e4ef524268085879348ea16682bb2557bf5e485045da9d7677b5fc8eb2ead545,,pending,,,,5
img_00010956,images/img_00010956.jpg,02_deepfirearm,deepfirearm,c08f9856eb444fcbc653893f020d9475d69a7de1972b13a391d9dae629c9b057,,pending,,,,5
img_00010957,images/img_00010957.jpg,02_deepfirearm,deepfirearm,fb2b67dbf95ff1de4e11675e288da25baf737be1ef24ff33d986b4691542eaa8,,pending,,,,5
img_00010958,images/img_00010958.jpg,02_deepfirearm,deepfirearm,71a9a068467d4076ec9908c713e8cef6312493fefa24ec5e7a6845db374df217,,pending,,,,5
img_00010959,images/img_00010959.jpg,02_deepfirearm,deepfirearm,a97309bc585e3f84472b8ff5312efdc0400e2a5e10e2d4b3632fdcd08202a7f8,,pending,,,,5
img_00010960,images/img_00010960.jpg,02_deepfirearm,deepfirearm,91f5354a7dbdc1af02f62474864d2989c6e109ce2151fd287c997ffc9a1c5db3,,pending,,,,5
img_00010961,images/img_00010961.jpg,02_deepfirearm,deepfirearm,b46b87154df859dffdda7a7f411a29466c8e02884fcb08a578c93d156e31fcd9,,pending,,,,5
img_00010962,images/img_00010962.jpg,02_deepfirearm,deepfirearm,0f084a7bde0728a0b06e11e44343dcc8e4d5e606316c01a839285147925c859f,,pending,,,,5
img_00010963,images/img_00010963.jpg,02_deepfirearm,deepfirearm,e7c7c3e64553d2aa41924e850c73ed30637810c2c345c3f5d404997e7447f5e7,,pending,,,,5
img_00010964,images/img_00010964.jpg,02_deepfirearm,deepfirearm,7064815c0423f8112bea44beb562e3a3fbc44eaff1c1f99db58b321dbe0b7558,,pending,,,,5
img_00010965,images/img_00010965.jpg,02_deepfirearm,deepfirearm,136bc250157e18d97786b48b7803680298aed7f905904dccac3fc687849eaf6d,,pending,,,,5
img_00010966,images/img_00010966.jpg,02_deepfirearm,deepfirearm,60b0e312de70bc2169949a5fe0ac84d98a6fa5decf18497c89387e96ef7c55d5,,pending,,,,5
img_00010967,images/img_00010967.jpg,02_deepfirearm,deepfirearm,cae2dc0ee8c3bcb5ad1cd82c4fcdbc56c96eae700f90ac69cd191f72ac20cc17,,pending,,,,5
img_00010968,images/img_00010968.jpg,02_deepfirearm,deepfirearm,912d691068842ceecdde2d028d16dc46f0270a45a1c54da0fce31e29d82b3b11,,pending,,,,5
img_00010969,images/img_00010969.jpg,02_deepfirearm,deepfirearm,3c8d809a2b15ca8e4d3aa14019c7104d82e2832d567ca44e19ef11426ef62d45,,pending,,,,5
img_00010970,images/img_00010970.jpg,02_deepfirearm,deepfirearm,6c0bd4590583e63d1b490620613d60c72ed8f582c04427089a1816cfa62f44c5,,pending,,,,5
img_00010971,images/img_00010971.jpg,02_deepfirearm,deepfirearm,3d7237b4a58450d73b12cda8713c99c547d7e49768706d45fb54afca02a77340,,pending,,,,5
img_00010972,images/img_00010972.jpg,02_deepfirearm,deepfirearm,38089b34c1070e517502524fc44275918afe269c1e71fcd871ad58e34dd5d2c0,,pending,,,,5
img_00010973,images/img_00010973.jpg,02_deepfirearm,deepfirearm,1615142e4140b40b5ca0fb636592993948e8cc6648a5761961f7cf17a4afd0f1,,pending,,,,5
img_00010974,images/img_00010974.jpg,02_deepfirearm,deepfirearm,0ddb5bef14879c44f37a04e3e4632d7b6467bfd1a682fad54cdd87bcb9256c23,,pending,,,,5
img_00010975,images/img_00010975.jpg,02_deepfirearm,deepfirearm,49b590c90402bc91cdf5cdf899c9532618eddb94103848d47ecc9787fcbb98d0,,pending,,,,5
img_00010976,images/img_00010976.jpg,02_deepfirearm,deepfirearm,3e787f5bd8b44b309e316a0ef55a679fd3a3ca7b4c2ac9ff504c10f3b113c789,,pending,,,,5
img_00010977,images/img_00010977.jpg,02_deepfirearm,deepfirearm,ba000aea4adf75baa57ecfbb90a746ce5d81b4b20d5ef5f96915c3408ebefdbe,,pending,,,,5
img_00010978,images/img_00010978.jpg,02_deepfirearm,deepfirearm,2e2b44a04a0ecc2dd2cea93e2b5735fa34afa7653f725beb51e2c8e570ea1479,,pending,,,,5
img_00010979,images/img_00010979.jpg,02_deepfirearm,deepfirearm,d1f39597376c23635c52e203a4d861851f9197eccffb3076e636df6b77dbbf51,,pending,,,,5
img_00010980,images/img_00010980.jpg,02_deepfirearm,deepfirearm,c20d72c7b1770c38faae9557fe2339ebbb7946bd73456eb200cd9739d63c2179,,pending,,,,5
img_00010981,images/img_00010981.jpg,02_deepfirearm,deepfirearm,94d169b6c5dce14de57c0d590a7f2e1a48bad6ec567b4a3ac851cc2ad70bc4c3,,pending,,,,5
img_00010982,images/img_00010982.jpg,02_deepfirearm,deepfirearm,b33d57359e94868cc533c880624dad6cf6b07117cea0155f1807afcec1effd4c,,pending,,,,5
img_00010983,images/img_00010983.jpg,02_deepfirearm,deepfirearm,d77fb1f05a8f9d7177856f40bee3f4dddd90476578a8018d321469e089e0a17d,,pending,,,,5
img_00010984,images/img_00010984.jpg,02_deepfirearm,deepfirearm,445a0f45d4c86bbbd62be41787108df653e5979365db10d3e2ce670b408eadc0,,pending,,,,5
img_00010985,images/img_00010985.jpg,02_deepfirearm,deepfirearm,131de2edf5a17cf41a3ecc72fd62990210a759d8c62b782f072b86aad7b6fb79,,pending,,,,5
img_00010986,images/img_00010986.jpg,02_deepfirearm,deepfirearm,006164183a338f54d366afc60fb5afe51a6b830c5b41348e8e3422decd6d3c93,,pending,,,,5
img_00010987,images/img_00010987.jpg,02_deepfirearm,deepfirearm,f161ce2ed4b22859ca50a4f4cc3f75408b84e1e1b7ae51fc6526244d701fee03,,pending,,,,5
img_00010988,images/img_00010988.jpg,02_deepfirearm,deepfirearm,caccca19345106f7c46154bc82d23dedd7205965aa2a60c5d597b3d6ccf6bf9c,,pending,,,,5
img_00010989,images/img_00010989.jpg,02_deepfirearm,deepfirearm,a617f2a4062a04761949fc5708245351fb5c791f28cde032a1d5e9bb546e5b66,,pending,,,,5
img_00010990,images/img_00010990.jpg,02_deepfirearm,deepfirearm,ae8fd7ce68588c038bd136833de0d1a3eae19856aa18b63d775d25f85a8433aa,,pending,,,,5
img_00010991,images/img_00010991.jpg,02_deepfirearm,deepfirearm,9f6015c1d2a027b640ef962b13dbce39810e2276ca3b9e75433de304937a3b3d,,pending,,,,5
img_00010992,images/img_00010992.jpg,02_deepfirearm,deepfirearm,c2cf326b74bbaa0e5e5688d03e354afb3042c7cca3234bdebae015b9e28010ba,,pending,,,,5
img_00010993,images/img_00010993.jpg,02_deepfirearm,deepfirearm,c28ce2d69fa09d80fc1c82e412f06acb4145b51b4edf9c9f10609009be1cc828,,pending,,,,5
img_00010994,images/img_00010994.jpg,02_deepfirearm,deepfirearm,15244fbae0b03f36127f6c67df324151a3ca8cf768e23a4d8aa476bfffcbffd2,,pending,,,,5
img_00010995,images/img_00010995.jpg,02_deepfirearm,deepfirearm,943441d3ce84709c29a4d6d63383d0c59badaf0fa17af9f6f063a3531dc3ae90,,pending,,,,5
img_00010996,images/img_00010996.jpg,02_deepfirearm,deepfirearm,6bae79f426306ad9c1b5a475fa7a055d879605fc876b610e993d2b20f2aa7df3,,pending,,,,5
img_00010997,images/img_00010997.jpg,02_deepfirearm,deepfirearm,73a248f858ba66dbf0331e438b8c300979830bc87e11b53a48eb8ba8e4b1beb5,,pending,,,,5
img_00010998,images/img_00010998.jpg,02_deepfirearm,deepfirearm,f7775e28fca7680fc46daf127ab406bd0e6444bc101d21683a2ecd9aa299a65a,,pending,,,,5
img_00010999,images/img_00010999.jpg,02_deepfirearm,deepfirearm,c59702d3260a74783033e12edec9d3d624e14000d8977cae19addee3fea55309,,pending,,,,5
img_00011000,images/img_00011000.jpg,02_deepfirearm,deepfirearm,fb15071ab22af4ea0b997b1f69dbd06209b121a3985332c80c7c8de1fdd64515,,pending,,,,5
img_00011001,images/img_00011001.jpg,02_deepfirearm,deepfirearm,c8a009d453c6658441633e6a15edd03a0aa965fdceab60a2840e0ded2773fc74,,pending,,,,5
img_00011002,images/img_00011002.jpg,02_deepfirearm,deepfirearm,2f2ce960157fb430ae7a86eaef38f2c1e93af75a3a97062ac105872fae64c977,,pending,,,,5
img_00011003,images/img_00011003.jpg,02_deepfirearm,deepfirearm,35d85d8a4647dbe9662f8ed4ea90ad6917601b8c6bcdfe2fb39c5356ef7691b0,,pending,,,,5
img_00011004,images/img_00011004.jpg,02_deepfirearm,deepfirearm,973a9c6c208059a838e2c3726e1b4762abc41710dc5e76681d3d037298678d3f,,pending,,,,5
img_00011005,images/img_00011005.jpg,02_deepfirearm,deepfirearm,d13a9b236e004b9992848bbbb944ff80655075ab19c2cfa3f55976d5ff75a0de,,pending,,,,5
img_00011006,images/img_00011006.jpg,02_deepfirearm,deepfirearm,93e880d8b0ed8a2914b7126279afb4f7bdc3debb9eae2f0f20e5db34d9d28f1a,,pending,,,,5
img_00011007,images/img_00011007.jpg,02_deepfirearm,deepfirearm,c7fe7f9e31d9ba6bfe6253abcfecf6796826ea2c815b637cbc3688c0abb40a99,,pending,,,,5
img_00011008,images/img_00011008.jpg,02_deepfirearm,deepfirearm,1b534bda5d40269d3b6ba9157c88fd940c4386c4261e8f99d0cf6431c16f0562,,pending,,,,5
img_00011009,images/img_00011009.jpg,02_deepfirearm,deepfirearm,bfeb0b84316e1dc7ebe0615be1df0470b6c65781d2e7aadc6fb7f740c580755c,,pending,,,,5
img_00011010,images/img_00011010.jpg,02_deepfirearm,deepfirearm,49781a0c3db74de9b84994cf4b05e48bbd45e1d5700dceb8b1f04897bb9e14af,,pending,,,,5
img_00011011,images/img_00011011.jpg,02_deepfirearm,deepfirearm,c7224a160dc5f5f50f447ffcb895acb6a475dce35706d8be5c3e5c146bb7716b,,pending,,,,5
img_00011012,images/img_00011012.jpg,02_deepfirearm,deepfirearm,238acac3ff85da6a9e7bb739f04a34a81245840f7c3fe5bcf2499df1564a50c4,,pending,,,,5
img_00011013,images/img_00011013.jpg,02_deepfirearm,deepfirearm,23c7e842a2d75b91bfda8836a2ac0a58dca5e32c39cfe550583d263f9a7e1a15,,pending,,,,5
img_00011014,images/img_00011014.jpg,02_deepfirearm,deepfirearm,4f0382bbe4084c4f1cdf1c8cbd483c4032ef192c0b3d485eee8addb8680d04d1,,pending,,,,5
img_00011015,images/img_00011015.jpg,02_deepfirearm,deepfirearm,813ba5af674eaed51a3857da72b0c9b06d8c0f598ed2f55a3da95e486d749824,,pending,,,,5
img_00011016,images/img_00011016.jpg,02_deepfirearm,deepfirearm,8ac0a636916730b8dbb90f353028cdbdf6927d97fc08211b1e484bf7aa92ca5a,,pending,,,,5
img_00011017,images/img_00011017.jpg,02_deepfirearm,deepfirearm,1513d1fa608435ba9fde35e9ab803671006413b860e6777e41f72c9511c57a0f,,pending,,,,5
img_00011018,images/img_00011018.jpg,02_deepfirearm,deepfirearm,08ffad62d2ec2e0d34fb9a22a01182b54ae670c579ff7e88c908f72865522589,,pending,,,,5
img_00011019,images/img_00011019.jpg,02_deepfirearm,deepfirearm,1d850b4910bdc40383719219903a246677ff56ab500c48141c85b44c76c0e793,,pending,,,,5
img_00011020,images/img_00011020.jpg,02_deepfirearm,deepfirearm,aa109ba196010558a8255379074a530d7a0911a3f241f322ac7277bb8772f9f8,,pending,,,,5
img_00011021,images/img_00011021.jpg,02_deepfirearm,deepfirearm,8fdf45ae576848529c6699c8de90928513eefe086e80bc3979c4e996073c3081,,pending,,,,5
img_00011022,images/img_00011022.jpg,02_deepfirearm,deepfirearm,42b803ba9434f6d787e6822e7357948ebe759e8e5e47fbf836cdb10068947138,,pending,,,,5
img_00011023,images/img_00011023.jpg,02_deepfirearm,deepfirearm,bb58c1f34469a77f98c2f66059595d0bf8910ddfb734644d4b0834f8d961405c,,pending,,,,5
img_00011024,images/img_00011024.jpg,02_deepfirearm,deepfirearm,7a5c0a56c67e9a4a232fdfb807c01c54e42828a4f01418dd34e74a793b69f89b,,pending,,,,5
img_00011025,images/img_00011025.jpg,02_deepfirearm,deepfirearm,b5741a713e76c9244f986a012982ffaaa5d607091c91e2d7f6e9dcec01253b49,,pending,,,,5
img_00011026,images/img_00011026.jpg,02_deepfirearm,deepfirearm,86c0ceb0d98e347e6e8e5f85c9ebae61c1dffb5a421c4d610494d7e6a75db01d,,pending,,,,5
img_00011027,images/img_00011027.jpg,02_deepfirearm,deepfirearm,6aed213058389101c12e44ba8efcf630d5a2c08371a2022d0255b2cce6171aa0,,pending,,,,5
img_00011028,images/img_00011028.jpg,02_deepfirearm,deepfirearm,0f339bedde8437b179dfb7e9ce34e9789edce33b053961ae0e9c1b21163c0980,,pending,,,,5
img_00011029,images/img_00011029.jpg,02_deepfirearm,deepfirearm,3b5a8fe808b1bcec74006fdcfc5c18861c837d8c83bfc273e8948e9b5e5596ac,,pending,,,,5
img_00011030,images/img_00011030.jpg,02_deepfirearm,deepfirearm,739f8e55d3284df38657dc2282bf57369a1fd178b07d31f61389483a556745aa,,pending,,,,5
img_00011031,images/img_00011031.jpg,02_deepfirearm,deepfirearm,96889d00e86a1a81759ba2f6ea1b2cee87e6bc4d7e9abfef62ffd2cc85e4132a,,pending,,,,5
img_00011032,images/img_00011032.jpg,02_deepfirearm,deepfirearm,58547a05bc8ef391b212eeab9499adce9f15666c157d390bc0f9c49aa14c86cf,,pending,,,,5
img_00011033,images/img_00011033.jpg,02_deepfirearm,deepfirearm,f8a49e908172a3437637f4ccf521b5fcd6cd5478166b29e3ff13a9478fe36485,,pending,,,,5
img_00011034,images/img_00011034.jpg,02_deepfirearm,deepfirearm,d53538561873749e3aa04aa0b708253bbd858fa51b7006e7a0e775b441e6abce,,pending,,,,5
img_00011035,images/img_00011035.jpg,02_deepfirearm,deepfirearm,308cf662f7705552179a4ec276a3ad209f2d8003c8cf457429eeb0e120fc51bf,,pending,,,,5
img_00011036,images/img_00011036.jpg,02_deepfirearm,deepfirearm,d7c1146271a0c241ff45a20564c3ee65aaacd0f72a7103214c768003e8eeda67,,pending,,,,5
img_00011037,images/img_00011037.jpg,02_deepfirearm,deepfirearm,30bf42dfe5ddacfe0097dad818e001613d58fd8d4a57b05f33fe6954e8a8d034,,pending,,,,5
img_00011038,images/img_00011038.jpg,02_deepfirearm,deepfirearm,4ebb1635a32a79bef7134b4da367dd1b2d0ba4e3189edb8729ac1fdca126802f,,pending,,,,5
img_00011039,images/img_00011039.jpg,02_deepfirearm,deepfirearm,d6565b72cca9c7073e90fa70f7e4891b97db35a917d05c394eebdbc774d97879,,pending,,,,5
img_00011040,images/img_00011040.jpg,02_deepfirearm,deepfirearm,e13c48fc38ed30e375c637ea646a6ca293996f87f1ef4c76d8936997e05d19f4,,pending,,,,5
img_00011041,images/img_00011041.jpg,02_deepfirearm,deepfirearm,25783ff9ceb6fed93f7e365ff087f579296433d250ddf59bfdefaa03b1f05506,,pending,,,,5
img_00011042,images/img_00011042.jpg,02_deepfirearm,deepfirearm,11f616db6ddb07dc1b1776d37b61e91cfde02db57992b1298f313d9578827c97,,pending,,,,5
img_00011043,images/img_00011043.jpg,02_deepfirearm,deepfirearm,38e01062334991ebaf0778d98e25d5d0e35b90b7544679f54cb1f3b8a8bd1d89,,pending,,,,5
img_00011044,images/img_00011044.jpg,02_deepfirearm,deepfirearm,b9f1f6a3c04db648c75ee2092a4e6ae49aedb7201df68490a1c57b89e9cecc5c,,pending,,,,5
img_00011045,images/img_00011045.jpg,02_deepfirearm,deepfirearm,9d2d69257395ff9a64450dc7614ae4098e7ec95c2294bdbb1e69c7a6248c90b8,,pending,,,,5
img_00011046,images/img_00011046.jpg,02_deepfirearm,deepfirearm,535780978c4de573d1d23eceb0f58b43fcf503883c9c3f4c2b6177a6e334dcff,,pending,,,,5
img_00011047,images/img_00011047.jpg,02_deepfirearm,deepfirearm,855ad725323727b22d85ae8fb94e7c165373b94287198a4d062e39fc87b703a3,,pending,,,,5
img_00011048,images/img_00011048.jpg,02_deepfirearm,deepfirearm,34725b30b6308d08fd099679ec4f2dc45a1bcba463b2e81d77e1fa5f2d167d79,,pending,,,,5
img_00011049,images/img_00011049.jpg,02_deepfirearm,deepfirearm,77c7c59a219fabb18c6b740d6171a797511e78e9f0500cc8acb9a3128f4d7be8,,pending,,,,5
img_00011050,images/img_00011050.jpg,02_deepfirearm,deepfirearm,7e03b30a188a4b02672dbf686f6e35c853848e543bbae8aff5569183da959bd9,,pending,,,,5
img_00011051,images/img_00011051.jpg,02_deepfirearm,deepfirearm,f26be2517eeccfa90b157a9647feedc6bc8ba9567184f6c7c94fc71bd8223aff,,pending,,,,5
img_00011052,images/img_00011052.jpg,02_deepfirearm,deepfirearm,5949e8025681eb315e9d02b1a4d145c74987354825f3db7b3608a55628662a04,,pending,,,,5
img_00011053,images/img_00011053.jpg,02_deepfirearm,deepfirearm,a582b1e98854c58cdb883871c172e5026825bce79514ac946ebaf7aaed53d4d1,,pending,,,,5
img_00011054,images/img_00011054.jpg,02_deepfirearm,deepfirearm,02cc5791fe26c70225c2498e229822400d6698fa5a37abf5159a865a59bbafe4,,pending,,,,5
img_00011055,images/img_00011055.jpg,02_deepfirearm,deepfirearm,574ebafb176108e8c29ad34577c1d55ceed972201e6f4c176f7202ea89b799f1,,pending,,,,5
img_00011056,images/img_00011056.jpg,02_deepfirearm,deepfirearm,1e9d09dd4c5f8b5cf8172c915f1c5819fe2fe5064d74059f76ad85b6d1212c27,,pending,,,,5
img_00011057,images/img_00011057.jpg,02_deepfirearm,deepfirearm,0897ddeb8d9cbb08e223d3ed12ad721efcfe28547856a09e841a96acce4081d4,,pending,,,,5
img_00011058,images/img_00011058.jpg,02_deepfirearm,deepfirearm,8e5a79bea49ddf51d5f7bf2fb64e1658b40fbecdfea82396bddfd4e25159827f,,pending,,,,5
img_00011059,images/img_00011059.jpg,02_deepfirearm,deepfirearm,0e5bbf3d61e8b9dba2cda4bbeef614feaa3f4e18b3e32cd0207237de0da0da8c,,pending,,,,5
img_00011060,images/img_00011060.jpg,02_deepfirearm,deepfirearm,c148d254850d9aec327a60025f6b26dba4a1fbe4b78797bf030dcb4fb652b1cf,,pending,,,,5
img_00011061,images/img_00011061.jpg,02_deepfirearm,deepfirearm,d15e43be97af8d40c410ccf4b93f20186474128bcdb0e2669c8ad829ef6d56b2,,pending,,,,5
img_00011062,images/img_00011062.jpg,02_deepfirearm,deepfirearm,ea5f183642698707b9b1b96c7098a841e22ded766681a1a16ac63c78922c9f92,,pending,,,,5
img_00011063,images/img_00011063.jpg,02_deepfirearm,deepfirearm,5d0956f52f42dc2ee7c773f6049fa0953cae7bd39a2656f023c7092381013f50,,pending,,,,5
img_00011064,images/img_00011064.jpg,02_deepfirearm,deepfirearm,d384da51c7e7da371be4a12b326e45ba5fad467c9be9d2ad045132c8eac1ea85,,pending,,,,5
img_00011065,images/img_00011065.jpg,02_deepfirearm,deepfirearm,c6101e4d6132f3228f7971b9a51b2e5d661e8aec74b14e5fd63659e7f842dac2,,pending,,,,5
img_00011066,images/img_00011066.jpg,02_deepfirearm,deepfirearm,6e59013cb751ced4c842358d68cbbbeeac154c6ed5bac60297829acae204fc4c,,pending,,,,5
img_00011067,images/img_00011067.jpg,02_deepfirearm,deepfirearm,9d0ec23156d59e34c26ddec7c02973b3f607a1f2799e7896236d465aabc686cc,,pending,,,,5
img_00011068,images/img_00011068.jpg,02_deepfirearm,deepfirearm,94cc5e41e92752204477ea6b7be99ec9b66b00688a53b3d85fc962f48feee5cb,,pending,,,,5
img_00011069,images/img_00011069.jpg,02_deepfirearm,deepfirearm,03e0e18021aeba2c57b3a09ad4f90e1e71033fa53b9a7bf14835201fd1306447,,pending,,,,5
img_00011070,images/img_00011070.jpg,02_deepfirearm,deepfirearm,56455b5c898a09adb01cce61cf6423743f0eac34a0d0eb7ceeabb83a2199185d,,pending,,,,5
img_00011071,images/img_00011071.jpg,02_deepfirearm,deepfirearm,829009c3ad6b25a955bda5bf3b54849c4da7b3e745f74e248014724df7403ef6,,pending,,,,5
img_00011072,images/img_00011072.jpg,02_deepfirearm,deepfirearm,fe9053c4dbf3629ad8b5a7acfd6e75b0ab91da55e427d7417bcc97e42b7ef486,,pending,,,,5
img_00011073,images/img_00011073.jpg,02_deepfirearm,deepfirearm,d74ab09a344a285ce5a24d1a383eac57a3e68aa7f46df46c0324c787cf79a3ec,,pending,,,,5
img_00011074,images/img_00011074.jpg,02_deepfirearm,deepfirearm,bb91c5fc9391346886dcf45e84af61b2625b065d0701ca7582a7d08b1c70098e,,pending,,,,5
img_00011075,images/img_00011075.jpg,02_deepfirearm,deepfirearm,49978e1ad51a8b1980baa5496dbc299061102a0aa346ff34d2711d977a8835a1,,pending,,,,5
img_00011076,images/img_00011076.jpg,02_deepfirearm,deepfirearm,7f9015e82de7cfd91f3078ad216ba5ca46418331461884684e512d84f267b5fd,,pending,,,,5
img_00011077,images/img_00011077.jpg,02_deepfirearm,deepfirearm,da559ac3db838f4f4d585122edfb6f45205581a48affd664ef128265e4b74cad,,pending,,,,5
img_00011078,images/img_00011078.jpg,02_deepfirearm,deepfirearm,375b406b9f5c76c55fffb76fff334a857f8fa02912f8e8c3413244f2ce229013,,pending,,,,5
img_00011079,images/img_00011079.jpg,02_deepfirearm,deepfirearm,67a4a61a3b81325e84b6b947cc2ce83d02efde0bd6189ab4c5d21825d0c21d75,,pending,,,,5
img_00011080,images/img_00011080.jpg,02_deepfirearm,deepfirearm,ee21c78733f713aea0fc98ba61a358d769a2eeeca72bcf83ea7200671d50f5b9,,pending,,,,5
img_00011081,images/img_00011081.jpg,02_deepfirearm,deepfirearm,468fcfa0e9c41fa2fed13ad0f893e61a200ec829851c25c915640d48f1071f22,,pending,,,,5
img_00011082,images/img_00011082.jpg,02_deepfirearm,deepfirearm,10d6c22e4a246688e2e65a38fafaff96a324a97c19b918e62ec677b528537201,,pending,,,,5
img_00011083,images/img_00011083.jpg,02_deepfirearm,deepfirearm,82f39718bf7fc94606a34cca3922851125e79f4c3d1db5fcfcf2d428404a6bfb,,pending,,,,5
img_00011084,images/img_00011084.jpg,02_deepfirearm,deepfirearm,14eb39b4dc78454a10eace2752555e5c362de743265bcf109bf3b12e77e4c451,,pending,,,,5
img_00011085,images/img_00011085.jpg,02_deepfirearm,deepfirearm,e29cde664a915b07caca3137bb6c0d79ba3c90098aa0311ffc22c09f373018fa,,pending,,,,5
img_00011086,images/img_00011086.jpg,02_deepfirearm,deepfirearm,95efc75878957a1cd108f44d9ba907d5c83855d3ed0638223004b64c7debca68,,pending,,,,5
img_00011087,images/img_00011087.jpg,02_deepfirearm,deepfirearm,3675b60c53f906257c514b1543310435e4cb355b2467f396682b394e70dd921a,,pending,,,,5
img_00011088,images/img_00011088.jpg,02_deepfirearm,deepfirearm,4c682dd27ed9fcc830df69538de81e4cac00bf991f716ee8d86ed2501776b83b,,pending,,,,5
img_00011089,images/img_00011089.jpg,02_deepfirearm,deepfirearm,099db8c534da0beaee69124fbe943a743eb224fc7f9ba2db37f7151ed9d648ef,,pending,,,,5
img_00011090,images/img_00011090.jpg,02_deepfirearm,deepfirearm,c5862f3e0e567821406797e399b4c510791550a619b1dd0c5683eb25c3ac904e,,pending,,,,5
img_00011091,images/img_00011091.jpg,02_deepfirearm,deepfirearm,e41deb4bf638d1c2cdea7102cedef34deea643792e0b5c0f6c616aac44e056e0,,pending,,,,5
img_00011092,images/img_00011092.jpg,02_deepfirearm,deepfirearm,17655b923ef44949f277e0b67076a33e3e745b6ae99be128725de2040ae8084b,,pending,,,,5
img_00011093,images/img_00011093.jpg,02_deepfirearm,deepfirearm,d75d32bacecc465d4e6cf771210bc44332cb7208c78489cf280bc4a190d090d4,,pending,,,,5
img_00011094,images/img_00011094.jpg,02_deepfirearm,deepfirearm,b48a105ef6a3de2214c639e78545689f07dfc3d265d27741b35b50660588fedf,,pending,,,,5
img_00011095,images/img_00011095.jpg,02_deepfirearm,deepfirearm,a10c908020568d21bbe8fd45d88778739b158c43be27193d882333ad22cadd9a,,pending,,,,5
img_00011096,images/img_00011096.jpg,02_deepfirearm,deepfirearm,98d61238ac70f26efcc272b4a15874bd165b2a82c9faf0de1880005e16a3d20f,,pending,,,,5
img_00011097,images/img_00011097.jpg,02_deepfirearm,deepfirearm,af6a39641fec698f21246370665b29af1b43735f727c17a5ecd1b227de927b6a,,pending,,,,5
img_00011098,images/img_00011098.jpg,02_deepfirearm,deepfirearm,e07692964e30c333972fe704c191dc3cd8b03006341f673e6dd9c460df24c6fc,,pending,,,,5
img_00011099,images/img_00011099.jpg,02_deepfirearm,deepfirearm,fb53b53e496f0a32a57693126868e51cb7a52fc071606d40e7c4dc6f2bd0ab17,,pending,,,,5
img_00011100,images/img_00011100.jpg,02_deepfirearm,deepfirearm,7a93b6c95ac48f0f66d70a0cb745d7aeeb24ba3ad4b7ce1fa5329643d0259586,,pending,,,,5
img_00011101,images/img_00011101.jpg,02_deepfirearm,deepfirearm,2816c2f03bedec3b08e633746884184a8ec1471583646acafb162b7f0fcf7354,,pending,,,,5
img_00011102,images/img_00011102.jpg,02_deepfirearm,deepfirearm,d4ce08878b9a1e3e7888a1670dc49361f056dfed7d7175df447e77c564c61e5f,,pending,,,,5
img_00011103,images/img_00011103.jpg,02_deepfirearm,deepfirearm,f26af4adc00ad8f394aa79400c1b0e91a135ddc76d74d1c8bbac494df2af955b,,pending,,,,5
img_00011104,images/img_00011104.jpg,02_deepfirearm,deepfirearm,c6d80cb22026c31fcddc65d36e574b630398512e3bfd937f47e0659bba3e56c8,,pending,,,,5
img_00011105,images/img_00011105.jpg,02_deepfirearm,deepfirearm,ef9cba032912444b34b6c1703c173fec12d5d865b7d162f294eb726e8217427c,,pending,,,,5
img_00011106,images/img_00011106.jpg,02_deepfirearm,deepfirearm,5312d669845a59bc45df1964b84959cc67f4d61c660349210401b60fdfa815b9,,pending,,,,5
img_00011107,images/img_00011107.jpg,02_deepfirearm,deepfirearm,8c0fde3e97468f3903f258fcc549c47872654da5852425e95954d49662ed35d9,,pending,,,,5
img_00011108,images/img_00011108.jpg,02_deepfirearm,deepfirearm,0abb83eb4799e09d4b23805737bb768cbc1c4ec1c6dacbb2a6f1be5edcb64bf3,,pending,,,,5
img_00011109,images/img_00011109.jpg,02_deepfirearm,deepfirearm,a026b1ea50def206fba1944e8f6ca355b702b32e71efa9ca7d220b8324c82daf,,pending,,,,5
img_00011110,images/img_00011110.jpg,02_deepfirearm,deepfirearm,a9b4bf507774c890c9ce5458e8c571853690562b0f31423688692fa162628e74,,pending,,,,5
img_00011111,images/img_00011111.jpg,02_deepfirearm,deepfirearm,319e59f8a15de99797690032b7e00797a17f1f1011b2986e4eed0ea747c851f3,,pending,,,,5
img_00011112,images/img_00011112.jpg,02_deepfirearm,deepfirearm,ca975b2380627d2516ef24bf217ca9dd8a42b8f36e379101e5c5535f0b238b88,,pending,,,,5
img_00011113,images/img_00011113.jpg,02_deepfirearm,deepfirearm,ce5872087f33024807b16c7dbd83214b281dcbaf15da6510e4aae19b6ccf297a,,pending,,,,5
img_00011114,images/img_00011114.jpg,02_deepfirearm,deepfirearm,c2ed205684345f3b85eac84505eea9fa6a64deea83552930db9f95740806232d,,pending,,,,5
img_00011115,images/img_00011115.jpg,02_deepfirearm,deepfirearm,6301496d58602cb6bf1913368484f9bc40e0a6051c7bba04725e0c26aa9e8765,,pending,,,,5
img_00011116,images/img_00011116.jpg,02_deepfirearm,deepfirearm,5f6dc27d719dd69e00336f21c23077b64ef6e241e142ff39c6244f0866012837,,pending,,,,5
img_00011117,images/img_00011117.jpg,02_deepfirearm,deepfirearm,12387a218102e1e97f6beaa400a97cc568582002851834f0a9eaf46fc07a7e35,,pending,,,,5
img_00011118,images/img_00011118.jpg,02_deepfirearm,deepfirearm,c53477123a007f48a5d426754534401b58768bd5cdaa1cc0c855acb3803a9235,,pending,,,,5
img_00011119,images/img_00011119.jpg,02_deepfirearm,deepfirearm,843757042222c896043e8b556025e2c01a4df69b9825b889163ad65c4a78d839,,pending,,,,5
img_00011120,images/img_00011120.jpg,02_deepfirearm,deepfirearm,3c1cb6ff5b44d3ef5e5f4d4e7b7903ed27d64d8867a4c9fcff2e1a686810a209,,pending,,,,5
img_00011121,images/img_00011121.jpg,02_deepfirearm,deepfirearm,9fc6cc5b227229ccc1a629e73c50d7929fe65211757d57e4428bdd4a21b9a3e5,,pending,,,,5
img_00011122,images/img_00011122.jpg,02_deepfirearm,deepfirearm,f06169eb39405cbae342087b854a79db6e8c2d46fceb5cfae3f9a5b0fe04a99f,,pending,,,,5
img_00011123,images/img_00011123.jpg,02_deepfirearm,deepfirearm,5340a7e67db51c2ffce4e6237a1fe5762c3a929e21926a7781c6dc2631cfb7cd,,pending,,,,5
img_00011124,images/img_00011124.jpg,02_deepfirearm,deepfirearm,d03004c27845576ebc094289293b0e60a980e71d347fe2053e34a6585f1c5e90,,pending,,,,5
img_00011125,images/img_00011125.jpg,02_deepfirearm,deepfirearm,73b2699d855c85ac2be24f86bf086c64b5bae68734ae698b194439cd6b506228,,pending,,,,5
img_00011126,images/img_00011126.jpg,02_deepfirearm,deepfirearm,0f2ce4aa39c088035a9ab5e36b1bbd56e5109f2c3814ec019639ffce662409fb,,pending,,,,5
img_00011127,images/img_00011127.jpg,02_deepfirearm,deepfirearm,b371c5e0002c94b2a9114b1c3eba1a4af86b93c8d234c0a042922e8fe10318e4,,pending,,,,5
img_00011128,images/img_00011128.jpg,02_deepfirearm,deepfirearm,5a09fd328333c4935c137ef3c3bc94052433a8a90adb768b1e6384165ea577c2,,pending,,,,5
img_00011129,images/img_00011129.jpg,02_deepfirearm,deepfirearm,f8ea7c819e2d1d3db8771444d456f6018d0af73e4b8db6c2f1c0945db9532f58,,pending,,,,5
img_00011130,images/img_00011130.jpg,02_deepfirearm,deepfirearm,914569d2a8d6819ed090029e041907381694426377a8677ba70ce643c8f5b618,,pending,,,,5
img_00011131,images/img_00011131.jpg,02_deepfirearm,deepfirearm,2f00a60122f87de52135d6bd6bd45f5b9378d785d89915d16296e92c2fac9e82,,pending,,,,5
img_00011132,images/img_00011132.jpg,02_deepfirearm,deepfirearm,add55bc7f5fc79dc68da44dab9faaaa6e26b145487d8bca2855541874b68ea19,,pending,,,,5
img_00011133,images/img_00011133.jpg,02_deepfirearm,deepfirearm,5874ba444cf09fc2f19c228e0a9c34f70c6c05c0fba209d6bd4408a86e7fe286,,pending,,,,5
img_00011134,images/img_00011134.jpg,02_deepfirearm,deepfirearm,38bede4b2f8620ef6273ae2b14ab259298ef874f47754938b93a558dcf30e8bd,,pending,,,,5
img_00011135,images/img_00011135.jpg,02_deepfirearm,deepfirearm,e5d2aa212d0562123a0386ae4bf77ac76f09c8acdb0ab928ac15560804c795fc,,pending,,,,5
img_00011136,images/img_00011136.jpg,02_deepfirearm,deepfirearm,66282abe82bdabc975079f48f8fa393c0f3391fc766f8604c7cc3fdb200f4f6b,,pending,,,,5
img_00011137,images/img_00011137.jpg,02_deepfirearm,deepfirearm,c41afb303e26bb1f196225779b636671d51857b3c9cf9e5ef4b3724cd612c7dc,,pending,,,,5
img_00011138,images/img_00011138.jpg,02_deepfirearm,deepfirearm,a0958b6e42b557616d3290dd8ed7526e44cc82279b16f16f69bb21bbde25818e,,pending,,,,5
img_00011139,images/img_00011139.jpg,02_deepfirearm,deepfirearm,248fd3e85bb7b6d47dbd110b73822aadb5d28490d1baef0102b815d9511ee3f5,,pending,,,,5
img_00011140,images/img_00011140.jpg,02_deepfirearm,deepfirearm,9f86bc32ddb44a3924fc0ccef92ec55b7ca5772c0846a34bd756b9ed901805f4,,pending,,,,5
img_00011141,images/img_00011141.jpg,02_deepfirearm,deepfirearm,db295b7ddfc667b5bd14500cfc3e282531c5b2ed42e64f5b608fa884066917c5,,pending,,,,5
img_00011142,images/img_00011142.jpg,02_deepfirearm,deepfirearm,e118d4d8d06b9d18553d0ec33487ca4e3e78b3c4ffe6e41ff6034363bbf53c4d,,pending,,,,5
img_00011143,images/img_00011143.jpg,02_deepfirearm,deepfirearm,2ad5c10c7b64efdab512885b1df6c4049cdedcc87ee4879c99b159ca45d0cd56,,pending,,,,5
img_00011144,images/img_00011144.jpg,02_deepfirearm,deepfirearm,6b083be41ab00716671ead2d2912deb06c8ae5ecb0d741faa6c452dc33b75863,,pending,,,,5
img_00011145,images/img_00011145.jpg,02_deepfirearm,deepfirearm,e4a093566a0b58d4c65dba24f220c79f45ea4f81cd3ef1ba3c0bf3d80c53848b,,pending,,,,5
img_00011146,images/img_00011146.jpg,02_deepfirearm,deepfirearm,eb9297d5a946302cb8dfc0626a510ffb67b3d5df554332b2ddd00ef62582adf0,,pending,,,,5
img_00011147,images/img_00011147.jpg,02_deepfirearm,deepfirearm,00c8efcaada097b0d82fd9739449a4b03321a89d9520196375df83cf72ac1dbc,,pending,,,,5
img_00011148,images/img_00011148.jpg,02_deepfirearm,deepfirearm,9c43605e73c516c580e0d9baf3601b1c68c980cb62dc63ad73d61866cb8ace2d,,pending,,,,5
img_00011149,images/img_00011149.jpg,02_deepfirearm,deepfirearm,f9814bb317b047bf5ca59196edd925404001d40974dbd24cf5e40b6423e94ca5,,pending,,,,5
img_00011150,images/img_00011150.jpg,02_deepfirearm,deepfirearm,d9f69e6f81bcbce61f6a0820fd29f5ee6d53ae938122aebe1e05bd867990a651,,pending,,,,5
img_00011151,images/img_00011151.jpg,02_deepfirearm,deepfirearm,a34d59f31abf79e5ea696f36c500a7dc06166c58c9243e88e5fea6e488714e3c,,pending,,,,5
img_00011152,images/img_00011152.jpg,02_deepfirearm,deepfirearm,25b68b737ef68c03df2d0da48e53cd3f91f85a69e3e19e37c300d623c690e97e,,pending,,,,5
img_00011153,images/img_00011153.jpg,02_deepfirearm,deepfirearm,c22c0d284daf1d57755cd1cc9c8739e8fc3c7543531aac576bd5407e1b20e355,,pending,,,,5
img_00011154,images/img_00011154.jpg,02_deepfirearm,deepfirearm,5ecc6187c13e39c0b8d0fefbec5a5caf9d7a707931e1901901c6a7d5faca95ab,,pending,,,,5
img_00011155,images/img_00011155.jpg,02_deepfirearm,deepfirearm,d503a37b3f86eb733f08ac4ea7c858db14022ad8e33c2b5d92e89a3646edbb0b,,pending,,,,5
img_00011156,images/img_00011156.jpg,02_deepfirearm,deepfirearm,80c5084f5d7a1b67348f8ffa1cbd8f3b22433e0527dd8c4a5bc9660487ee3246,,pending,,,,5
img_00011157,images/img_00011157.jpg,02_deepfirearm,deepfirearm,7a93b279961ba979ae4bc3187b324b4b9d6da9bb4a0905db22886ef80fcb23cc,,pending,,,,5
img_00011158,images/img_00011158.jpg,02_deepfirearm,deepfirearm,7ffdf27d808332f21937217a341def8beef7bc31f7b039bb9f7edd5f0a32de44,,pending,,,,5
img_00011159,images/img_00011159.jpg,02_deepfirearm,deepfirearm,12e53b557eba4fb2335e4494be951c37bec52000e18775aaa40acbe15d99d92f,,pending,,,,5
img_00011160,images/img_00011160.jpg,02_deepfirearm,deepfirearm,7bd2c5153ac80facb99bc03bb750f13a57b3b8a00718a92f097dc75953edd907,,pending,,,,5
img_00011161,images/img_00011161.jpg,02_deepfirearm,deepfirearm,45c9bbea1f0b0289b40d039dc457c46f41140a614434f654e6269074e47d6197,,pending,,,,5
img_00011162,images/img_00011162.jpg,02_deepfirearm,deepfirearm,acdc24c8befe616aa6f06f9e5d23a13145f50f2472ad7ac966ca60ba3c2cc1a1,,pending,,,,5
img_00011163,images/img_00011163.jpg,02_deepfirearm,deepfirearm,175e6b7ca8dc9e38066badf153b331bc142fd753737c87bb0225e62a94a5c8dc,,pending,,,,5
img_00011164,images/img_00011164.jpg,02_deepfirearm,deepfirearm,7675a1dfd5474ee829a3408092055b6740a30046702963a95792129d10c10d8f,,pending,,,,5
img_00011165,images/img_00011165.jpg,02_deepfirearm,deepfirearm,3d9c9b126d67358b9a4d96849645e336105183bdbd4f7b8443ded49e4a2e70a8,,pending,,,,5
img_00011166,images/img_00011166.jpg,02_deepfirearm,deepfirearm,72aeb3fe91292c4b467db7209af6dc8aba98827ada09b29612820965ced2879d,,pending,,,,5
img_00011167,images/img_00011167.jpg,02_deepfirearm,deepfirearm,9f116d3355f1c8405ef1e4ea710f798a9c2631eb8798cc07ff1d78ad04c6c7b4,,pending,,,,5
img_00011168,images/img_00011168.jpg,02_deepfirearm,deepfirearm,19ea6ab89ed232f6f300087f565c1a70ee8a498143aaa4b3f58a22e28aace105,,pending,,,,5
img_00011169,images/img_00011169.jpg,02_deepfirearm,deepfirearm,308a93c0f32fad905b35aabea6deae347a2cf98ca1875debf3234992bf783595,,pending,,,,5
img_00011170,images/img_00011170.jpg,02_deepfirearm,deepfirearm,647b744c4d0d6841c5fa08ffa6861f90cc97e2c64a52e05d3b6c4ec7e56f3e96,,pending,,,,5
img_00011171,images/img_00011171.jpg,02_deepfirearm,deepfirearm,a329bcf3e9b2045188e94c664521a594b324c97a95065842cad4c16c05d1ec89,,pending,,,,5
img_00011172,images/img_00011172.jpg,02_deepfirearm,deepfirearm,09f5ca6d6a1328e1fb136373d09b0ce28228c6082983eef0b778ae5d6532140d,,pending,,,,5
img_00011173,images/img_00011173.jpg,02_deepfirearm,deepfirearm,f43c009487d35a2fdfa501a0dbcd77f6c59fc685901c376eef5ea7adf53a0619,,pending,,,,5
img_00011174,images/img_00011174.jpg,02_deepfirearm,deepfirearm,d146788aea537ddfee96710c02891d50b928ebe8a1c43b30acadba0bc3f01422,,pending,,,,5
img_00011175,images/img_00011175.jpg,02_deepfirearm,deepfirearm,2b276c9444be3a6f7672db2cb4f43f73831695b798a8a53e091b05f0eccea89b,,pending,,,,5
img_00011176,images/img_00011176.jpg,02_deepfirearm,deepfirearm,10c4cadba736db725d03459f7ed92530b87a1ac614446274fe7ca7e2262b6da1,,pending,,,,5
img_00011177,images/img_00011177.jpg,02_deepfirearm,deepfirearm,4387d7807c8e7014e5a2f2c9a090705b24fe62bb88cee8835cf8c4e183c5fc16,,pending,,,,5
img_00011178,images/img_00011178.jpg,02_deepfirearm,deepfirearm,8b4209f62933a61306adf288127de3ab14cd775273273a9a220f6cf9dc5963b4,,pending,,,,5
img_00011179,images/img_00011179.jpg,02_deepfirearm,deepfirearm,84f5bbd1e115198421abe35f650ce202e1527b37972e56cd3f1c7ef2ce3b2d8f,,pending,,,,5
img_00011180,images/img_00011180.jpg,02_deepfirearm,deepfirearm,8cb8d9af76b75dadeb79452194dc752debe90d1fbeef30752d7292a33094812e,,pending,,,,5
img_00011181,images/img_00011181.jpg,02_deepfirearm,deepfirearm,6f93adf3e5043cbf0f110c167b792ede6895bac734084faa41c61fa40aad09f1,,pending,,,,5
img_00011182,images/img_00011182.jpg,02_deepfirearm,deepfirearm,0345f7901771f76e22d80124b9f0f5dc5a4dfbb3cefd94a20972e768eb39e39c,,pending,,,,5
img_00011183,images/img_00011183.jpg,02_deepfirearm,deepfirearm,9d830d12c4f57ac09dbafcb4d2f10d8cbfd9fdaf600ff6226778c52365309f06,,pending,,,,5
img_00011184,images/img_00011184.jpg,02_deepfirearm,deepfirearm,1bd592757b974217276a031c9fd0c7444eb4ebf67adf0a0e3be3921238f6452a,,pending,,,,5
img_00011185,images/img_00011185.jpg,02_deepfirearm,deepfirearm,877a475e54f487018cb9ba7589ae19a1596e9414e7e112d53635e106f36036d7,,pending,,,,5
img_00011186,images/img_00011186.jpg,02_deepfirearm,deepfirearm,e6b2e3c8b4d98a9c97d2a4c48d8b7ce70cbbcf031a1dfc865e680d4dec570419,,pending,,,,5
img_00011187,images/img_00011187.jpg,02_deepfirearm,deepfirearm,9a54657a17aa3f99549b77707697900e287e23a0c6d1b1417885900d6c111ac8,,pending,,,,5
img_00011188,images/img_00011188.jpg,02_deepfirearm,deepfirearm,11cd49512b6686d0703c2a35fe4d20017139123cff75014f96347da3f60b33d2,,pending,,,,5
img_00011189,images/img_00011189.jpg,02_deepfirearm,deepfirearm,aee5050febfe3524d419821736828373cc1bb4a715ada61a3e4fa9c4d177d2a0,,pending,,,,5
img_00011190,images/img_00011190.jpg,02_deepfirearm,deepfirearm,b09d21acc5f71642bcb69f163061e6c7cbe31adb62a223451a759baf48969461,,pending,,,,5
img_00011191,images/img_00011191.jpg,02_deepfirearm,deepfirearm,6f3d2651ef283f3cc06b736412684fb76828059079f01adbc9402ab7341bb144,,pending,,,,5
img_00011192,images/img_00011192.jpg,02_deepfirearm,deepfirearm,ce1ff1d864465309a367da99541faecfce5192971f57cbe41c506b8d7ff0b939,,pending,,,,5
img_00011193,images/img_00011193.jpg,02_deepfirearm,deepfirearm,1e9bc99f3887fdaf4189ffb7fb050e9f51046d7dcc439c3b633fc17447bd37ae,,pending,,,,5
img_00011194,images/img_00011194.jpg,02_deepfirearm,deepfirearm,0b7f3f7494e11a06f3a41b5873c768516ef6fc2e28f90da394e5b8ef97dac399,,pending,,,,5
img_00011195,images/img_00011195.jpg,02_deepfirearm,deepfirearm,cbc7113f36faf3643825323b9c0e4f2afec9eceb9461d2fb2390c5d53409d7ce,,pending,,,,5
img_00011196,images/img_00011196.jpg,02_deepfirearm,deepfirearm,0164eefaf9e67fb17765eb223f01df6d327eb913319a80213194db6b3a67ebbb,,pending,,,,5
img_00011197,images/img_00011197.jpg,02_deepfirearm,deepfirearm,1e6d8d01ca50b2bd477c180898dd8242d61dd1542206db02c5ed4deac90e7bf9,,pending,,,,5
img_00011198,images/img_00011198.jpg,02_deepfirearm,deepfirearm,46127c3ef163e3e2929667d7d2634f22667bbda47046460ee8c8065b83c472a3,,pending,,,,5
img_00011199,images/img_00011199.jpg,02_deepfirearm,deepfirearm,0bda4290b2ac595571a26571b70b129f70c095dba151e2289cdd7d96a5e76e83,,pending,,,,5
img_00011200,images/img_00011200.jpg,02_deepfirearm,deepfirearm,354b48c4c42e2dcfa0f84a1a1ae7860ce63ada0b60d5b90b51793e437827aa34,,pending,,,,5
img_00011201,images/img_00011201.jpg,02_deepfirearm,deepfirearm,a074859033b271e0b9e9540eb413385a31253a744c1f7ee151771139046bb156,,pending,,,,5
img_00011202,images/img_00011202.jpg,02_deepfirearm,deepfirearm,9909d590c2b9cff8e1fc1dd6586994a0bb0edd8bef07437edcbf83ee6d242a3b,,pending,,,,5
img_00011203,images/img_00011203.jpg,02_deepfirearm,deepfirearm,d24509c9bd81ad078d1539fa25d0602b566570eb1896edcc2d0c4d7adc50913b,,pending,,,,5
img_00011204,images/img_00011204.jpg,02_deepfirearm,deepfirearm,8e36edb76867e3b2c064df08d9a03c533a7c2e004dd0075dd2ead0d4de6254c4,,pending,,,,5
img_00011205,images/img_00011205.jpg,02_deepfirearm,deepfirearm,fd5bf954ab9f5cc749dc0fd660eca076defce5f1f12506eb60d642b92f5cb3e8,,pending,,,,5
img_00011206,images/img_00011206.jpg,02_deepfirearm,deepfirearm,65591b90a334d070281166ab00a5c4ecad97a593b5af7763cf7212df12a053e8,,pending,,,,5
img_00011207,images/img_00011207.jpg,02_deepfirearm,deepfirearm,e3f4191f19df6cf5cc249811f908d72e27797b0a99c92cbced444bbedf17b723,,pending,,,,5
img_00011208,images/img_00011208.jpg,02_deepfirearm,deepfirearm,38fb362a967be42ffb753b2f03f4e23f483a1428bc58c7700e2198a2e4655de6,,pending,,,,5
img_00011209,images/img_00011209.jpg,02_deepfirearm,deepfirearm,248cc2fa996fea12c10f80fcb9827b857d6b400a2af6fed810d7cc0c8500c42d,,pending,,,,5
img_00011210,images/img_00011210.jpg,02_deepfirearm,deepfirearm,a6e2d62b91eee3cae2efd62fe687314ef0b40c35d93bca8db079bcffc01d8ccf,,pending,,,,5
img_00011211,images/img_00011211.jpg,02_deepfirearm,deepfirearm,1a3a0ff012926f6c89b66f9b0d45a3bc3c67d166959651d9cffb7d81e7bcb993,,pending,,,,5
img_00011212,images/img_00011212.jpg,02_deepfirearm,deepfirearm,756c2e7e8f50cb69429d5673a6dd2279b70614d9214cea071fffb046abae5711,,pending,,,,5
img_00011213,images/img_00011213.jpg,02_deepfirearm,deepfirearm,e2a8469a93bdcad2970a803a65203c24fe4aafe50e58c9a32d95ec53a638b85b,,pending,,,,5
img_00011214,images/img_00011214.jpg,02_deepfirearm,deepfirearm,f7ac721f63a97416f848e7501d3da56e4fd902b99a445243365fb304f2c8d94b,,pending,,,,5
img_00011215,images/img_00011215.jpg,02_deepfirearm,deepfirearm,d7cced1e663346e1051f82e3f5824da85b50bbbe582ce34e0ea4bb30ad78db77,,pending,,,,5
img_00011216,images/img_00011216.jpg,02_deepfirearm,deepfirearm,c281c021d69434ec37b8cb4fc8a418fdc3a0f7845e7e005097de63d9a3a21e66,,pending,,,,5
img_00011217,images/img_00011217.jpg,02_deepfirearm,deepfirearm,dc2c5ed034dfb11313866ad61d8cdba30f9bb991a86e0fc073526e89e7034e90,,pending,,,,5
img_00011218,images/img_00011218.jpg,02_deepfirearm,deepfirearm,847da10e32535e21ed4d5f3b5d4610201597906c0e4680ec2cecfc7c36db9207,,pending,,,,5
img_00011219,images/img_00011219.jpg,02_deepfirearm,deepfirearm,8edb69b16cc14ba31d05b390c912f7d861952a7c5560de38220b48b12c5f4b36,,pending,,,,5
img_00011220,images/img_00011220.jpg,02_deepfirearm,deepfirearm,d5a92a39401ef643f8c5718c238019bb5d131acb3c54b1e0e48173146bfa75a8,,pending,,,,5
img_00011221,images/img_00011221.jpg,02_deepfirearm,deepfirearm,424b9560112670527215929307150ab3e185e985a0c5360b31b953b1a6f41873,,pending,,,,5
img_00011222,images/img_00011222.jpg,02_deepfirearm,deepfirearm,31987476930711547fa3d1f1ab6e2b986a42dcf3d372d9bb9ca372ae1894e572,,pending,,,,5
img_00011223,images/img_00011223.jpg,02_deepfirearm,deepfirearm,0e7183162f479dfea634b024a27c3300fa7dab11751c42384b1951ade428bcf6,,pending,,,,5
img_00011224,images/img_00011224.jpg,02_deepfirearm,deepfirearm,6112a4508b174f735679cd5a3308be9eb7bb37ca40f085461f376ca4394bf420,,pending,,,,5
img_00011225,images/img_00011225.jpg,02_deepfirearm,deepfirearm,d5c46f74bd3336e5536f137dacb3543c11fa80d88f84800bc2dc5d070a6b6e01,,pending,,,,5
img_00011226,images/img_00011226.jpg,02_deepfirearm,deepfirearm,42fac325aba9e7656d5c2d738458df197796094d80ee5a3bab211f6490f58249,,pending,,,,5
img_00011227,images/img_00011227.jpg,02_deepfirearm,deepfirearm,c6e6cd5f5a4315d9b513995f68b6ebdcbf88ad2775f0f6417e821c2c1a4d46a5,,pending,,,,5
img_00011228,images/img_00011228.jpg,02_deepfirearm,deepfirearm,6fb925c685f2bc6716a73dbddc05ba3fae56f008cfed21c6612033b7cfd96702,,pending,,,,5
img_00011229,images/img_00011229.jpg,02_deepfirearm,deepfirearm,dca8607bc282489d673f2ac759795a4db8f5ac68db413729395b5341afc9ea38,,pending,,,,5
img_00011230,images/img_00011230.jpg,02_deepfirearm,deepfirearm,853471e1851bca1bf5a36a50266e326dfcbe40d60808ef07a62a0791ef91eb49,,pending,,,,5
img_00011231,images/img_00011231.jpg,02_deepfirearm,deepfirearm,37bda286765bb4934ce4282dfed065dd8eeb7a6a7a64022efa817dadffdd6a23,,pending,,,,5
img_00011232,images/img_00011232.jpg,02_deepfirearm,deepfirearm,e7a5fe2790124b9baacb1555aa6ba6703f58328ca655bdfa302d9d676cbfde1d,,pending,,,,5
img_00011233,images/img_00011233.jpg,02_deepfirearm,deepfirearm,1351630057b578ced5d331ba16afca2bfe52678b565e2841a467e101deda31fb,,pending,,,,5
img_00011234,images/img_00011234.jpg,02_deepfirearm,deepfirearm,3ca684f7a617c19f461b7869acfeb702a4264c19355b4fb24ef656be0391d3a8,,pending,,,,5
img_00011235,images/img_00011235.jpg,02_deepfirearm,deepfirearm,fa4bf2714c3c96cbb37f98f6ae382517ff962a29a048015836728c9a4d832f56,,pending,,,,5
img_00011236,images/img_00011236.jpg,02_deepfirearm,deepfirearm,bcbfcaf20598cc759de6d61d5d346c6471f80ee43f58e8a3e57446dc13c7cdae,,pending,,,,5
img_00011237,images/img_00011237.jpg,02_deepfirearm,deepfirearm,72ad6b6ed1967b477dafdb6bdd330ec9c2fb59ba26c3d740b9ca2b0830d4dc5c,,pending,,,,5
img_00011238,images/img_00011238.jpg,02_deepfirearm,deepfirearm,ce25e434eb72a777c13f5746caeca9fe8233cbc255ebb23da662b1a45c6c4c0c,,pending,,,,5
img_00011239,images/img_00011239.jpg,02_deepfirearm,deepfirearm,fc7d7b9d5d34deff83990270bb7a4676d606c39a5a3e4033846ce349bdd4dce0,,pending,,,,5
img_00011240,images/img_00011240.jpg,02_deepfirearm,deepfirearm,c33da90b00655f744cd94ee1ce9be5ef5925c23ffc2b3cc8d452cd66dd90d049,,pending,,,,5
img_00011241,images/img_00011241.jpg,02_deepfirearm,deepfirearm,5c274debf736d3f168362027da1fb363e3babb0c44fc5688669cf81963cb6130,,pending,,,,5
img_00011242,images/img_00011242.jpg,02_deepfirearm,deepfirearm,527f2c80b104f6bb2cdf5dff694d2ce6b093cc5c386bd5a43fa0751a1bd1a613,,pending,,,,5
img_00011243,images/img_00011243.jpg,02_deepfirearm,deepfirearm,f04b55f10797b985d92921eaa8c23270a338e81077f774c7109428aedd0237a1,,pending,,,,5
img_00011244,images/img_00011244.jpg,02_deepfirearm,deepfirearm,2bf2578232f741f770d4101b57294b9d98ab64ac1203bca7a74047d9f56b3d02,,pending,,,,5
img_00011245,images/img_00011245.jpg,02_deepfirearm,deepfirearm,444ecf984eca4ad4c9a59a881304b0fe47ba75bf455884a93bebbe2e570149d1,,pending,,,,5
img_00011246,images/img_00011246.jpg,02_deepfirearm,deepfirearm,20b2c605883e51b8ca3af8c440e9076d262e4f22a575b42f3ff4fb56d2ce7b45,,pending,,,,5
img_00011247,images/img_00011247.jpg,02_deepfirearm,deepfirearm,e13ede0de697e230d39362253de33b89abb5b6a617f808b37da56329aeed9c32,,pending,,,,5
img_00011248,images/img_00011248.jpg,02_deepfirearm,deepfirearm,fe2a364b93311b612cc179dcce2ae576ea0f33aebea8c74265566d4479443de2,,pending,,,,5
img_00011249,images/img_00011249.jpg,02_deepfirearm,deepfirearm,0090271f28085a2304253d78c76933f8f329a7a6c58dfc367ca3e646a9f16696,,pending,,,,5
img_00011250,images/img_00011250.jpg,02_deepfirearm,deepfirearm,d22c8eefc9c6ca756a0de98127fd4f18ff6f04bb7165a1dd6deee6e6b5344b0d,,pending,,,,5
img_00011251,images/img_00011251.jpg,02_deepfirearm,deepfirearm,df050713f9243da48e4a609ca6a4ffa5f0aaa083db590dd50bfba48fd0d215c3,,pending,,,,5
img_00011252,images/img_00011252.jpg,02_deepfirearm,deepfirearm,487e826e5017e611e2b455a2f30e9590adb4ef995e7094ebe796998f7e2ebb45,,pending,,,,5
img_00011253,images/img_00011253.jpg,02_deepfirearm,deepfirearm,ccb6980dff3419e0fdcc55476fd30d40713cc402f27bf1f7d9d62bfa3baf69e7,,pending,,,,5
img_00011254,images/img_00011254.jpg,02_deepfirearm,deepfirearm,47def89957379b75eaa70730fb8dc937dfc59e35f4b56016e89c50bff89b95d0,,pending,,,,5
img_00011255,images/img_00011255.jpg,02_deepfirearm,deepfirearm,03b37bb1aef78120de5b5158c26caa8e04285f8350ddb25c74c666cfbaaf2457,,pending,,,,5
img_00011256,images/img_00011256.jpg,02_deepfirearm,deepfirearm,72f8ae304dfe2c65f0137326b48e15fa21b088dbdd45792946f3aece69aca68a,,pending,,,,5
img_00011257,images/img_00011257.jpg,02_deepfirearm,deepfirearm,a27f822bf06a8f8f77ba506fb5f3ffbc9421c614f243b0595a9b51cfdd08d959,,pending,,,,5
img_00011258,images/img_00011258.jpg,02_deepfirearm,deepfirearm,b36941bda1c44583680153f24bf199be02362139d6f8e8052394e9a402af8e85,,pending,,,,5
img_00011259,images/img_00011259.jpg,02_deepfirearm,deepfirearm,b05af26e08d07421c0edfd05a5b54ad414f6f018b106c86f4c7477ea43c33763,,pending,,,,5
img_00011260,images/img_00011260.jpg,02_deepfirearm,deepfirearm,76157d0475baaf928d6db5f70342acdcf68270a6dd73ff59e55ffd7fa7b6de65,,pending,,,,5
img_00011261,images/img_00011261.jpg,02_deepfirearm,deepfirearm,a48656714900771649c161248c25448675bbede79b08fa4254fd381fa803b1cd,,pending,,,,5
img_00011262,images/img_00011262.jpg,02_deepfirearm,deepfirearm,0d23be281951722828eb44d26e312a15b1c140e5354cbbfe50fc3c9d73a76158,,pending,,,,5
img_00011263,images/img_00011263.jpg,02_deepfirearm,deepfirearm,4d5474d524a2103d73903f8a8fa1566f19f78e6dbab9a54343ccd77ec7aaaa4f,,pending,,,,5
img_00011264,images/img_00011264.jpg,02_deepfirearm,deepfirearm,764959aa92ee0e95ed68dc3100df6a133787a335a2f2b077e18122ac5cd11e6f,,pending,,,,5
img_00011265,images/img_00011265.jpg,02_deepfirearm,deepfirearm,909231eecdc874b5ed9de7ab8b3ae22ebf976ae7291b960c319984ff42a97f81,,pending,,,,5
img_00011266,images/img_00011266.jpg,02_deepfirearm,deepfirearm,e0097f910d4e7ef599a004a5c72b7ec5a986d862e845f54c8ca594e4f8426132,,pending,,,,5
img_00011267,images/img_00011267.jpg,02_deepfirearm,deepfirearm,4d1d46fbcfe492495a9c521f57351df144378719d795142dea0d12dc11ed2b31,,pending,,,,5
img_00011268,images/img_00011268.jpg,02_deepfirearm,deepfirearm,7e27a98974ef08b88e0d5a5c0e2afb8d3c27b9d4c6726f64299761124e2b44e0,,pending,,,,5
img_00011269,images/img_00011269.jpg,02_deepfirearm,deepfirearm,ff6bcac98221f17b14e4fe182590a18ec16a45b5e3092b46b76f50f3705918cc,,pending,,,,5
img_00011270,images/img_00011270.jpg,02_deepfirearm,deepfirearm,85b4ce74a27bb9662eae09861d21892ef6f31bf3dc8416894b43ac3cb5050eec,,pending,,,,5
img_00011271,images/img_00011271.jpg,02_deepfirearm,deepfirearm,fd18742c1482f7c08e401a306cdb9149f5850dae0eae14a26380739c5013600c,,pending,,,,5
img_00011272,images/img_00011272.jpg,02_deepfirearm,deepfirearm,7655f1930e59cef57417d7e837c95d28e15040c1f61fee2760f88d62d02b8ebd,,pending,,,,5
img_00011273,images/img_00011273.jpg,02_deepfirearm,deepfirearm,34ccf473c5b8ad42926b8d1a0572467914aaef6a8932d271b37e02085f18d69b,,pending,,,,5
img_00011274,images/img_00011274.jpg,02_deepfirearm,deepfirearm,528d5d4b6f3dbe0c94be6177d1de2f19c0d4278292e2d3441ee081b402b4a110,,pending,,,,5
img_00011275,images/img_00011275.jpg,02_deepfirearm,deepfirearm,1737c4945329a4e9e2f54dba9eef9d5b828035a45030f86feb6f96273c09f731,,pending,,,,5
img_00011276,images/img_00011276.jpg,02_deepfirearm,deepfirearm,b62a27d9fa1dac18a376f74646409f3d8126f65ef1985355d844b56c417d4c24,,pending,,,,5
img_00011277,images/img_00011277.jpg,02_deepfirearm,deepfirearm,6ca6ced29e3efb3f109d76f7e695b2ee588b6b0deeeb8293664be223eeeadda1,,pending,,,,5
img_00011278,images/img_00011278.jpg,02_deepfirearm,deepfirearm,42c335e45b507cd73c14b6f34fa0614772dc916c04f6869074d9e5051f5aa56e,,pending,,,,5
img_00011279,images/img_00011279.jpg,02_deepfirearm,deepfirearm,c4f8df193dfd07fa9468d7ce3f7b45d0d3af88ee09d8127e31fac9d76844c56a,,pending,,,,5
img_00011280,images/img_00011280.jpg,02_deepfirearm,deepfirearm,a4806e79afe36d904ee2671e47bfa47dadd70e0004de90762a56a5b1807a88db,,pending,,,,5
img_00011281,images/img_00011281.jpg,02_deepfirearm,deepfirearm,2bac1c42dd10d7b716d9ff8094f426ddb90684c6270c89e1fc0956cfb8b5fac2,,pending,,,,5
img_00011282,images/img_00011282.jpg,02_deepfirearm,deepfirearm,df82415ccc1d02379ad3f4edd31c90bbf6b0a046f55da258cb33ca251b230c95,,pending,,,,5
img_00011283,images/img_00011283.jpg,02_deepfirearm,deepfirearm,cc6863700434c1829d86d9a741f4a037db8861f5a7d2880d95e1d2309cc3623f,,pending,,,,5
img_00011284,images/img_00011284.jpg,02_deepfirearm,deepfirearm,52c1f86be0353191acec0dbdf8a91c171abc08bc150f74411ac46b8a0be63116,,pending,,,,5
img_00011285,images/img_00011285.jpg,02_deepfirearm,deepfirearm,f69a17891bd07d2c60cf4df404b5fd926e5d4ecee569ebc00b7f18d7783f733e,,pending,,,,5
img_00011286,images/img_00011286.jpg,02_deepfirearm,deepfirearm,eeb77abd4ac3d1c521b7ada2d5774744dbbb141793f20820637dd96b2d579f04,,pending,,,,5
img_00011287,images/img_00011287.jpg,02_deepfirearm,deepfirearm,0b2b22b9b5d88ef4dda5569893d1a1a54b673d5f5ef590542df46ac70037a4be,,pending,,,,5
img_00011288,images/img_00011288.jpg,02_deepfirearm,deepfirearm,8484ea9f1e47e13f3d879b33186c35bc092777c313875afe24c62e86adb3be56,,pending,,,,5
img_00011289,images/img_00011289.jpg,02_deepfirearm,deepfirearm,0b6c7b712595514353e6084a32e4f374b7572608d6a070565599a4784cd179f3,,pending,,,,5
img_00011290,images/img_00011290.jpg,02_deepfirearm,deepfirearm,f636fb86db9069c40cebf80d149c07f3a1119f3db9f1f940aad5991b320b5e92,,pending,,,,5
img_00011291,images/img_00011291.jpg,02_deepfirearm,deepfirearm,8f39fb468ebcd48f88b705fa78fb3685026d77eb17fdb3b69f7f7dc5eb808870,,pending,,,,5
img_00011292,images/img_00011292.jpg,02_deepfirearm,deepfirearm,62722efd405114d2275c607feefcca728a7475f308626cf640ac5d3a310b3672,,pending,,,,5
img_00011293,images/img_00011293.jpg,02_deepfirearm,deepfirearm,83807335c9ea4a39fb0d28b60c93ffdfa34d1b2e4283715400a03e12b679cc5f,,pending,,,,5
img_00011294,images/img_00011294.jpg,02_deepfirearm,deepfirearm,b0dcb9cdbc9bd87d377cf005f484b43a4f87e8c385f76a256eb557163de274ae,,pending,,,,5
img_00011295,images/img_00011295.jpg,02_deepfirearm,deepfirearm,8ce426aaf184e1f79d80794b7f343263bf21043c1f822cbacbf62d3fdda9c7e6,,pending,,,,5
img_00011296,images/img_00011296.jpg,02_deepfirearm,deepfirearm,8c1324d0dcb62c05a56dde66f89ef1cad263c5dee7e2bf752129336558703d3c,,pending,,,,5
img_00011297,images/img_00011297.jpg,02_deepfirearm,deepfirearm,d53712072e5d6925a025069683beb6bf5bd67b5207407bd8be6e09ad651ee999,,pending,,,,5
img_00011298,images/img_00011298.jpg,02_deepfirearm,deepfirearm,6ba2686396e41209096316845ab41e4cd4a92428aa422ea8e6dc29ae89f15ff5,,pending,,,,5
img_00011299,images/img_00011299.jpg,02_deepfirearm,deepfirearm,5adb3f7666284a5776a05362d956a3ef0acfe9a7dbfee99a97ac19ecca7a36b9,,pending,,,,5
img_00011300,images/img_00011300.jpg,02_deepfirearm,deepfirearm,9ef0a48dec46292879fb7e7966b848a974d13b25934cc76ba5f0c6adf4dd7542,,pending,,,,5
img_00011301,images/img_00011301.jpg,02_deepfirearm,deepfirearm,f1938f16b31cea4f3677418fc7776e0aaa2f9a6826cb1d5310673248ab4315c6,,pending,,,,5
img_00011302,images/img_00011302.jpg,02_deepfirearm,deepfirearm,89376b72605b51c98d3f3bec831858d867350befe5c5c2e6b593791831e5e2f2,,pending,,,,5
img_00011303,images/img_00011303.jpg,02_deepfirearm,deepfirearm,3b2cab1366d38afab68690a683de41a9121ca248da971f0fba7743006cede6d2,,pending,,,,5
img_00011304,images/img_00011304.jpg,02_deepfirearm,deepfirearm,40f33890b7b27ee1e8b1240da57de6d3e221d95b4e00d083e6abddc67513a4ae,,pending,,,,5
img_00011305,images/img_00011305.jpg,02_deepfirearm,deepfirearm,f4224d8b86c06feace89bf9c70e19d27ff984219d4f5a708407999febfade2da,,pending,,,,5
img_00011306,images/img_00011306.jpg,02_deepfirearm,deepfirearm,86d59e2f22c4d196666d9e0a88318e288f310d6be3cc60ec2356193557692fbf,,pending,,,,5
img_00011307,images/img_00011307.jpg,02_deepfirearm,deepfirearm,58e474616cef44ff023a166281e0644f9451c25bfb17d2759c2149993e5fa2ac,,pending,,,,5
img_00011308,images/img_00011308.jpg,02_deepfirearm,deepfirearm,29564408d0adeb3e70b421d93a331e341c6afba6cb8ed3a833094b0dec6837b7,,pending,,,,5
img_00011309,images/img_00011309.jpg,02_deepfirearm,deepfirearm,9a35155b591ccc80882feecba8090b1532741a19856ee487410d1ede92f2b1c1,,pending,,,,5
img_00011310,images/img_00011310.jpg,02_deepfirearm,deepfirearm,7d18614e769993d7260a9df4c235cce5dccd0f5bb4d74e49ca7f7603643beccb,,pending,,,,5
img_00011311,images/img_00011311.jpg,02_deepfirearm,deepfirearm,ccfcbb16e2cd6b70137116bab825288dd59f92eacb7b8f250de8377e52c5e5fd,,pending,,,,5
img_00011312,images/img_00011312.jpg,02_deepfirearm,deepfirearm,3909a89b44ffe1dce6d8585039f5c9f4022980305012050b64431ef73c96fd5d,,pending,,,,5
img_00011313,images/img_00011313.jpg,02_deepfirearm,deepfirearm,385ea6af63664dea059ccbc4ad79fe444c90231b5dd9b41ef9076df880bc323a,,pending,,,,5
img_00011314,images/img_00011314.jpg,02_deepfirearm,deepfirearm,45cb7b92e4a025cdc2dbe46cb4f9c23186a05f9af7cb96f060c05f089d48933d,,pending,,,,5
img_00011315,images/img_00011315.jpg,02_deepfirearm,deepfirearm,1702eee14c90e692accf2c6f7967214b5396e3d89fb53bc895b072065befa2a7,,pending,,,,5
img_00011316,images/img_00011316.jpg,02_deepfirearm,deepfirearm,5bb489f41644b15e59458ec938849b27a3eb54ba7add1ce814f63418245cad75,,pending,,,,5
img_00011317,images/img_00011317.jpg,02_deepfirearm,deepfirearm,4072f8e799a29e09eaeff3ecdb0668548b0d43216f070f90066e6aa8f9e93ddd,,pending,,,,5
img_00011318,images/img_00011318.jpg,02_deepfirearm,deepfirearm,bbec391118a50bcb1c5b17ffb16157ff0bcabc37200b3ebb138987dbc816668b,,pending,,,,5
img_00011319,images/img_00011319.jpg,02_deepfirearm,deepfirearm,d135f7c2e9f60413c22eba3f81aafa62754c346558278c07085d12036bb91d05,,pending,,,,5
img_00011320,images/img_00011320.jpg,02_deepfirearm,deepfirearm,00f73d7111b375df15f7c9503bcc7c3807d7830991bc39d179f5d8e169dd9398,,pending,,,,5
img_00011321,images/img_00011321.jpg,02_deepfirearm,deepfirearm,b4151082bb098058a51668f4402b09544961020407d4447cde97fb9f842144c2,,pending,,,,5
img_00011322,images/img_00011322.jpg,02_deepfirearm,deepfirearm,f662f063b7047959fa1c7e6fbd1c03552a4be050c34724eaaa2fab066e80ae08,,pending,,,,5
img_00011323,images/img_00011323.jpg,02_deepfirearm,deepfirearm,c0cd816d460261c28c1fb65845f05507b3affd2f75a4f8e917808cd0a2dea918,,pending,,,,5
img_00011324,images/img_00011324.jpg,02_deepfirearm,deepfirearm,5d9f68c132b397abff82f2197084da6c3671a28c3ee12ccd9fe67a12ab03cf32,,pending,,,,5
img_00011325,images/img_00011325.jpg,02_deepfirearm,deepfirearm,fb7cd3d6dfd52c86ee2cb35e656386101ca203dfa6a92510746561b64796dae9,,pending,,,,5
img_00011326,images/img_00011326.jpg,02_deepfirearm,deepfirearm,3918999a0379dd90ce8b21353b52fbe400919f85db4db20a9b8efd8974bd3670,,pending,,,,5
img_00011327,images/img_00011327.jpg,02_deepfirearm,deepfirearm,41865c42364d1eb7a948f6b9996f28eec20694e9b3b22025029c09ccc1bf812f,,pending,,,,5
img_00011328,images/img_00011328.jpg,02_deepfirearm,deepfirearm,ca08a11ad63a298a372a7516c87e69d88875b816710d32d7b98396d60cb18838,,pending,,,,5
img_00011329,images/img_00011329.jpg,02_deepfirearm,deepfirearm,cc419b94688127faa07928b37256b8cc40391c5032048ca2da2a2af62bb41b17,,pending,,,,5
img_00011330,images/img_00011330.jpg,02_deepfirearm,deepfirearm,915626fe2815a0450f99a229b34d259b3c8d8979dea432f46bbdd329dcc85ea4,,pending,,,,5
img_00011331,images/img_00011331.jpg,02_deepfirearm,deepfirearm,5d18c4aa96cd82098201fb9b480cf3872aeef9d69975c9db0ad98d1298ef44ed,,pending,,,,5
img_00011332,images/img_00011332.jpg,02_deepfirearm,deepfirearm,525e87e1d7d2b436de6e84b676f11d0fd94793240f7d5639b7a472156015b9b0,,pending,,,,5
img_00011333,images/img_00011333.jpg,02_deepfirearm,deepfirearm,784a61e353ad3f1de1f9a0c430c5436fd5e4d8b88a0db49842f707aca3117322,,pending,,,,5
img_00011334,images/img_00011334.jpg,02_deepfirearm,deepfirearm,198636be9a7aa2444b818886ad967e281d7fe7f891fe710eacd0a55b0439b0a6,,pending,,,,5
img_00011335,images/img_00011335.jpg,02_deepfirearm,deepfirearm,4b7249970efa2884bbf577fef9ce75db6853187040592a5b87b92877de97e62d,,pending,,,,5
img_00011336,images/img_00011336.jpg,02_deepfirearm,deepfirearm,209eb2f5150b04e49fc591cce162d1cda1be9a1f5d4b641ea9e3aca4ea0c6cdf,,pending,,,,5
img_00011337,images/img_00011337.jpg,02_deepfirearm,deepfirearm,543d080282998d81cc6aa93515edb42682d115e6db1db6949913935652b4dcde,,pending,,,,5
img_00011338,images/img_00011338.jpg,02_deepfirearm,deepfirearm,afc6dc635a1ca9cfb03eb9d8dafd29298aef6f55ee31a78ac6b3c353318c77b4,,pending,,,,5
img_00011339,images/img_00011339.jpg,02_deepfirearm,deepfirearm,cae3a19afc3dd3edb630963a435489671c451a7624e1edb5cc2f2ff5ddf86aa0,,pending,,,,5
img_00011340,images/img_00011340.jpg,02_deepfirearm,deepfirearm,bd20b119e5fbe3b4a848b712cbbef618dd3f33b4cc41d871b74a7111fd773aa7,,pending,,,,5
img_00011341,images/img_00011341.jpg,02_deepfirearm,deepfirearm,24ec6ceb62f9b893aaafc5ab27f5cbc98124826b3bc35fce6cb6e4061675f2e7,,pending,,,,5
img_00011342,images/img_00011342.jpg,02_deepfirearm,deepfirearm,d1b176f7d972ad104cfecd60b38a0c743c7e1478666937e616e6f5e91f316fd5,,pending,,,,5
img_00011343,images/img_00011343.jpg,02_deepfirearm,deepfirearm,95c42517cdf76cc929b2367bcfc69612a30fb85727a92e34825d2fc966d18c8d,,pending,,,,5
img_00011344,images/img_00011344.jpg,02_deepfirearm,deepfirearm,16e035fa8683b41cc15863d9e1651e4164a329fbf4a73a02ccd42aef7e25349a,,pending,,,,5
img_00011345,images/img_00011345.jpg,02_deepfirearm,deepfirearm,8c0284e92de1090b5cfd04e5ab8f0dc8a0ebbc88443ca15cf9cee7156d944d63,,pending,,,,5
img_00011346,images/img_00011346.jpg,02_deepfirearm,deepfirearm,323184bd274d8ed5c572303a9461209b1d061a0938325ec7bb75bcf9d9efdccd,,pending,,,,5
img_00011347,images/img_00011347.jpg,02_deepfirearm,deepfirearm,891869edc6a353fdcbb641486ac1fe35ac687b794329691ce97ba156040d7093,,pending,,,,5
img_00011348,images/img_00011348.jpg,02_deepfirearm,deepfirearm,7e0321d85e9d91bf02bd0ac7a0aa8511d3db0772175f4b33efef7ce9596f4565,,pending,,,,5
img_00011349,images/img_00011349.jpg,02_deepfirearm,deepfirearm,5a598e9fc16ecd5cdc2871a2bf6c86e233e4535c8e7a5a028b6fb66fca705116,,pending,,,,5
img_00011350,images/img_00011350.jpg,02_deepfirearm,deepfirearm,d5ea5f6819c001052f4facd8d9349c3636b9d1e31fd4c1cf4486a9d743b9bbeb,,pending,,,,5
img_00011351,images/img_00011351.jpg,02_deepfirearm,deepfirearm,77ec4cb6785e27be26a0c966fe73e54152b09ae4348ccf363813ba31613cc2f3,,pending,,,,5
img_00011352,images/img_00011352.jpg,02_deepfirearm,deepfirearm,8f97ce8a5e5360bae91ab31d9f5f0d58279cd0ddc76821a5f4645bfba5a8d842,,pending,,,,5
img_00011353,images/img_00011353.jpg,02_deepfirearm,deepfirearm,c0073b4be93cdef0ca4de6ca4e92bb8eab1e06fa0f0345ac2aa58487f7bfa7bd,,pending,,,,5
img_00011354,images/img_00011354.jpg,02_deepfirearm,deepfirearm,6bf45d3c9d0d77437dd606af012cd6049bcabd7dbfee4700f273417e2515210e,,pending,,,,5
img_00011355,images/img_00011355.jpg,02_deepfirearm,deepfirearm,2b0cd022826e32f51d8c602306a8f6826290b55aa4e56a7c713f5aabd609fb2c,,pending,,,,5
img_00011356,images/img_00011356.jpg,02_deepfirearm,deepfirearm,feb290bac511989fa61a621c08cf1bb75fe7c72c6483c5c29288af7af5e7a635,,pending,,,,5
img_00011357,images/img_00011357.jpg,02_deepfirearm,deepfirearm,034742a6b38eb7c50f1a833668d0847332c83d0a2abe527c402fc27b71dc95fc,,pending,,,,5
img_00011358,images/img_00011358.jpg,02_deepfirearm,deepfirearm,0a5f84c07746e8dabfb4f40fbc62f93686a8a9b0e3516b28eb9a945008f77f3e,,pending,,,,5
img_00011359,images/img_00011359.jpg,02_deepfirearm,deepfirearm,bfd46ec07dfa2719e2bfc529d74d313c052ec546c9cea8949af18d7ac5d6de58,,pending,,,,5
img_00011360,images/img_00011360.jpg,02_deepfirearm,deepfirearm,f3aa632d092a0997b8197585cbf894e14ae7863a43b1d80ecaf5c404eebfad6c,,pending,,,,5
img_00011361,images/img_00011361.jpg,02_deepfirearm,deepfirearm,78b242f98e5df0ad2acc13661f57f025651bf9fee6b92ba62d9dd52ea3b9764a,,pending,,,,5
img_00011362,images/img_00011362.jpg,02_deepfirearm,deepfirearm,6a41af024f041138b7307b4fa0b73196467a90f91db16495b23812535a9ee248,,pending,,,,5
img_00011363,images/img_00011363.jpg,02_deepfirearm,deepfirearm,de36f0c1adf4bd605e498e387bb0abc8dc9c8951598453ad7db33293b187c2af,,pending,,,,5
img_00011364,images/img_00011364.jpg,02_deepfirearm,deepfirearm,6b4953fabba993f7fd2ddcc0fdcc8213bf98bd06863525ed6391703b5288a881,,pending,,,,5
img_00011365,images/img_00011365.jpg,02_deepfirearm,deepfirearm,7440ad86f7ba700710a6e34d85f56097028c081a9a4d16008f33c680f9c02b73,,pending,,,,5
img_00011366,images/img_00011366.jpg,02_deepfirearm,deepfirearm,416e492e6b689383b68b93167a57cf71ccb65155ffe4fa2a5b157d2d90768aa0,,pending,,,,5
img_00011367,images/img_00011367.jpg,02_deepfirearm,deepfirearm,29ac8c7038d8403f3a75db28fc05c620d864ef6d0e27a4a5e7cccc0eb82894d1,,pending,,,,5
img_00011368,images/img_00011368.jpg,02_deepfirearm,deepfirearm,c0b894872c2efcd09f34becc7430e96f20631b6df9d3bd0df234931effa166df,,pending,,,,5
img_00011369,images/img_00011369.jpg,02_deepfirearm,deepfirearm,11c17557c2d4cb1891d55c904381bb61b25182ca5361b46b1e468fba5b4811a9,,pending,,,,5
img_00011370,images/img_00011370.jpg,02_deepfirearm,deepfirearm,ea873a872a2858d699c69788f8d39b7f675939e94652c5b5ba192eec7ae0ffc4,,pending,,,,5
img_00011371,images/img_00011371.jpg,02_deepfirearm,deepfirearm,fb400c3fab5826681b959b02bae82773298683479664c0334e611882a644300d,,pending,,,,5
img_00011372,images/img_00011372.jpg,02_deepfirearm,deepfirearm,d2736c5286d28e9520a9c5b31d8f3e0e8bb69f756af8ea3e9e4a087c4fd5afba,,pending,,,,5
img_00011373,images/img_00011373.jpg,02_deepfirearm,deepfirearm,92029e36a2fcc1c2b2c32588671c72f828f3dcc7cb18393e597a087ae25e93ca,,pending,,,,5
img_00011374,images/img_00011374.jpg,02_deepfirearm,deepfirearm,7c172b58009292d8b0290dd9abd45542e758dd2e359e64a9039a2065d83435a5,,pending,,,,5
img_00011375,images/img_00011375.jpg,02_deepfirearm,deepfirearm,1e4bccae68428edeaa31f625ba7b2268a394ad4f90c77d235d35ceee2d396a02,,pending,,,,5
img_00011376,images/img_00011376.jpg,02_deepfirearm,deepfirearm,c492c65f60024c9fb2f1299f3cfa85d54f560744f79b317a050b9ba1f95a8f62,,pending,,,,5
img_00011377,images/img_00011377.jpg,02_deepfirearm,deepfirearm,dadde85d6ad0242a89ff2b45267d5a0c5f550e50bfcc88336091f2e90529c26a,,pending,,,,5
img_00011378,images/img_00011378.jpg,02_deepfirearm,deepfirearm,3416a95b101486a839d39f529fa1566c09c84dab85fd0e33f3176869fbe4f08c,,pending,,,,5
img_00011379,images/img_00011379.jpg,02_deepfirearm,deepfirearm,03fa8dc82eb0d8ce8032adc89b07bdbc29bf46ac3f7da62fd6a7218577af79e7,,pending,,,,5
img_00011380,images/img_00011380.jpg,02_deepfirearm,deepfirearm,f5adaa0fd2922d8c207d21ff5fdeeebfc7eb63bb315f3f7c537cd831084f0c40,,pending,,,,5
img_00011381,images/img_00011381.jpg,02_deepfirearm,deepfirearm,9db1dced1622378a96e9aeda6f9038f195429a497de85c7fe894f97aa4317630,,pending,,,,5
img_00011382,images/img_00011382.jpg,02_deepfirearm,deepfirearm,905789175db94f32d328be7efe1b0625c421896e525df9d8b66ce26c11b13bb9,,pending,,,,5
img_00011383,images/img_00011383.jpg,02_deepfirearm,deepfirearm,d7e9d462fe396a5d0d39450f651efa66c758e70d02b201bee7441814ecaeabe9,,pending,,,,5
img_00011384,images/img_00011384.jpg,02_deepfirearm,deepfirearm,93cf924f8ecd0a21a315fa56aa249dbb69a1c0b8702afa880b36085ce96f82a3,,pending,,,,5
img_00011385,images/img_00011385.jpg,02_deepfirearm,deepfirearm,b9bb0503ca3137ca6eecf460389270f91f47a99005638c7a04de350ff67aca39,,pending,,,,5
img_00011386,images/img_00011386.jpg,02_deepfirearm,deepfirearm,3a0ee6aed00ab3f97b881d751a587bafc46254a568b5f75a2ff98265d2f6d688,,pending,,,,5
img_00011387,images/img_00011387.jpg,02_deepfirearm,deepfirearm,fd2ad334cdc960377b57daf9bb5027bc65b79adca0c850f7c9365271fce6bb46,,pending,,,,5
img_00011388,images/img_00011388.jpg,02_deepfirearm,deepfirearm,edcb3875302406cecd5a3bc8b52f06e63fe188e02c84361efaafa51d3bd28bf2,,pending,,,,5
img_00011389,images/img_00011389.jpg,02_deepfirearm,deepfirearm,9feb09be5f1e8fdce3abbdf286f722e885ee012950c04856c5d8feae0a7dd321,,pending,,,,5
img_00011390,images/img_00011390.jpg,02_deepfirearm,deepfirearm,9c6c99c0ca17a2556f65178ab002d1d1d67d0c875cee9d9cbc936f5faad268b1,,pending,,,,5
img_00011391,images/img_00011391.jpg,02_deepfirearm,deepfirearm,c01fd40862b2468040a0df31f075d81fbc85f3838de73ef29c400dc93858ee2a,,pending,,,,5
img_00011392,images/img_00011392.jpg,02_deepfirearm,deepfirearm,a0a54fb611914295d12d05ff6b0a9b607fd53860e5975e3ee2fd418dc7d7249c,,pending,,,,5
img_00011393,images/img_00011393.jpg,02_deepfirearm,deepfirearm,02dc86ce0388dd91b57c7e3b3aa58b2964798dae78324475758e65a0317d6ca0,,pending,,,,5
img_00011394,images/img_00011394.jpg,02_deepfirearm,deepfirearm,ffc417c08ecb23e9a9c8a51a7a21bd48f33feaa6e02ed72856e4c475924d0f96,,pending,,,,5
img_00011395,images/img_00011395.jpg,02_deepfirearm,deepfirearm,c3fc95d9bdc828c8d1b5b8853c9aa32060dd7ed3885190bc1cd84957354bd6c9,,pending,,,,5
img_00011396,images/img_00011396.jpg,02_deepfirearm,deepfirearm,07aa285e4ad56fb6359272cad0f5f7c7b02e2ccf6cf0d198b76459f305fcea47,,pending,,,,5
img_00011397,images/img_00011397.jpg,02_deepfirearm,deepfirearm,6031aba95b423f04a389e8b881da286be51a5e31d3ec145ba0a8e6b7c424bb35,,pending,,,,5
img_00011398,images/img_00011398.jpg,02_deepfirearm,deepfirearm,ab96d47dcd174af410878583065fcb06bb2d0133cddeafb9023e47aa70073d13,,pending,,,,5
img_00011399,images/img_00011399.jpg,02_deepfirearm,deepfirearm,74bcd0d51008d95a94618e95d53091a669531beaf338fe32416c140e6be52ba9,,pending,,,,5
img_00011400,images/img_00011400.jpg,02_deepfirearm,deepfirearm,faaea70960b4a2d05674db2267c4009d093010a8fa9d4d82e8ad90fa2cbe3f4e,,pending,,,,5
img_00011401,images/img_00011401.jpg,02_deepfirearm,deepfirearm,f68fa425a2f7a2925897d221f3fc552a5b473cf6e59a0ed9ae60427b84663631,,pending,,,,5
img_00011402,images/img_00011402.jpg,02_deepfirearm,deepfirearm,bbce3ba2c8fd39b92ef31bdd507b57f98fa92533a4b04e634566afa80e16789c,,pending,,,,5
img_00011403,images/img_00011403.jpg,02_deepfirearm,deepfirearm,6a458a45ec4a3f8be0c2f8a17099adf8a3d6257e354b4ad8ed0fab0afb6979bf,,pending,,,,5
img_00011404,images/img_00011404.jpg,02_deepfirearm,deepfirearm,83cb23e86e892a62603c863b5b0f0beb818cfa597525ea84c9d29e23d92025a7,,pending,,,,5
img_00011405,images/img_00011405.jpg,02_deepfirearm,deepfirearm,c5ec7e052ff9812654ed2025a7ff5186f55e213f1e07e71d6b4feb996a869645,,pending,,,,5
img_00011406,images/img_00011406.jpg,02_deepfirearm,deepfirearm,45c1622594169a26a2231ff904ceea87d30347572d3db001fdddf82f8bfcb064,,pending,,,,5
img_00011407,images/img_00011407.jpg,02_deepfirearm,deepfirearm,fd90c3312875445d5f60d5f0c76397ddb64ccb29e5896498f494a8aa3c9e9cb2,,pending,,,,5
img_00011408,images/img_00011408.jpg,02_deepfirearm,deepfirearm,ea72e05ed60c713be0e7021a057e7fc63b873a6c221790c375769de8127561ec,,pending,,,,5
img_00011409,images/img_00011409.jpg,02_deepfirearm,deepfirearm,de17622abccf3b31a01bab62f26c86cc23a16f2d45cfee72607f159f83306113,,pending,,,,5
img_00011410,images/img_00011410.jpg,02_deepfirearm,deepfirearm,a07856c77bf05bebeda9da62eeb6cb9aa1545abbc6641155b668755c28792a2e,,pending,,,,5
img_00011411,images/img_00011411.jpg,02_deepfirearm,deepfirearm,db099188ec0e88027db35107eea45c5098306f8954495548f228d1b1570d0e54,,pending,,,,5
img_00011412,images/img_00011412.jpg,02_deepfirearm,deepfirearm,51c48fc2b9a8c0b19c61784759edf8134ba8802b1c9bde7b7517dac08feef740,,pending,,,,5
img_00011413,images/img_00011413.jpg,02_deepfirearm,deepfirearm,d860338a4c04bc11a25d6b055a514846a43a79874d44931a39697938a1a5e64e,,pending,,,,5
img_00011414,images/img_00011414.jpg,02_deepfirearm,deepfirearm,9e156c23a259ea075f68fd7b403d71fcf3a0a0cd421f1a39270ad6a95bf21180,,pending,,,,5
img_00011415,images/img_00011415.jpg,02_deepfirearm,deepfirearm,3207941dccd0adb0745d63f5cb3a2b3e11e743f8a4db71fe80208fc108eb9ae3,,pending,,,,5
img_00011416,images/img_00011416.jpg,02_deepfirearm,deepfirearm,15eb4344fac72f7d79a89007d4e7b952e18ae20dd643a69501b904c91eeaa8a4,,pending,,,,5
img_00011417,images/img_00011417.jpg,02_deepfirearm,deepfirearm,fa4118bb75108a0b10a71fc710a0c636e60bd277e2b979c5cb7a662d25ed19ee,,pending,,,,5
img_00011418,images/img_00011418.jpg,02_deepfirearm,deepfirearm,fc1bb054c46590aed26e96f2b7632f8bf893e1422842de622f0a5679b5762d7a,,pending,,,,5
img_00011419,images/img_00011419.jpg,02_deepfirearm,deepfirearm,91396539d6a3fb49414ab6c51c2bdd325c6f75f58144d9988d7ec52947e989f1,,pending,,,,5
img_00011420,images/img_00011420.jpg,02_deepfirearm,deepfirearm,c59ce01a3b5e080cc1302ad3e29789b019f643680772fdcaf65eacfc8c46d6bd,,pending,,,,5
img_00011421,images/img_00011421.jpg,02_deepfirearm,deepfirearm,14d1e4b910e1fb91b21c5015bb015eff2b7290dc04f81475302fe2be5ffd1751,,pending,,,,5
img_00011422,images/img_00011422.jpg,02_deepfirearm,deepfirearm,2b2ee2cc7f6760e91d18f3aa47422f7299501a653bf3acd6870e298fcb7c2d27,,pending,,,,5
img_00011423,images/img_00011423.jpg,02_deepfirearm,deepfirearm,4331134ec2e36d95a450e2377094f729037a95522d120747fdf2a1fbe9466c47,,pending,,,,5
img_00011424,images/img_00011424.jpg,02_deepfirearm,deepfirearm,d939efdec43b1cef5ec25e102de4b0d7b279917137c61d12f37021fbb88c4f7f,,pending,,,,5
img_00011425,images/img_00011425.jpg,02_deepfirearm,deepfirearm,9d4c457fd52f4211da61352c789efbc94f196e576bb04462515a80b76735c21e,,pending,,,,5
img_00011426,images/img_00011426.jpg,02_deepfirearm,deepfirearm,ad1755986adc6f40e1f5ec737891a53ff254ea577c4b1646578feffcd62e845f,,pending,,,,5
img_00011427,images/img_00011427.jpg,02_deepfirearm,deepfirearm,6c710836f2f30e0a9517909c5ebc143c36403af7a539666fca09d6affdd80709,,pending,,,,5
img_00011428,images/img_00011428.jpg,02_deepfirearm,deepfirearm,758d5bbcc26a31e4c1ab4728ec07ca1d1a7572806c5906057603c5080204d864,,pending,,,,5
img_00011429,images/img_00011429.jpg,02_deepfirearm,deepfirearm,f5f84d2a06a701504ebaa73a2c13e91a33a82fe78df4d31dca3e71027b2aa46b,,pending,,,,5
img_00011430,images/img_00011430.jpg,02_deepfirearm,deepfirearm,67aa96835d7126b0a901f12a7d73e8b22f100e698fc90f516a2a8f20a43bfb35,,pending,,,,5
img_00011431,images/img_00011431.jpg,02_deepfirearm,deepfirearm,b1b88d37c3b9d9e593f3a6fbbea41ad9f49836024cec7e271e72dc5c8aa5b5f9,,pending,,,,5
img_00011432,images/img_00011432.jpg,02_deepfirearm,deepfirearm,015f5b323c71a9136f99a7bd90bed55e5147c356d9ba6bb0f86654c536ffab30,,pending,,,,5
img_00011433,images/img_00011433.jpg,02_deepfirearm,deepfirearm,7aad1d99f8df7aaef7fe77551f6f269296f82663d9296236169300f048ce55d7,,pending,,,,5
img_00011434,images/img_00011434.jpg,02_deepfirearm,deepfirearm,d25c8da847d18e4acd742c0283e8c5afa9d18f1a75329553cf270af816ef7d4d,,pending,,,,5
img_00011435,images/img_00011435.jpg,02_deepfirearm,deepfirearm,b14784cd175a140d6f855d114363f47e38ef87e0e355b62a646bc9f12930acd2,,pending,,,,5
img_00011436,images/img_00011436.jpg,02_deepfirearm,deepfirearm,6396aa15296f934d514c502056102674d5eaaeb6e0508ef542e7fc1639c9c4dc,,pending,,,,5
img_00011437,images/img_00011437.jpg,02_deepfirearm,deepfirearm,1cf35749512c927010fefeb50e1fce3433faf21a685ff6c8b5e7f77ceac6c616,,pending,,,,5
img_00011438,images/img_00011438.jpg,02_deepfirearm,deepfirearm,5e26a98483f2754f61bf287f0ab89b2f776ab734eec26b25c6cbd65808974c1d,,pending,,,,5
img_00011439,images/img_00011439.jpg,02_deepfirearm,deepfirearm,e8a17b0bf40df1608ce74ed118703749964f764a16ebfd495dd25824bd756812,,pending,,,,5
img_00011440,images/img_00011440.jpg,02_deepfirearm,deepfirearm,ca593fc2b8e50b817a8f08c2bd19f5c75a2282fbba0d16e68d41f7c0b5f7da48,,pending,,,,5
img_00011441,images/img_00011441.jpg,02_deepfirearm,deepfirearm,fe1015cccd0fe0390e7db0690b60ef57895563c406f6504e3e6c8beb8010b952,,pending,,,,5
img_00011442,images/img_00011442.jpg,02_deepfirearm,deepfirearm,4b0998b8140f066e72956d23c16918cd53b5292db924a6f4d4a24e1724b08a2a,,pending,,,,5
img_00011443,images/img_00011443.jpg,02_deepfirearm,deepfirearm,340d563ac826cfc533e4375db72060e8fc31e0e9fcef6450572ace7bcefea1c8,,pending,,,,5
img_00011444,images/img_00011444.jpg,02_deepfirearm,deepfirearm,2b3240169ec03ee2dcbce385f0eaeca850c498879c60c4ef8a3350c84c632997,,pending,,,,5
img_00011445,images/img_00011445.jpg,02_deepfirearm,deepfirearm,13dd2391112e4399578680ae6983a14077a8f8a7f13243ce4b156bf9ea62052b,,pending,,,,5
img_00011446,images/img_00011446.jpg,02_deepfirearm,deepfirearm,2b932d5b7e0a7153f41e7c270d3616ec4eaa5564e783c4d01a9ecf9abb33a5b2,,pending,,,,5
img_00011447,images/img_00011447.jpg,02_deepfirearm,deepfirearm,12c60321852c26c59ee5c1b579839edfd5aea05abbfb027a58020c939d77605d,,pending,,,,5
img_00011448,images/img_00011448.jpg,02_deepfirearm,deepfirearm,7ef77f60a5e723729225b75a140eddc60c93a22cde72a6e7303f60d819702f39,,pending,,,,5
img_00011449,images/img_00011449.jpg,02_deepfirearm,deepfirearm,222677dc0aafd3295b686aac4a9b916f929470c1b9e5df2c14f2a834d10e946e,,pending,,,,5
img_00011450,images/img_00011450.jpg,02_deepfirearm,deepfirearm,9be48555ffcbba885f8f5337a4738a4d2842f4f816036a963b7cd122a1eb7aa2,,pending,,,,5
img_00011451,images/img_00011451.jpg,02_deepfirearm,deepfirearm,1b1d6c7bcd68c60eb27cf7d7fe2a706d14134cc3f2048707b9be80ffea66a676,,pending,,,,5
img_00011452,images/img_00011452.jpg,02_deepfirearm,deepfirearm,fc959adb009a74831a620ff536b41000287ec39c7f2b7e98ced1eadee65ed12e,,pending,,,,5
img_00011453,images/img_00011453.jpg,02_deepfirearm,deepfirearm,29864171a340675bfccfb8397a981c689314de5b06295c6cfc8a6a0036f6a4ea,,pending,,,,5
img_00011454,images/img_00011454.jpg,02_deepfirearm,deepfirearm,47babf91e4c1ac4fcddcd2cc9231804f31ca507103218774dd5a8362e355c377,,pending,,,,5
img_00011455,images/img_00011455.jpg,02_deepfirearm,deepfirearm,8e08e382138c711cc49351ea7edd77a09a909d37f24a99b58341a21ae86c4baf,,pending,,,,5
img_00011456,images/img_00011456.jpg,02_deepfirearm,deepfirearm,07f181ff25f63dbf10a89e57ce4db05210cf661ae090dd5594e25f524adc17ca,,pending,,,,5
img_00011457,images/img_00011457.jpg,02_deepfirearm,deepfirearm,543f9d13785d9bdb4ecad5ef2ee68b5954fd221f20a25fafdc515e2795acc54a,,pending,,,,5
img_00011458,images/img_00011458.jpg,02_deepfirearm,deepfirearm,8bcf9efaafa92db0f064d0b4f08475a8dea4c2bc2c4a0ce31a2f96b630b414a5,,pending,,,,5
img_00011459,images/img_00011459.jpg,02_deepfirearm,deepfirearm,9b7c7fa8b3dcce073ec4c06b909d55b852a6bba5a252dd728331d857169ea153,,pending,,,,5
img_00011460,images/img_00011460.jpg,02_deepfirearm,deepfirearm,a2640319ec6af2f924559c1046ca7d058d5d58fcddce9e6fce5906a481361d65,,pending,,,,5
img_00011461,images/img_00011461.jpg,02_deepfirearm,deepfirearm,30b3d2e4eaef804ff5d535600d22c8b8614a59e14ac68d948b70507e85f9054c,,pending,,,,5
img_00011462,images/img_00011462.jpg,02_deepfirearm,deepfirearm,1bff7cdea779a2253a9d2b69c28168e02977ae062bcbab08fccd3aabb55c4b47,,pending,,,,5
img_00011463,images/img_00011463.jpg,02_deepfirearm,deepfirearm,571f3843b65695b40d1bafde8b9e87475ab2d79aa6a8254faba219288b2ed985,,pending,,,,5
img_00011464,images/img_00011464.jpg,02_deepfirearm,deepfirearm,17c06fc4a0552a0b9f343c6aee64eece876b09c5c116a2db98f6f048898dcf00,,pending,,,,5
img_00011465,images/img_00011465.jpg,02_deepfirearm,deepfirearm,debb3e18f98f73796a4724caee4a403e11b0a26c089aa6329c8599438712170a,,pending,,,,5
img_00011466,images/img_00011466.jpg,02_deepfirearm,deepfirearm,945f95c9c280d1def4d918851097b91e463cecdd462f379acabeda72cc519d06,,pending,,,,5
img_00011467,images/img_00011467.jpg,02_deepfirearm,deepfirearm,86c4d877cbe34812ca35eb54d9839bbd6304f5d1f64e40e855e8e716476916ee,,pending,,,,5
img_00011468,images/img_00011468.jpg,02_deepfirearm,deepfirearm,70aa936fe92b5f8c3e3a8dca0a4e96aea9f515d9e85a0a323eb9a8d4c87d54d5,,pending,,,,5
img_00011469,images/img_00011469.jpg,02_deepfirearm,deepfirearm,015fd4e1e85262aeeaf4a19589a2637f4647968f059d270ca3df199e208a6f89,,pending,,,,5
img_00011470,images/img_00011470.jpg,02_deepfirearm,deepfirearm,0f8c6056ff6a750449a65152d5b263b4ebeb7b5d4f4c1f52836b552693890e06,,pending,,,,5
img_00011471,images/img_00011471.jpg,02_deepfirearm,deepfirearm,97d149e2e06453b55c45d9f1437931db966173104a2b18d22569d1c8bf68ffc0,,pending,,,,5
img_00011472,images/img_00011472.jpg,02_deepfirearm,deepfirearm,4cc07212c1f22f2960924e663d89bb4e660ab245ec3ecf7434185f6660664659,,pending,,,,5
img_00011473,images/img_00011473.jpg,02_deepfirearm,deepfirearm,b607900b44c9ce020d1427bf77dee69c10437348b9ab93a789e64ef8445bc78d,,pending,,,,5
img_00011474,images/img_00011474.jpg,02_deepfirearm,deepfirearm,8b98ea985b7e7373dc41df8e8d0cf6a19b5591a441ec70c017833f8b3309d6f0,,pending,,,,5
img_00011475,images/img_00011475.jpg,02_deepfirearm,deepfirearm,f9d9b850de6e92762ae98ec69ca736f00f4b11c11b373f8ea9b1d6e3a236881e,,pending,,,,5
img_00011476,images/img_00011476.jpg,02_deepfirearm,deepfirearm,79c7a6876d2d2c33767810e9459157633a27f13aa7db0f803a0c5b914d3332f0,,pending,,,,5
img_00011477,images/img_00011477.jpg,02_deepfirearm,deepfirearm,1af815d2dfe7b14f31f9aa9c6aed1dc1658b9586f00dd3f937b6ac9128fbaab2,,pending,,,,5
img_00011478,images/img_00011478.jpg,02_deepfirearm,deepfirearm,33ed2b4cbd5d3c9a5216c4c500f4af1c369a6d9b73da9d55b6b4885e7661e442,,pending,,,,5
img_00011479,images/img_00011479.jpg,02_deepfirearm,deepfirearm,be5246277b101c5a048c4710e490103a17b11bbf36d6ac643ca02b0c0c06a43d,,pending,,,,5
img_00011480,images/img_00011480.jpg,02_deepfirearm,deepfirearm,256e84a21819b0f30aaa52f378c8bad41009dce099335570453bc03ac097a3fe,,pending,,,,5
img_00011481,images/img_00011481.jpg,02_deepfirearm,deepfirearm,117d764465f5877cec73b6790a39eea68ab3072fcee72fc7d2fdedb808c6a1fa,,pending,,,,5
img_00011482,images/img_00011482.jpg,02_deepfirearm,deepfirearm,7dc939df693df28699d082932488978a3e4e60b3319c146eea82ee58d03aa389,,pending,,,,5
img_00011483,images/img_00011483.jpg,02_deepfirearm,deepfirearm,abad27b9726ee5e32ffcb60f457907e1c980604054d03e455d195d6fe5db639e,,pending,,,,5
img_00011484,images/img_00011484.jpg,02_deepfirearm,deepfirearm,fcc4aafb2e9a62f995ba85f93b25c87abdb4f3d80d70efc21beaeddd23e9f5db,,pending,,,,5
img_00011485,images/img_00011485.jpg,02_deepfirearm,deepfirearm,042c6d21323bb23db30f4cf52a87588f543317c1c1072332a7850f4e4b34af7c,,pending,,,,5
img_00011486,images/img_00011486.jpg,02_deepfirearm,deepfirearm,6b6dc46b96f8cd1224888a06b8abd2a672d2700c85685103aa7806c7e57d43bc,,pending,,,,5
img_00011487,images/img_00011487.jpg,02_deepfirearm,deepfirearm,268c9ec8c5957e31b3e902fc0c610248f3e85923cc483f8d051a1cb94ca93cee,,pending,,,,5
img_00011488,images/img_00011488.jpg,02_deepfirearm,deepfirearm,e7dfa5e6e02bceffdb4eec05396b754424a87f24a04a5d17eb46fe141b2826b5,,pending,,,,5
img_00011489,images/img_00011489.jpg,02_deepfirearm,deepfirearm,5c9f1e4156a63e27f93455d957050b03ec3eaf31c8eaee8a02cc1b0b12d03820,,pending,,,,5
img_00011490,images/img_00011490.jpg,02_deepfirearm,deepfirearm,6340085f9dc6049057a149002ab1b3b4e1f7c4332298b010383cba50104d85b0,,pending,,,,5
img_00011491,images/img_00011491.jpg,02_deepfirearm,deepfirearm,076eb397ed6d40764be6753864d28f4c651948362a55430bbaa45ef562b32e9f,,pending,,,,5
img_00011492,images/img_00011492.jpg,02_deepfirearm,deepfirearm,dc5c2d5319527546c7e848c98a621149c0035af015ba5b3b8b131870b8bae8f6,,pending,,,,5
img_00011493,images/img_00011493.jpg,02_deepfirearm,deepfirearm,80afb9216e2e80605c5ab692ba76387fd91c40907145b9cc09913558f4d4d6aa,,pending,,,,5
img_00011494,images/img_00011494.jpg,02_deepfirearm,deepfirearm,9a00dec5de480370b299a1cbf77bd83c752ed20705ae805e14f34eec472b8c76,,pending,,,,5
img_00011495,images/img_00011495.jpg,02_deepfirearm,deepfirearm,0d146fa4d5ccdf73dada21f7392a42024ae1a4b4cf393a2abdad866cb5c78535,,pending,,,,5
img_00011496,images/img_00011496.jpg,02_deepfirearm,deepfirearm,dc17e8ee0b372e5f55d5003377c172951c70080674c612e645f90752d55d863a,,pending,,,,5
img_00011497,images/img_00011497.jpg,02_deepfirearm,deepfirearm,8184e81cd44a6cf791944755d0f4b6917f911e967e5a577b0cce4b50518afd55,,pending,,,,5
img_00011498,images/img_00011498.jpg,02_deepfirearm,deepfirearm,4c94d023d26dd1ab1f17371a8fd80ca33494938bee30bc93e86fb1b59561d67b,,pending,,,,5
img_00011499,images/img_00011499.jpg,02_deepfirearm,deepfirearm,8ed11984995dbac00407a60b30105558882a522f3c9d7625cec9b83ac8b6355d,,pending,,,,5
img_00011500,images/img_00011500.jpg,02_deepfirearm,deepfirearm,3d843e4bef57513dc40f5c099693cf8ea15d3288119ef7bd267f0e8f752fd623,,pending,,,,5
img_00011501,images/img_00011501.jpg,02_deepfirearm,deepfirearm,a8a4182f3e411baade3f2bcb42d093b6387e204f9a6a2c2fadb2c74187ddb3f8,,pending,,,,5
img_00011502,images/img_00011502.jpg,02_deepfirearm,deepfirearm,661f5bcc0b4c1f98cfb0817337e3127d6bddf6c16fca93c9d271f836d67b0f5c,,pending,,,,5
img_00011503,images/img_00011503.jpg,02_deepfirearm,deepfirearm,927db933bec124cfdbf491388235712441bf4b081c1a5b0affbcfe1131969f2a,,pending,,,,5
img_00011504,images/img_00011504.jpg,02_deepfirearm,deepfirearm,81973b81d87806b43d193313a4ff79b68f705d48eb8bea9baeae619b9f09dede,,pending,,,,5
img_00011505,images/img_00011505.jpg,02_deepfirearm,deepfirearm,28ec7b709b8b17f737153d0cc192ff68471f6db5e7c99ef0b3341edf858fd3cd,,pending,,,,5
img_00011506,images/img_00011506.jpg,02_deepfirearm,deepfirearm,890595e0b87a85865bfeaa9fba86bb8ae546efac68eedd2419940038e801c572,,pending,,,,5
img_00011507,images/img_00011507.jpg,02_deepfirearm,deepfirearm,e996534de8a78660da9b0a69f7933aafab4aec93f16f32eaf21403824dc1c07b,,pending,,,,5
img_00011508,images/img_00011508.jpg,02_deepfirearm,deepfirearm,539d9af1074c1741eac533bb04144b4ae2166cf43be95ca81626e72155b2b3c9,,pending,,,,5
img_00011509,images/img_00011509.jpg,02_deepfirearm,deepfirearm,b468c11864364db4b84c0bc81f52c4636799e1e0736b560becc09b18a3d17903,,pending,,,,5
img_00011510,images/img_00011510.jpg,02_deepfirearm,deepfirearm,520e3210351a9dc1af9e8f130ff2ac08d4c41e71db1669c2d1e99aaf55d7ec33,,pending,,,,5
img_00011511,images/img_00011511.jpg,02_deepfirearm,deepfirearm,32fd40a0742c7b6d2654fa3454a121128ae81785bd6068db1f686890a6cfd454,,pending,,,,5
img_00011512,images/img_00011512.jpg,02_deepfirearm,deepfirearm,f8e5ec6274c86659c91b1a8583185b6393674f08c1c5ae11d713e85f8672e06a,,pending,,,,5
img_00011513,images/img_00011513.jpg,02_deepfirearm,deepfirearm,c46e80a4f490c3c28d1a7ae374233e77ef9c20d25923f96b27c33f3a11ca1501,,pending,,,,5
img_00011514,images/img_00011514.jpg,02_deepfirearm,deepfirearm,0205987f86c8f1ef96d5b6bf6f2f5949af6f86c3e75d12ee1c4ed4c4a4a5709a,,pending,,,,5
img_00011515,images/img_00011515.jpg,02_deepfirearm,deepfirearm,d6567828c092e01e63e6933b53a9b25df47e7fd37757ce09dff550c88fb7dc0f,,pending,,,,5
img_00011516,images/img_00011516.jpg,02_deepfirearm,deepfirearm,39204f8c00fa783ddcf681442e1b9d01e8a949b1d6d380ec2b99aa9148df594b,,pending,,,,5
img_00011517,images/img_00011517.jpg,02_deepfirearm,deepfirearm,9f80b76e538bb14046f0b795db4cb0fc74d841de783d6bc3fd89855b4a60bca2,,pending,,,,5
img_00011518,images/img_00011518.jpg,02_deepfirearm,deepfirearm,e3b3ca0840c00529b82bdc311b8ba4064710cf05350a9c98d9533dcbed0d79c3,,pending,,,,5
img_00011519,images/img_00011519.jpg,02_deepfirearm,deepfirearm,ac8ce74db409fc02f71529f282eb89f7ff1d640551aec573ac6efe0713df332a,,pending,,,,5
img_00011520,images/img_00011520.jpg,02_deepfirearm,deepfirearm,67d543c7f0ba2b51fbc49bba1a60ecf37cf3f6dec068685217e2814b67aca3e4,,pending,,,,5
img_00011521,images/img_00011521.jpg,02_deepfirearm,deepfirearm,352ff7bff206d89aabba83597cef7f6f313a83133e6f37bb5ea4bc183093d3e2,,pending,,,,5
img_00011522,images/img_00011522.jpg,02_deepfirearm,deepfirearm,e51ecd293383e6408b9d7743bc93d3c2b7c62eadd872d59168d795f3f985a122,,pending,,,,5
img_00011523,images/img_00011523.jpg,02_deepfirearm,deepfirearm,56302e259675cef2151b9bba4dcc4798450e3f1b1b55d1148690ed0a6776e00c,,pending,,,,5
img_00011524,images/img_00011524.jpg,02_deepfirearm,deepfirearm,84d8b265a62526881cf64eabe2ce4281689f492f7280bb8fdba7a0ebe9977bf4,,pending,,,,5
img_00011525,images/img_00011525.jpg,02_deepfirearm,deepfirearm,a1021ab17da68c1237a7d29fab3d0d4169d3fde51db1e34b7e2865c3e391ac0b,,pending,,,,5
img_00011526,images/img_00011526.jpg,02_deepfirearm,deepfirearm,9cb63a96db6e3cc888f03ff1d740da07903b13443cbe9fe6d54c8589590c45e0,,pending,,,,5
img_00011527,images/img_00011527.jpg,02_deepfirearm,deepfirearm,49604e8537657e51376c970d2c8bc9b6ee0139ee504440c7674aeba500856c39,,pending,,,,5
img_00011528,images/img_00011528.jpg,02_deepfirearm,deepfirearm,6f7e5776614f3690c586ab300f7edd435ef9204ab9eca48f2374ce6a14ed288d,,pending,,,,5
img_00011529,images/img_00011529.jpg,02_deepfirearm,deepfirearm,6c6c9bcb476ade1bfb40f9222ed640b82e13b3eeaf7bfc381fa391c478c913d0,,pending,,,,5
img_00011530,images/img_00011530.jpg,02_deepfirearm,deepfirearm,1cb258d142665e6a853b530ca6375966574f01a02898cf9995b47b976749773a,,pending,,,,5
img_00011531,images/img_00011531.jpg,02_deepfirearm,deepfirearm,13e2bd2fcf1e33bd268a2bc06883075fdd40052aa5eac718f3fbb10013b0a812,,pending,,,,5
img_00011532,images/img_00011532.jpg,02_deepfirearm,deepfirearm,d4cb81e056495ce1d8dd66a5e3e518989c0215909c81eb2db34e0cdafffa755e,,pending,,,,5
img_00011533,images/img_00011533.jpg,02_deepfirearm,deepfirearm,5693934fea86dc181bc4713def3361084481990760d33638845a7ce9635b25fc,,pending,,,,5
img_00011534,images/img_00011534.jpg,02_deepfirearm,deepfirearm,39ebb205cd830bcd27376c5248ebfea3bcb4eb369694ac8475d00708292e936c,,pending,,,,5
img_00011535,images/img_00011535.jpg,02_deepfirearm,deepfirearm,58cc9a4a1dc661cd36928946e87f0abc13bca72bb86984765281c693165f0331,,pending,,,,5
img_00011536,images/img_00011536.jpg,02_deepfirearm,deepfirearm,f75037d0411db603888303151273df50d0648e581cf507360f251052bba48b2d,,pending,,,,5
img_00011537,images/img_00011537.jpg,02_deepfirearm,deepfirearm,119d2a9884becae2c85bc220bd9d352385d44f9d807131bae18ddac25fda8d1d,,pending,,,,5
img_00011538,images/img_00011538.jpg,02_deepfirearm,deepfirearm,48227fada7aa38c17ff594e90d8ed032cc2bca370e6d00ac797d297c5f9b5c13,,pending,,,,5
img_00011539,images/img_00011539.jpg,02_deepfirearm,deepfirearm,63d7ffe2b74a07b831a623da091108ad1f03b2af24736327f1d195c108423194,,pending,,,,5
img_00011540,images/img_00011540.jpg,02_deepfirearm,deepfirearm,e8c7a80ac045625814afc93861f8cfa2fdff6201e4ff3bdd9643be39dce45308,,pending,,,,5
img_00011541,images/img_00011541.jpg,02_deepfirearm,deepfirearm,e4b9b901652e5c4fa301678fcfa800e5ea60d6d0c22651f5bc31b9d6e0ba086d,,pending,,,,5
img_00011542,images/img_00011542.jpg,02_deepfirearm,deepfirearm,c1336479a38156905254e74af154a23b109f9b1b09ad480f3d9e33b547377b38,,pending,,,,5
img_00011543,images/img_00011543.jpg,02_deepfirearm,deepfirearm,432108c1040fef5f9062ea7022d042d967537a81b833ef17b8532ccb927bd734,,pending,,,,5
img_00011544,images/img_00011544.jpg,02_deepfirearm,deepfirearm,181e02f0cff887d46b9727851a61d6eeacdbd0b390eeb43e3ee81967280eb891,,pending,,,,5
img_00011545,images/img_00011545.jpg,02_deepfirearm,deepfirearm,9f6da12c8d0ca7e2192fef9c3d2afa60d4401fb7c8f33bb52c88a8aca75e2c83,,pending,,,,5
img_00011546,images/img_00011546.jpg,02_deepfirearm,deepfirearm,d80eb4ecbf3bfb1a9bb73c1889afee485a9a59c9f12b0a1fdf8a479dd2efc733,,pending,,,,5
img_00011547,images/img_00011547.jpg,02_deepfirearm,deepfirearm,e051f2c1b9ac30e9b4a8e96bd4d8e04bb8c120180df50e470f3a91ac5e9327a5,,pending,,,,5
img_00011548,images/img_00011548.jpg,02_deepfirearm,deepfirearm,e599e5fd371fbd59516c44ac715073f3b2ef1b3a9fb5c1d6b36c699a4875583d,,pending,,,,5
img_00011549,images/img_00011549.jpg,02_deepfirearm,deepfirearm,0b3f33fa96780285888ef8d3996a7a1c9a22fb25efdf70002877df3ae4f2bb0a,,pending,,,,5
img_00011550,images/img_00011550.jpg,02_deepfirearm,deepfirearm,498e4e125b575f440dc1c47c4d7e0375956d2ea3a87a5d86f1a646264daca979,,pending,,,,5
img_00011551,images/img_00011551.jpg,02_deepfirearm,deepfirearm,0c5d7fab3fdb403c53556221cff8e4feb91239592f11f22bdeca819f61e23aa5,weapon,reviewed,,Lello,2026-04-22T09:24:21+00:00,5
img_00011552,images/img_00011552.jpg,02_deepfirearm,deepfirearm,ecfb41f5ac8bb39e550d6c96719f1563c977386e373d3f478f3ab56d244c0800,,pending,,,,5
img_00011553,images/img_00011553.jpg,02_deepfirearm,deepfirearm,c25ce78eee975c4f976b254c8089930109ab94d509723c334c6e52d839969c72,weapon,reviewed,,Lello,2026-04-22T09:24:23+00:00,5
img_00011554,images/img_00011554.jpg,02_deepfirearm,deepfirearm,3d154d15c0f99f91533c93b46d24b208384bbb4110ede09e865c457eefba2a3e,,pending,,,,5
img_00011555,images/img_00011555.jpg,02_deepfirearm,deepfirearm,54d7e4296a3dcf4c6f3dfcdb0ec113e87368a7572ce9646e8c612167f02eb0ea,,pending,,,,5
img_00011556,images/img_00011556.jpg,02_deepfirearm,deepfirearm,fe2212d2878c8ae54b9d4bdbbe2840189ec11b70c6eba7d8014ce94eefce0b2b,,pending,,,,5
img_00011557,images/img_00011557.jpg,02_deepfirearm,deepfirearm,38d00ba41327b9cbad7eadbedd8e0be775f02b2817079276657957ba9b9e0802,weapon,reviewed,,Lello,2026-04-22T09:24:22+00:00,5
img_00011558,images/img_00011558.jpg,02_deepfirearm,deepfirearm,00ae653485bc0466087c835ae8dc67ddf753b0f4ccc32d9295935f43efafa7b9,,pending,,,,5
img_00011559,images/img_00011559.jpg,02_deepfirearm,deepfirearm,3b6cf98e9b20cdd0a9ec604170d34b3b0be2a63a6b706c5e7ba48cbab4c6d700,,pending,,,,5
img_00011560,images/img_00011560.jpg,02_deepfirearm,deepfirearm,690aea0757aa47f6c4816affe655f91293ffbd33f01f3d72fda58b031138d564,,pending,,,,5
img_00011561,images/img_00011561.jpg,02_deepfirearm,deepfirearm,a2415afa2da2aa22091c03a7ffabdfe38cd92715de730263e53c21218493c9f3,,pending,,,,5
img_00011562,images/img_00011562.jpg,02_deepfirearm,deepfirearm,fbe1d87ea07cd5dc64daa9d95832af37ba18c7ddb944b0ba8b3c29ad9896245f,,pending,,,,5
img_00011563,images/img_00011563.jpg,02_deepfirearm,deepfirearm,438ea6ac97d6dd39c4294332e4b67aafd4a46c9d6c4ae5126f4f64485e1b7f90,,pending,,,,5
img_00011564,images/img_00011564.jpg,02_deepfirearm,deepfirearm,b13b3b7a575b84ab15fc4cf92eece23d80ff279658d5f328bc7c5ac637b9026a,,pending,,,,5
img_00011565,images/img_00011565.jpg,02_deepfirearm,deepfirearm,2dad327a378af87b85b90980bae8ce98b5261c47dc93f3d7a253555a457756fe,,pending,,,,5
img_00011566,images/img_00011566.jpg,02_deepfirearm,deepfirearm,d926abb3b6277c149cba1a5f4dd9352608ce13ba5ac22330d7a69d0c1a55d99b,,pending,,,,5
img_00011567,images/img_00011567.jpg,02_deepfirearm,deepfirearm,138a76f8e5d4b397281ff4edbe179912810b762dffc61d9bba5fac46d64b2416,,pending,,,,5
img_00011568,images/img_00011568.jpg,02_deepfirearm,deepfirearm,48b3cf1b4aecc82a255b14d75f037d1f3fc8714553f8b902f8f61814df6359bc,,pending,,,,5
img_00011569,images/img_00011569.jpg,02_deepfirearm,deepfirearm,b85ae56c7e9f64265fc0a01d96b4db936abeb1f57d1ad998b1fb1d540a9f5c93,,pending,,,,5
img_00011570,images/img_00011570.jpg,02_deepfirearm,deepfirearm,1c8d534808b7b0dbb5006d3d2d9b23c8bc5e9f85c562423bc3414b46e3eefc1a,,pending,,,,5
img_00011571,images/img_00011571.jpg,02_deepfirearm,deepfirearm,9170e8f1f9c32c6a01f6793796cff238f76acf700aee3faffced97eb22d7b69d,,pending,,,,5
img_00011572,images/img_00011572.jpg,02_deepfirearm,deepfirearm,80a8125b07048f7dddcf080a23ae7abdfe538fc2f2dabe7ac9dab1fb91e99a92,,pending,,,,5
img_00011573,images/img_00011573.jpg,02_deepfirearm,deepfirearm,d40c3d4c3cdd3cf8f5cf31005bd86b60271c56ea66aa06617096114fb702d500,,pending,,,,5
img_00011574,images/img_00011574.jpg,02_deepfirearm,deepfirearm,1dc44b9523065a238d0fafbf9667b5276bce7d5cc0efbc5f80d919c162773843,,pending,,,,5
img_00011575,images/img_00011575.jpg,02_deepfirearm,deepfirearm,a100ff2e1ee12844ffb5e389a61df4e2efa96359e2b9591765d3f5f3f9295116,,pending,,,,5
img_00011576,images/img_00011576.jpg,02_deepfirearm,deepfirearm,327c9083f15f14390bbbdf28f77ffd11de4c5e3eedb6035b37a9c1f7c824c23d,,pending,,,,5
img_00011577,images/img_00011577.jpg,02_deepfirearm,deepfirearm,0a75ecdcb5d05368ef36c27a7f48029b59b5797f2a87b483eb777f0cafd41bed,,pending,,,,5
img_00011578,images/img_00011578.jpg,02_deepfirearm,deepfirearm,07d96f82612100bccda2bedad5bc07bb49d1e7ecf97c47eb702044f719f041de,,pending,,,,5
img_00011579,images/img_00011579.jpg,02_deepfirearm,deepfirearm,8baf098bb1452564af032acad3b8596701e9e58175587f7734d8144c7435a833,,pending,,,,5
img_00011580,images/img_00011580.jpg,02_deepfirearm,deepfirearm,5f283c60fbb54080c2d456550aec939120270964099c1ba8b7293c15e162fb7c,,pending,,,,5
img_00011581,images/img_00011581.jpg,02_deepfirearm,deepfirearm,e63aa7ba6989627ca131e9b504dc93bd60edeeca1fee3d2d4fc2e2d3ab8486d2,,pending,,,,5
img_00011582,images/img_00011582.jpg,02_deepfirearm,deepfirearm,a5e92511bb3817b104a97eeb457eafbdbb3b58371286ba92efd6a2e85c70918a,,pending,,,,5
img_00011583,images/img_00011583.jpg,02_deepfirearm,deepfirearm,97c80e3b62e505015cb64a8d246ec8372efb73b89f47d523f37cf4eef6b5566a,,pending,,,,5
img_00011584,images/img_00011584.jpg,02_deepfirearm,deepfirearm,95f662cbd6f3bba68801658034c4114a495b9753e61c085e1263ea84d4267ba4,,pending,,,,5
img_00011585,images/img_00011585.jpg,02_deepfirearm,deepfirearm,0c64851a99f7134bd2b606003f5e87767cbb823781e5614f2b9ee0047af7994d,,pending,,,,5
img_00011586,images/img_00011586.jpg,02_deepfirearm,deepfirearm,d949cdcbcf81b435f43012b107c9bbf7a187ab1cdd7d4a203fa8b7232cf883be,,pending,,,,5
img_00011587,images/img_00011587.jpg,02_deepfirearm,deepfirearm,03c82723073b3fd93052355bdc86bbded08c2ae58419e32a97d8800a76f78574,,pending,,,,5
img_00011588,images/img_00011588.jpg,02_deepfirearm,deepfirearm,ef52e0d2a11a9fcd76fdeb6bc4a1cd0b9a02e95a3db5fb2b54a644f10b5cac92,,pending,,,,5
img_00011589,images/img_00011589.jpg,02_deepfirearm,deepfirearm,712eb1fd3b5a7433150ae4da088a3a90bd6b6b029b40376087d18a1db1aca586,,pending,,,,5
img_00011590,images/img_00011590.jpg,02_deepfirearm,deepfirearm,b16938d743b577d2cb0448d0219e1a0a28d01dd0ed137a52cb3504af05825316,,pending,,,,5
img_00011591,images/img_00011591.jpg,02_deepfirearm,deepfirearm,3ef784cc1d61fb39d200ea67957b0218a94ede86f4708cf70714171a886459d5,,pending,,,,5
img_00011592,images/img_00011592.jpg,02_deepfirearm,deepfirearm,891ac3bb776edb4e2e3b819b38e9ddb2ed179a6878d82bf68f090f0339ca2e8d,,pending,,,,5
img_00011593,images/img_00011593.jpg,02_deepfirearm,deepfirearm,514823d511740c0a4ffd178fb0aaf3134e3f9a5d77f5bab6e9b3633b4427d835,,pending,,,,5
img_00011594,images/img_00011594.jpg,02_deepfirearm,deepfirearm,e1a6d1f2ede81dbb80871b68881b50bee6eb8e94adffb869d7166f6b48676354,,pending,,,,5
img_00011595,images/img_00011595.jpg,02_deepfirearm,deepfirearm,505ba61f7daf1cfad20953b17cd2b97b067299b1741e66a60dc1fd5d9399a7ec,,pending,,,,5
img_00011596,images/img_00011596.jpg,02_deepfirearm,deepfirearm,e0b9034c4574e5bd50984a3220515dc7a3c1fc574cb3760fcfaec8534b8c75eb,,pending,,,,5
img_00011597,images/img_00011597.jpg,02_deepfirearm,deepfirearm,f31fb5cabdd7ef3bf6788cc63bd266503db2fdbcf2509209292e78e47300fd94,,pending,,,,5
img_00011598,images/img_00011598.jpg,02_deepfirearm,deepfirearm,fcf2c9ca97ba802f53f3265810269d291fe6a1f25d62c9625a37702cdf3b8191,,pending,,,,5
img_00011599,images/img_00011599.jpg,02_deepfirearm,deepfirearm,2a5bc7afd608fb74e1b2db3bbb8f496d5dc6172643d703ed8d922d2a5e65d529,,pending,,,,5
img_00011600,images/img_00011600.jpg,02_deepfirearm,deepfirearm,161c07a6178175130d80a720740d1ec6aca54f50d7be8f6490a7ea8d98f4b91f,,pending,,,,5
img_00011601,images/img_00011601.jpg,02_deepfirearm,deepfirearm,04e4c1ceb7d64ef3a15231551139df80b7e276342f84dd603ad44085561b808e,,pending,,,,5
img_00011602,images/img_00011602.jpg,02_deepfirearm,deepfirearm,65c71d19c5a6a92290937a7c844c20d4c0ffa4e2625703c3c3e3b4f1e6d63859,,pending,,,,5
img_00011603,images/img_00011603.jpg,02_deepfirearm,deepfirearm,20b106a29441e327757f972240effcc05053f47dcddd0fe83fdab42ce4d70760,,pending,,,,5
img_00011604,images/img_00011604.jpg,02_deepfirearm,deepfirearm,efaebd1a53ae10cdc48ce80ee1e8876fc6743fcf2f3ffcbcca044a80c3340ed4,,pending,,,,5
img_00011605,images/img_00011605.jpg,02_deepfirearm,deepfirearm,31635feacbbf12e31b6da322f0d11a5b9b578367569e8be3b42038673946f465,,pending,,,,5
img_00011606,images/img_00011606.jpg,02_deepfirearm,deepfirearm,c5f63c986eb3ddacd5555d9665816199ad40c10c72c689ac5d46c82f8650d4ef,,pending,,,,5
img_00011607,images/img_00011607.jpg,02_deepfirearm,deepfirearm,7084364ab581a7c856947eaf76477ca5718a0cfbdfdfd92a8041b67a29207c0b,,pending,,,,5
img_00011608,images/img_00011608.jpg,02_deepfirearm,deepfirearm,4f82ce44b76b4160c16594cd500345e86f20c4bb6e1cdbd33e9d097c51a65fec,,pending,,,,5
img_00011609,images/img_00011609.jpg,02_deepfirearm,deepfirearm,9f5512ad8f68317c3f7e5cc2130bea2a179d98f459b98de92d2a02026706c913,,pending,,,,5
img_00011610,images/img_00011610.jpg,02_deepfirearm,deepfirearm,7475fdbb6d013018356efd5a0e368ab94225379e84f7f910376480e4ab1ac420,,pending,,,,5
img_00011611,images/img_00011611.jpg,02_deepfirearm,deepfirearm,8cb50620efafd10978c7f7e36c188ca608da4b281c84ab5131bb6c9d108811b7,,pending,,,,5
img_00011612,images/img_00011612.jpg,02_deepfirearm,deepfirearm,c8e37a42323fbac48b9bbf32668cf6ccf47217b3ac2681bb56e3cad8a13d1d0d,,pending,,,,5
img_00011613,images/img_00011613.jpg,02_deepfirearm,deepfirearm,b39e7ff25e6563627275a62cfacb70b9360a4a1dd210344288dfb69f740f2f40,,pending,,,,5
img_00011614,images/img_00011614.jpg,02_deepfirearm,deepfirearm,d01f42099405c416b259eb8c9aafcfa2d6404fc64d07ac1f90fa4b04ebf7651b,,pending,,,,5
img_00011615,images/img_00011615.jpg,02_deepfirearm,deepfirearm,e664d9d2faa223fbfe1ce2d0d47af4b6c17bfd3fae5de33da28afb6e5b61fccf,,pending,,,,5
img_00011616,images/img_00011616.jpg,02_deepfirearm,deepfirearm,a3bd74d9e560c030d59370677a76fa6ad4d3f0ee3804c1f3618a56b50b152bc7,,pending,,,,5
img_00011617,images/img_00011617.jpg,02_deepfirearm,deepfirearm,b3bdeae990a035e1089b6fef8ed2cd76634de2a4ffa03245d2be0686c5ba05a9,,pending,,,,5
img_00011618,images/img_00011618.jpg,02_deepfirearm,deepfirearm,d1f04dbd6989c1556112607f8f52016685bb6957b2866357c96549a63b4b4a4c,,pending,,,,5
img_00011619,images/img_00011619.jpg,02_deepfirearm,deepfirearm,45a1e3c5a4ad95bee661ad6ba8d088ed42cf16c940f42b3e6464123c3e9c9226,,pending,,,,5
img_00011620,images/img_00011620.jpg,02_deepfirearm,deepfirearm,9e95536468d020279a16fa5a8873aae74bad29f20baaa9dd55c7087b20409d6b,,pending,,,,5
img_00011621,images/img_00011621.jpg,02_deepfirearm,deepfirearm,29cea9ca919465ab6a0f5a112c49d24b0b3ce28826fdbda1c1d2a9858bf407d0,,pending,,,,5
img_00011622,images/img_00011622.jpg,02_deepfirearm,deepfirearm,c5304e384f1d05a0990c1bf0e4cbd813e255d1c5d13cff085245b934cdf4c626,,pending,,,,5
img_00011623,images/img_00011623.jpg,02_deepfirearm,deepfirearm,552e858977e2b30401f3a48bf1c3fa8e9088875177d59d1da5169a0d4462ee66,,pending,,,,5
img_00011624,images/img_00011624.jpg,02_deepfirearm,deepfirearm,691d684daac752463a87cb5e85d7c0129bc9366f6aa1d4216aab8245bf52c811,,pending,,,,5
img_00011625,images/img_00011625.jpg,02_deepfirearm,deepfirearm,3a909682f93b23f608b80438e1547c94cea9ac498e25b7f29c697720ad36af31,,pending,,,,5
img_00011626,images/img_00011626.jpg,02_deepfirearm,deepfirearm,332aa52e3b95799a656262f2c2559a3f04470fe8a2641e8acb3fbf7e04601e86,,pending,,,,5
img_00011627,images/img_00011627.jpg,02_deepfirearm,deepfirearm,e6a822ec8c2cca1690eee2e0744a06e62ed9378c1e75e7632424da50c8c9983e,,pending,,,,5
img_00011628,images/img_00011628.jpg,02_deepfirearm,deepfirearm,2374c9df744eac6b5bf8fe9a9c1b260edd02ea5100df3aa667c7d8bbf64462f6,,pending,,,,5
img_00011629,images/img_00011629.jpg,02_deepfirearm,deepfirearm,2403433ce3834f535b50a3c4d21f9653ad937cbcea9b8beb1284643b721f964d,,pending,,,,5
img_00011630,images/img_00011630.jpg,02_deepfirearm,deepfirearm,05825258753e7c9e4ce78b62cda54d5c6686383569c44c00cd12dc9d4b3c3a0f,,pending,,,,5
img_00011631,images/img_00011631.jpg,02_deepfirearm,deepfirearm,281ddb98b5be8633b8aed4d421ab44a15bfa2ef489319c4908d84968db6ded47,,pending,,,,5
img_00011632,images/img_00011632.jpg,02_deepfirearm,deepfirearm,453023ca89a5b17a629820766611b0a32db12fd404a146bc81d0fe13adc6b272,,pending,,,,5
img_00011633,images/img_00011633.jpg,02_deepfirearm,deepfirearm,911323777706b944769418f5e5d69bd47c28d90338ee659eec0955f7def6a21d,,pending,,,,5
img_00011634,images/img_00011634.jpg,02_deepfirearm,deepfirearm,df7037e7f2343025dc41dc746a94060389dbae066b862d728248be04d3f78fef,,pending,,,,5
img_00011635,images/img_00011635.jpg,02_deepfirearm,deepfirearm,c28f28227d7ae1b512b974c2abec5ada6617643e97705b5b2754bbf04efe7537,,pending,,,,5
img_00011636,images/img_00011636.jpg,02_deepfirearm,deepfirearm,8cea5867e943da54c6b8f4325e734ff5bf0c4d3c163171aa6223357b3ac79ecd,,pending,,,,5
img_00011637,images/img_00011637.jpg,02_deepfirearm,deepfirearm,90d5891b9a0652d339eb1df8d93b5240b8d7fee598dc10690d9b091f04d233d0,,pending,,,,5
img_00011638,images/img_00011638.jpg,02_deepfirearm,deepfirearm,da7608767f5910b068c6ea3aceddd3b8ae207706c12f546ea119de325232d3cf,,pending,,,,5
img_00011639,images/img_00011639.jpg,02_deepfirearm,deepfirearm,2ccf139ec953987193a8a94d4339a334fc64160222e355f4ff0cfbe9aee136e9,,pending,,,,5
img_00011640,images/img_00011640.jpg,02_deepfirearm,deepfirearm,e9e59f5e86c5103ca5bc86f1934bd6fb1278cfe16992b02572a78871c3017009,,pending,,,,5
img_00011641,images/img_00011641.jpg,02_deepfirearm,deepfirearm,1d6c8ad144b0c7b769c3afff2905384140c7dd4aaa81835deeedf45ea3d1653e,,pending,,,,5
img_00011642,images/img_00011642.jpg,02_deepfirearm,deepfirearm,ac75205b80d73d337f550490507e1424db73c1dcde6e63e0063f592cb1ffa403,,pending,,,,5
img_00011643,images/img_00011643.jpg,02_deepfirearm,deepfirearm,96074c02b4f00015740ed7f14bc4a36c4b704441b9ccd46f7bc43ff5e6a1f1ec,,pending,,,,5
img_00011644,images/img_00011644.jpg,02_deepfirearm,deepfirearm,99bf5a82dbd9f693eaba6d8fbca292ad63bf8630850a1e81a620c6dc013f812d,,pending,,,,5
img_00011645,images/img_00011645.jpg,02_deepfirearm,deepfirearm,046768368e559af51886c4e08c6572f37fbc5df9bb1d5dd46cfec326d5f31731,,pending,,,,5
img_00011646,images/img_00011646.jpg,02_deepfirearm,deepfirearm,a9e6d6876a2f99e354efc986534d178b0eb202c2ae6ae0708021faa852ca2bbc,,pending,,,,5
img_00011647,images/img_00011647.jpg,02_deepfirearm,deepfirearm,472cdd98b73ebc1473b14a84cea7bab7b489fcbe4c8e379f6043a2b64f077b67,,pending,,,,5
img_00011648,images/img_00011648.jpg,02_deepfirearm,deepfirearm,e6094e402a9967185862ee5b4752bf48b2a17297b0686c2bf1c3fe490d103c5f,,pending,,,,5
img_00011649,images/img_00011649.jpg,02_deepfirearm,deepfirearm,dc537a7ecaac8a4ef69a56f93498d6422dca7d61eab2ed0ed0717d460850d96c,,pending,,,,5
img_00011650,images/img_00011650.jpg,02_deepfirearm,deepfirearm,d6727ea13c0fac36158f1067dc77c887250a7093d7a4fd2d3b3a1146755f204f,,pending,,,,5
img_00011651,images/img_00011651.jpg,02_deepfirearm,deepfirearm,b7b961854ecbdde9b445635d5967b993a5396c11d87888a2e5af649467445c97,,pending,,,,5
img_00011652,images/img_00011652.jpg,02_deepfirearm,deepfirearm,ac05e8dc38de093ccb18b201d95db019100bfa343c1060a4cd39df5f6a82a7af,,pending,,,,5
img_00011653,images/img_00011653.jpg,02_deepfirearm,deepfirearm,76cb0c315577886625aaa8b5f83e816091c5c0ae0a0873f3a464cd9ab3432be0,,pending,,,,5
img_00011654,images/img_00011654.jpg,02_deepfirearm,deepfirearm,ff495ab2a9bf2c3833a97e1cffb881ae93baa2e28ae07fbae52dcad66112936f,,pending,,,,5
img_00011655,images/img_00011655.jpg,02_deepfirearm,deepfirearm,42d16b927f1ad8775d28c6ac37e49bb266fbe0c96be03bbf292fe5da1cb48337,,pending,,,,5
img_00011656,images/img_00011656.jpg,02_deepfirearm,deepfirearm,5f77dea2da9a11e63d89f1503ada3e9f64a849a7d271391ec90ea0e0661c4532,,pending,,,,5
img_00011657,images/img_00011657.jpg,02_deepfirearm,deepfirearm,5a7be53758ad9a4f8a0eeeee9244faa53175984f100c6e3534ea93d1de67bb44,,pending,,,,5
img_00011658,images/img_00011658.jpg,02_deepfirearm,deepfirearm,0e7d5acef0b79b5f49b8daf27771ea08d708bc897c47035c62948c498d7c15cb,,pending,,,,5
img_00011659,images/img_00011659.jpg,02_deepfirearm,deepfirearm,cc8b5c6d97d163706bd006909a0ae5df018bd66b870bb2def91797321be097af,,pending,,,,5
img_00011660,images/img_00011660.jpg,02_deepfirearm,deepfirearm,44d9f85f6f30e39bbaea39cdc0c10d926d13db5379bc98038314fca1bf222501,,pending,,,,5
img_00011661,images/img_00011661.jpg,02_deepfirearm,deepfirearm,5292329e5cb609af5f3e032069d315edfe4336683e64b9bca0a746c5790d0d05,,pending,,,,5
img_00011662,images/img_00011662.jpg,02_deepfirearm,deepfirearm,21c66980fa308b2cb87b0d74947d3f0acbb51604fe37d457dff10bb05a5c319b,,pending,,,,5
img_00011663,images/img_00011663.jpg,02_deepfirearm,deepfirearm,b0ba90f24a29f2b1adc5294290ab084f6df3eaf4b6b10095b459f280227921c4,,pending,,,,5
img_00011664,images/img_00011664.jpg,02_deepfirearm,deepfirearm,bf8aae8aff5f3ef817b3d5a2d1ff00ec4708025d67ae58fa7c59c13825b9877a,,pending,,,,5
img_00011665,images/img_00011665.jpg,02_deepfirearm,deepfirearm,bfaa0add5ded962e230a5128da70dade6f093eed769ee40c78316661031838bb,,pending,,,,5
img_00011666,images/img_00011666.jpg,02_deepfirearm,deepfirearm,70f52e747fa985f6ae0b95b67aa849b7a6a240bcd47dc36958cd6b40e30c284c,,pending,,,,5
img_00011667,images/img_00011667.jpg,02_deepfirearm,deepfirearm,7846a73950fde999f1b7ab9961eb586da233b9bb19d6b0646bb463e476ab8368,,pending,,,,5
img_00011668,images/img_00011668.jpg,02_deepfirearm,deepfirearm,c2ce08c0afeed8acb9844b5a912ac8c125393847ac5d536a7417f53ccaeb03ce,,pending,,,,5
img_00011669,images/img_00011669.jpg,02_deepfirearm,deepfirearm,dbff6d80997a4c22b6feb5c55705f87897c5225717dc8a5a3ff0856046020861,,pending,,,,5
img_00011670,images/img_00011670.jpg,02_deepfirearm,deepfirearm,eda619972581fe1303a29ad808739d2fd266e4f31a3263e29616c134b21f79c8,,pending,,,,5
img_00011671,images/img_00011671.jpg,02_deepfirearm,deepfirearm,9268d3af0ae2555f7d887c962f2c6c1f1bc8dd497facbc93c96e4d04a4ea8e95,,pending,,,,5
img_00011672,images/img_00011672.jpg,02_deepfirearm,deepfirearm,d2178948206bf35073a3f3efd13e1be7b2c1086be049f8ed3702527e9e1a37ca,,pending,,,,5
img_00011673,images/img_00011673.jpg,02_deepfirearm,deepfirearm,c52345214d17ce005b6b93e005d7bc96f2b3bf2d4a7947257febfc482d35e994,,pending,,,,5
img_00011674,images/img_00011674.jpg,02_deepfirearm,deepfirearm,a66fec846b2402087decba8483e570400b59d1749a1b994e89f6317571f3f037,,pending,,,,5
img_00011675,images/img_00011675.jpg,02_deepfirearm,deepfirearm,8e97e34263a6936d7c132d51d0b60043c7bf8267de73ec6123ea40cd0a65ae81,,pending,,,,5
img_00011676,images/img_00011676.jpg,02_deepfirearm,deepfirearm,4d6feaf6525d3e7821d6735eba0d8307b94e993473055fc9067f419735a56c33,,pending,,,,5
img_00011677,images/img_00011677.jpg,02_deepfirearm,deepfirearm,8b579b9d44f065c3bb42def63ec7f05c3d454affd8673110e4115eb2babb4845,,pending,,,,5
img_00011678,images/img_00011678.jpg,02_deepfirearm,deepfirearm,d58c0ad369da064283e0ae4534679bd8fb4f287339754d772551e2a83ff65f19,,pending,,,,5
img_00011679,images/img_00011679.jpg,02_deepfirearm,deepfirearm,d6940d59eb7feffad09cc10499526e834fbd1c27afc4fb9c774a59d9010ffd5f,,pending,,,,5
img_00011680,images/img_00011680.jpg,02_deepfirearm,deepfirearm,593059e3f9db46a4bba5730df7967f8c50bcef4538d6610ca8f49db6a541f73f,,pending,,,,5
img_00011681,images/img_00011681.jpg,02_deepfirearm,deepfirearm,8b5cc38a3f51e182a8ae0a916a3057855737acc2647bdd13df5a1a8764eb4ee8,,pending,,,,5
img_00011682,images/img_00011682.jpg,02_deepfirearm,deepfirearm,fe19a4ce392524e8fc6d347c7e23916ebb136f321efca4b837bf05f3a5aa543e,,pending,,,,5
img_00011683,images/img_00011683.jpg,02_deepfirearm,deepfirearm,56a70d7211786c40f35e8318c0e5b8bd44e43a28e1b0cca8e21669e0216385fe,,pending,,,,5
img_00011684,images/img_00011684.jpg,02_deepfirearm,deepfirearm,c854be60de53ba870a91e3f3e40e0b0a53c3cdaa5a23949342f400ae275bfcba,,pending,,,,5
img_00011685,images/img_00011685.jpg,02_deepfirearm,deepfirearm,3d96d4ff19537568680bfb118898677456f3d714e0fe67a4d482ea22f848727e,,pending,,,,5
img_00011686,images/img_00011686.jpg,02_deepfirearm,deepfirearm,7b338fe31acc19ae6efd0583ceab820a449e583758a1e176a62fcfe7852983c3,,pending,,,,5
img_00011687,images/img_00011687.jpg,02_deepfirearm,deepfirearm,d2947f7451f5d06670d09dd1d253cb11b95e107540ba8bc5425ed6a3429485a6,,pending,,,,5
img_00011688,images/img_00011688.jpg,02_deepfirearm,deepfirearm,801a5d7de32bcd7a926f8aa5eb2112081aa49169a0909b723e06cec43982824a,,pending,,,,5
img_00011689,images/img_00011689.jpg,02_deepfirearm,deepfirearm,1c98c98b01bad2076e4aa4ac8f8a54d96fc9ce078702cea5dcf024d591a462bf,,pending,,,,5
img_00011690,images/img_00011690.jpg,02_deepfirearm,deepfirearm,b6b86740dae7f21b718ef3922144bfef83e9d0884a1e8f3c93b9916fc7c82045,,pending,,,,5
img_00011691,images/img_00011691.jpg,02_deepfirearm,deepfirearm,0c1d82b4c91643209552624dc6d8a533bfe2e6db71fe063ca368e13783a605be,,pending,,,,5
img_00011692,images/img_00011692.jpg,02_deepfirearm,deepfirearm,15f2d6091c161022cf578c481ae385ddb579ae8f380245ddf96a7e03456366b6,,pending,,,,5
img_00011693,images/img_00011693.jpg,02_deepfirearm,deepfirearm,b742321b26d3ee6d83a7f76430dee7b9b23b5b0102b5f7caed2afbd5772434cb,,pending,,,,5
img_00011694,images/img_00011694.jpg,02_deepfirearm,deepfirearm,ffb3e48a73230380c7affe08559e522e7fa91052b7dda666062a1faa3d064dfb,,pending,,,,5
img_00011695,images/img_00011695.jpg,02_deepfirearm,deepfirearm,b68761ab6114edae813d719e43ac2dd8f69aa6f920e87eecf04d7acc2f1ed8ee,,pending,,,,5
img_00011696,images/img_00011696.jpg,02_deepfirearm,deepfirearm,45249e7ca157247f8b8bf36ca792a4b018e27d0c8a257e6969bf804536f46d64,,pending,,,,5
img_00011697,images/img_00011697.jpg,02_deepfirearm,deepfirearm,6ab7f4539f9e1a60c455a5c71f569f6401c2b386a1fe439a27629f1c012bed77,,pending,,,,5
img_00011698,images/img_00011698.jpg,02_deepfirearm,deepfirearm,f2982c4159dcc870bc50e647e6a6eac0615a9c1ed9be8cad754dd9bd3cce8373,,pending,,,,5
img_00011699,images/img_00011699.jpg,02_deepfirearm,deepfirearm,a7ca4cc29a7652f69154e3be3ba1d97a0ffd49988b2a3eab5b149e29d6f59389,,pending,,,,5
img_00011700,images/img_00011700.jpg,02_deepfirearm,deepfirearm,902bbe9263cde6a078dc46a3c4bfce51a16187b05e380c0ba0ec904c6e0d863a,,pending,,,,5
img_00011701,images/img_00011701.jpg,02_deepfirearm,deepfirearm,a4c11b59ee129b76487ffea528160f7ff9e4949461fa220cbb8dff78d0347d7d,,pending,,,,5
img_00011702,images/img_00011702.jpg,02_deepfirearm,deepfirearm,cc64898077ec7519e1e7ccb30c9d8a102b8a0c3d08a6de3bcdb62847bb221b03,,pending,,,,5
img_00011703,images/img_00011703.jpg,02_deepfirearm,deepfirearm,b45cce4942f151dc539dd20b6d63fd915b16a70f7cd418b194656304db0e4e8f,,pending,,,,5
img_00011704,images/img_00011704.jpg,02_deepfirearm,deepfirearm,2b5311d1cbf0260123cad70bba194f78265ac6d400c542b38938bb026a0ed2ba,,pending,,,,5
img_00011705,images/img_00011705.jpg,02_deepfirearm,deepfirearm,ab456e2e045197b6769e470ab9cffdaf41cf6d41c81ff995559119805804eec3,,pending,,,,5
img_00011706,images/img_00011706.jpg,02_deepfirearm,deepfirearm,e067dc77414498a5da5756f740af0d845d424d49713bcf07b0e55880bf441d1e,,pending,,,,5
img_00011707,images/img_00011707.jpg,02_deepfirearm,deepfirearm,dbd4a6ed96bb62c789e8163676f20d9f18eb40796f9da153a1b92ad786298f61,,pending,,,,5
img_00011708,images/img_00011708.jpg,02_deepfirearm,deepfirearm,d0338d09140267449471178ae26d272ff0e2443410b1f5c5bafe9423cebd1bbd,,pending,,,,5
img_00011709,images/img_00011709.jpg,02_deepfirearm,deepfirearm,c8c5d100df703590923d0fbdd830827174c4bb4c7c64b83e191ca3e33b6d3e55,,pending,,,,5
img_00011710,images/img_00011710.jpg,02_deepfirearm,deepfirearm,1af7bd6c58ed051918259196917ca73b8adb6ca9eae6477bebc2da8d268bca38,,pending,,,,5
img_00011711,images/img_00011711.jpg,02_deepfirearm,deepfirearm,eeb6f159b36d57d00dd81dba3148b9b31c1f0e55dd728eb0b0ef868ef5d45184,,pending,,,,5
img_00011712,images/img_00011712.jpg,02_deepfirearm,deepfirearm,b07674eda53d6b9bb2224f7ddcf2e896dae76ccbde8d527cee5e74cff8318536,,pending,,,,5
img_00011713,images/img_00011713.jpg,02_deepfirearm,deepfirearm,f09f53a870ecf8b6e9df4e053f8452f9d1b24e06b6767efb2adebd840a1e7ffb,,pending,,,,5
img_00011714,images/img_00011714.jpg,02_deepfirearm,deepfirearm,022eebae878ecd40edf1caebdf47d44d4da25a57ae73fb6b735cc09fba406bf8,,pending,,,,5
img_00011715,images/img_00011715.jpg,02_deepfirearm,deepfirearm,b3a0b5d5f755c47e34d2589bb51fb10e6a37fffe020871fbdac6ce3da7e36a8d,,pending,,,,5
img_00011716,images/img_00011716.jpg,02_deepfirearm,deepfirearm,313886456d3f2abcab6381cd18ece72e6ed165fba13c957a49e1b97818652103,,pending,,,,5
img_00011717,images/img_00011717.jpg,02_deepfirearm,deepfirearm,80e437ece478fc735aeba400929069472e71e023bc3328009385a37d85fcb249,,pending,,,,5
img_00011718,images/img_00011718.jpg,02_deepfirearm,deepfirearm,4b9c4a72a77ae2e6f0bc69aa3e55553bdd69ffc808533c012fc75b362ea045ab,,pending,,,,5
img_00011719,images/img_00011719.jpg,02_deepfirearm,deepfirearm,7b3c2e61e5c21bff3911306af1b3eb291b62a064583ef780a11d383a4a8f7799,,pending,,,,5
img_00011720,images/img_00011720.jpg,02_deepfirearm,deepfirearm,3c12d4cd5b8969593464a42a72c65ec4fbcffae32b3e449ea5331739cb04ee08,,pending,,,,5
img_00011721,images/img_00011721.jpg,02_deepfirearm,deepfirearm,fc0199c62afb3eeb2c677051737d47280668c675ec1feac6e3ac15921667a78e,,pending,,,,5
img_00011722,images/img_00011722.jpg,02_deepfirearm,deepfirearm,cacaa225d93a5ab45c07a2f207c62404909114f13446c64adbd810fc0bdf3f52,,pending,,,,5
img_00011723,images/img_00011723.jpg,02_deepfirearm,deepfirearm,1c7251ead9b7e1a8cb4802dd43bf6fc44c050bc4cb54a07b1b75a26f407ea316,,pending,,,,5
img_00011724,images/img_00011724.jpg,02_deepfirearm,deepfirearm,ae79ab13b361e6cced6cffa683b6083a5e0157d7161175e2d022521300c829d7,,pending,,,,5
img_00011725,images/img_00011725.jpg,02_deepfirearm,deepfirearm,7487bcc4015bf15a2104ac5e0a67abdb62e838fdde24923caa6c7cccd79b97b0,,pending,,,,5
img_00011726,images/img_00011726.jpg,02_deepfirearm,deepfirearm,abb9e0feeaef833974b54afbd55f841f7b1ac2cfdcff7f3d17e403c653ade5eb,,pending,,,,5
img_00011727,images/img_00011727.jpg,02_deepfirearm,deepfirearm,62e2510b2af98a29b063f2344d208cc4cf99e7473701661c3bd7d32ee0fb6179,,pending,,,,5
img_00011728,images/img_00011728.jpg,02_deepfirearm,deepfirearm,b66a3dbdbecc0301a72362124ec91561a4a66457d22b147b520722bb6c895e24,,pending,,,,5
img_00011729,images/img_00011729.jpg,02_deepfirearm,deepfirearm,191ae7a0d4325312719906b1e1ef5a0ffcd1765546dd128e50e602e62e039845,,pending,,,,5
img_00011730,images/img_00011730.jpg,02_deepfirearm,deepfirearm,f82c8dcb26b310c2a26d0cd47751afd4f1c4acebd83ed933ad39b180d26fba12,,pending,,,,5
img_00011731,images/img_00011731.jpg,02_deepfirearm,deepfirearm,52b923517651b5faf2c94cab5e8b743b9f501f181c70e1954488a54fa7738755,,pending,,,,5
img_00011732,images/img_00011732.jpg,02_deepfirearm,deepfirearm,ccb07839b10dd503dccf55c9d1d7d89ff9b7c7dbb58956db109140a17ad0bfbf,,pending,,,,5
img_00011733,images/img_00011733.jpg,02_deepfirearm,deepfirearm,5e8aafb4c55930ae4025430b8db0491d5f620ba08043eed6b7f51b37381ac59c,,pending,,,,5
img_00011734,images/img_00011734.jpg,02_deepfirearm,deepfirearm,6b5ae22c2be0aef1fcf61e8d43df4fde3878c0bd877c8bc5387a0f5362fe4c9a,,pending,,,,5
img_00011735,images/img_00011735.jpg,02_deepfirearm,deepfirearm,a546df44511e0761e11675b29628068bd3402b18201de59646e7c1b09a72eaa9,,pending,,,,5
img_00011736,images/img_00011736.jpg,02_deepfirearm,deepfirearm,4bb840936c2f90321ab0ca3511afa0f5fa439d0ed79d7f52b5bb51c81cc0cb1f,,pending,,,,5
img_00011737,images/img_00011737.jpg,02_deepfirearm,deepfirearm,bbebf1e3660f26e31616ea5e11e91882b9db6f9d70c3bfa8714ada9555a70005,,pending,,,,5
img_00011738,images/img_00011738.jpg,02_deepfirearm,deepfirearm,17ec888959624d35581b95ec6ad3b207ae9b6bdd7c94bac4dc13c369c8b1e8d8,,pending,,,,5
img_00011739,images/img_00011739.jpg,02_deepfirearm,deepfirearm,823b70051eacdb89d74f213c6d4c7cf8365f16187007a7dfc8360e143543141d,,pending,,,,5
img_00011740,images/img_00011740.jpg,02_deepfirearm,deepfirearm,b49757097de27687f45d21c818517c44792f11bc491b8e3a5a90d4805ce51d72,,pending,,,,5
img_00011741,images/img_00011741.jpg,02_deepfirearm,deepfirearm,891d3a6f4b578b87b86aa318430662046b53d4701eb9d34af0249a8d5da93cbf,,pending,,,,5
img_00011742,images/img_00011742.jpg,02_deepfirearm,deepfirearm,35f1a4e31c4442afb9d3004e9e48dfb811531a2427e4e3a5972ff3fbc06b66bf,,pending,,,,5
img_00011743,images/img_00011743.jpg,02_deepfirearm,deepfirearm,0f3ebe3e1f139a51ee4b7094b6e87e17a99145ddf1ea93126b13907e961d6f2e,,pending,,,,5
img_00011744,images/img_00011744.jpg,02_deepfirearm,deepfirearm,d160b2ea2cc92178988a05bdb816e183879f479ead121eac6fe2369a94028a43,,pending,,,,5
img_00011745,images/img_00011745.jpg,02_deepfirearm,deepfirearm,4f5ad6ee56cf94d149ab4299c512eb4434ed1c197469132a2aab2baf703f5d79,,pending,,,,5
img_00011746,images/img_00011746.jpg,02_deepfirearm,deepfirearm,a07c4d2d1527309da42e58f3a062f65701dc628b72a6782918780df45115a982,,pending,,,,5
img_00011747,images/img_00011747.jpg,02_deepfirearm,deepfirearm,53e0a347d737c85d707e03ebb7c1581e64ee2978e351f501849f4fe0c5681027,,pending,,,,5
img_00011748,images/img_00011748.jpg,02_deepfirearm,deepfirearm,baf4337f2d4cc812e3550997ffc6741faee2c19ccb9fb2475742a436fe3d3c95,,pending,,,,5
img_00011749,images/img_00011749.jpg,02_deepfirearm,deepfirearm,7773684976369343699e16523779ca0bf9bc3e73de176340925eb630df6ebec9,,pending,,,,5
img_00011750,images/img_00011750.jpg,02_deepfirearm,deepfirearm,837b94849784c2e6d215ac5d9a990134424491865e6fd9819ca73e5d4eb8b3c6,,pending,,,,5
img_00011751,images/img_00011751.jpg,02_deepfirearm,deepfirearm,0fcc28e322b1a133b443b13284ab255b1d860be516ec3c92c3b3b4cbdb0ff4f4,,pending,,,,5
img_00011752,images/img_00011752.jpg,02_deepfirearm,deepfirearm,4dcdaba8300c7bc4cb853176e6f46bee12a6b606a84bc952ef8062dfc571dc49,,pending,,,,5
img_00011753,images/img_00011753.jpg,02_deepfirearm,deepfirearm,9cfd9b85c160caeb3ce0f210b1b15599efce15c753fb7167de8b39247e7d5f87,,pending,,,,5
img_00011754,images/img_00011754.jpg,02_deepfirearm,deepfirearm,ce412de744a8c87f2f7c19188eb33762be449ec56c573b7a43db372669ed2f99,,pending,,,,5
img_00011755,images/img_00011755.jpg,02_deepfirearm,deepfirearm,dae5f6221a8a68d33c53c245b713633c5a31e796f2c179755dd7cb37670c441e,,pending,,,,5
img_00011756,images/img_00011756.jpg,02_deepfirearm,deepfirearm,4cbee9a5e30ede6c0662b53f347a35d1d7f720a0e166ee63d547ad6f8a2bac59,,pending,,,,5
img_00011757,images/img_00011757.jpg,02_deepfirearm,deepfirearm,9a9c706a8f1de84e5420a56c66f192a4af5ca25c4537f5dc7a574178e40b2412,,pending,,,,5
img_00011758,images/img_00011758.jpg,02_deepfirearm,deepfirearm,3a0ad9e9b8c7c349998700ec727163ee3f6527cdd1eb694792bb595d6cb6432b,,pending,,,,5
img_00011759,images/img_00011759.jpg,02_deepfirearm,deepfirearm,1743ddce24ca64f61fa925c0379901c6f228240823c1440d931c3d4201d8f476,,pending,,,,5
img_00011760,images/img_00011760.jpg,02_deepfirearm,deepfirearm,0d09f0a38d6830349559e5830a3bd572b4710ffeaaa473450bd5c36cc453ddbf,,pending,,,,5
img_00011761,images/img_00011761.jpg,02_deepfirearm,deepfirearm,fafa4183fc85388ed57a1d5537228e20156277ae81bc58cc615adf0fc94c9643,,pending,,,,5
img_00011762,images/img_00011762.jpg,02_deepfirearm,deepfirearm,f40c2f8e04f861b297fca4501c9aa796700222c5f3568c742c41a0c1b4c79089,,pending,,,,5
img_00011763,images/img_00011763.jpg,02_deepfirearm,deepfirearm,26cffdb404beb6b420134e80e6b8245d5988a2af4052a62cb7a0f3f8d17d519e,,pending,,,,5
img_00011764,images/img_00011764.jpg,02_deepfirearm,deepfirearm,5038ad93af5a6a42fa8691577d8f3ae13e481f39b22809898bcce3d185c1d4cc,,pending,,,,5
img_00011765,images/img_00011765.jpg,02_deepfirearm,deepfirearm,121290ac1d5dc625b57873ff72746134656231549a1674501369a9dd474b3835,,pending,,,,5
img_00011766,images/img_00011766.jpg,02_deepfirearm,deepfirearm,b60dc07bf8bf8124e3277ca09763bc9f36d43d306915cac94ab453f75524cf9f,,pending,,,,5
img_00011767,images/img_00011767.jpg,02_deepfirearm,deepfirearm,bff6ff3459a5f06a0eb82bb3b0aadd1b06de6ed68ba8b8b426a07444f3a2c250,,pending,,,,5
img_00011768,images/img_00011768.jpg,02_deepfirearm,deepfirearm,5b03b677f64dc82cb9f2c6a954ec398a4655a30b5ffb12ceac9652ee522bfa88,,pending,,,,5
img_00011769,images/img_00011769.jpg,02_deepfirearm,deepfirearm,528f9334759c3b063380e1c4445b1a38e5dcff6576d8efad5b961839b120689f,,pending,,,,5
img_00011770,images/img_00011770.jpg,02_deepfirearm,deepfirearm,272dd0d0692a0ea89fd1d15f7aa0e086e0c53fedb0c5b200efd273fae1a4e1ff,,pending,,,,5
img_00011771,images/img_00011771.jpg,02_deepfirearm,deepfirearm,40d371e86a41d8a3b08b2e78457941685034901ad9fecf7b6b564e7842a3c5ec,,pending,,,,5
img_00011772,images/img_00011772.jpg,02_deepfirearm,deepfirearm,dddef6829def6cd21cc1c917f91fcfab1d640110cb21eb2b4edbb68c50758a8d,,pending,,,,5
img_00011773,images/img_00011773.jpg,02_deepfirearm,deepfirearm,6fad83f06e390975ccf10b77c9d5d89e278868f83037c11379a518c6cfd821f8,,pending,,,,5
img_00011774,images/img_00011774.jpg,02_deepfirearm,deepfirearm,ffd4777b70061579f9aaed7334484af8ebed39e234f8503b1a765ca7147527c8,,pending,,,,5
img_00011775,images/img_00011775.jpg,02_deepfirearm,deepfirearm,d4d116faaeefcdf2c304f387cf0b6bf3a40c1f1576df940f291789fd7c1905d4,,pending,,,,5
img_00011776,images/img_00011776.jpg,02_deepfirearm,deepfirearm,4fe67541d5cf168066632e26984718d764d3a73b78405f12b45c127f616975cf,,pending,,,,5
img_00011777,images/img_00011777.jpg,02_deepfirearm,deepfirearm,fe86187fb81d7d6d038823f1d46f6e648812338c46cd678138bf733dca9660fd,,pending,,,,5
img_00011778,images/img_00011778.jpg,02_deepfirearm,deepfirearm,da65b8b3fbb853c39acbe6f3b93775601ffa36d36f79c2b620768a19f738be29,,pending,,,,5
img_00011779,images/img_00011779.jpg,02_deepfirearm,deepfirearm,822bdcf8a6e20abddfbbbe411ace7da1ca9a660504fc051676b8c1921c4c5d63,,pending,,,,5
img_00011780,images/img_00011780.jpg,02_deepfirearm,deepfirearm,7646e3916556e45e912fef601a179f9a78f34b12cd987b85b14d390d01b4d10e,,pending,,,,5
img_00011781,images/img_00011781.jpg,02_deepfirearm,deepfirearm,01aa9704397d44ed6bfb1c6e7bc5150089b7337348800d319217421d90d56cbb,,pending,,,,5
img_00011782,images/img_00011782.jpg,02_deepfirearm,deepfirearm,6d42ead3b11cedc8fc7a99e4f8d1191e4f861cb170217b02bb8df384fdfb339f,,pending,,,,5
img_00011783,images/img_00011783.jpg,02_deepfirearm,deepfirearm,18eebd2eb653c24d0f6739cd2da8cdfc8f1bc1d49d3c88cc07de3cc8fd78d639,,pending,,,,5
img_00011784,images/img_00011784.jpg,02_deepfirearm,deepfirearm,a994a622d25121c89198cd48cb37239d376316bf119c18efef3c661b9a9e609c,,pending,,,,5
img_00011785,images/img_00011785.jpg,02_deepfirearm,deepfirearm,d01537224ab0e393aa2a33a165eeb9229a75c3ae5fbd7f14591cfcd4f827edc3,,pending,,,,5
img_00011786,images/img_00011786.jpg,02_deepfirearm,deepfirearm,4be20384a9593a0279580f7051109eee6bcf2e5aa39f9102ed105349bbfdb8ce,,pending,,,,5
img_00011787,images/img_00011787.jpg,02_deepfirearm,deepfirearm,6a56cccea78a12950b93924556cad29fbe8456f3e56658f8088cd62cbb03b48a,,pending,,,,5
img_00011788,images/img_00011788.jpg,02_deepfirearm,deepfirearm,32091823f3c4b260659031f376ffc58f8603b12fb403beae8ef551820ba312b8,,pending,,,,5
img_00011789,images/img_00011789.jpg,02_deepfirearm,deepfirearm,82f41798beb6e1199358b8c0adc978ab3586e48be349bb38f0f319d3e0b2962c,,pending,,,,5
img_00011790,images/img_00011790.jpg,02_deepfirearm,deepfirearm,315759256b3b5c386096e19122aefdd86080a25de077e99e558eb76c7f578ae5,,pending,,,,5
img_00011791,images/img_00011791.jpg,02_deepfirearm,deepfirearm,75c299bc099d1097d35df530ae631170739b67170ef2cc27359950724effe014,,pending,,,,5
img_00011792,images/img_00011792.jpg,02_deepfirearm,deepfirearm,32d92761803548f88adb389c477b431e0ebc8381fa28f0ffd136721d5411b1cb,,pending,,,,5
img_00011793,images/img_00011793.jpg,02_deepfirearm,deepfirearm,2aed61f612d21d64db28d599b773cffaf3c48b73b4d973790b9455b263a418cc,,pending,,,,5
img_00011794,images/img_00011794.jpg,02_deepfirearm,deepfirearm,2c65d3d0045919312fc8664abd2fc27bb8ea80f99a96638e5a4a56170bb28ed7,,pending,,,,5
img_00011795,images/img_00011795.jpg,02_deepfirearm,deepfirearm,3b3ad8d0ca5d16a406454598abfece5c97db478d161075459742324ca4ee25f3,,pending,,,,5
img_00011796,images/img_00011796.jpg,02_deepfirearm,deepfirearm,ed7d2718b975f205548b580de667663b8799f5b4ff6731021e75255c6c87db88,,pending,,,,5
img_00011797,images/img_00011797.jpg,02_deepfirearm,deepfirearm,35166e145fe109fe949602916c008bd89ab37495bc5c87d4c7176c95fd5e0b6e,,pending,,,,5
img_00011798,images/img_00011798.jpg,02_deepfirearm,deepfirearm,e87a94f64525bf2e3571dbf88f68bd6e1b72d236aebfd97035248b770d7bc400,,pending,,,,5
img_00011799,images/img_00011799.jpg,02_deepfirearm,deepfirearm,2b4491c354e7b8fcc2e3af0283129db29e898bdf82fee1e032824f701802d7b0,,pending,,,,5
img_00011800,images/img_00011800.jpg,02_deepfirearm,deepfirearm,13ae988d0faa7581d28be2e9fe436a11f78c000eb92dda640082c2847a27df86,,pending,,,,5
img_00011801,images/img_00011801.jpg,02_deepfirearm,deepfirearm,480fc01a2873748404eae2de6ab04937359741a42d9ac56a37570227e9436702,,pending,,,,5
img_00011802,images/img_00011802.jpg,02_deepfirearm,deepfirearm,442cc54daca2fdcc5b1c6a190259cf930a9364dfafc4896ef434a6e32ac2c5ea,,pending,,,,5
img_00011803,images/img_00011803.jpg,02_deepfirearm,deepfirearm,a4285565aff9893dde0bd06870aadb8a265ab74e3053ed391a9934943094cdc0,,pending,,,,5
img_00011804,images/img_00011804.jpg,02_deepfirearm,deepfirearm,e5a9a066d383cb827fef9b2ae46fed7a8fba86834b6d212198b01fe30355beaf,,pending,,,,5
img_00011805,images/img_00011805.jpg,02_deepfirearm,deepfirearm,fbb8dea9418a62ed6674d52c9b52f8a7f4a9c8dcc4b118d21ce39f36d118b830,,pending,,,,5
img_00011806,images/img_00011806.jpg,02_deepfirearm,deepfirearm,6ffc73752222af82ac61ae6be7139c3b59e7d4b3287ff6bcc0934b94f0c0d92d,,pending,,,,5
img_00011807,images/img_00011807.jpg,02_deepfirearm,deepfirearm,cf1f56c1e11a83d39092780f6ec9390d359c70f7768fa651b8e776052c37a146,,pending,,,,5
img_00011808,images/img_00011808.jpg,02_deepfirearm,deepfirearm,a6847debd562b9aaf95d65731109ca2604ad1fc2e053ce5a69815e73050662d1,,pending,,,,5
img_00011809,images/img_00011809.jpg,02_deepfirearm,deepfirearm,e19bca683bd3476e3b0c1692d33fed6a7b8505f2351326d49648dafdfd06dd51,,pending,,,,5
img_00011810,images/img_00011810.jpg,02_deepfirearm,deepfirearm,8d2cf417a0723c80035b94093e6b1ab0931492acb260629e9f72d88cd4f2dfe5,,pending,,,,5
img_00011811,images/img_00011811.jpg,02_deepfirearm,deepfirearm,baf526196b9c71654eddf3eca943efa68c217df03bd52a6411d67a68f62cf257,,pending,,,,5
img_00011812,images/img_00011812.jpg,02_deepfirearm,deepfirearm,c25615ed35ee8a45aacb6400631b977a8b8e8bc051ee71a98f5c0f0dfc5b3f7f,,pending,,,,5
img_00011813,images/img_00011813.jpg,02_deepfirearm,deepfirearm,4d97f5ba4cdd07b60c40e72aa3c7cdb6504caa465a81f97dca69051738ac8b0b,,pending,,,,5
img_00011814,images/img_00011814.jpg,02_deepfirearm,deepfirearm,e39fa451c8e941173023af16dc9e1ccf88b8e61d3f417e7acbf7b53e5a822737,,pending,,,,5
img_00011815,images/img_00011815.jpg,02_deepfirearm,deepfirearm,0b8219fa148cb46c84f5887510a5a70ffcdb5dfda906a721746616efa4d7afe9,,pending,,,,5
img_00011816,images/img_00011816.jpg,02_deepfirearm,deepfirearm,e768a1672602f82a739808b07b235af3fb6d7d0cc3038f08b97df91b7a6a265a,,pending,,,,5
img_00011817,images/img_00011817.jpg,02_deepfirearm,deepfirearm,20790ed7b2f20cde89fa2d88774c487d0d809d8fce14b1e22ccfdcf5371a9e9e,,pending,,,,5
img_00011818,images/img_00011818.jpg,02_deepfirearm,deepfirearm,8c5ac2efd1d2abd5ce61276262e3959bf04fa6fd3d59f2313b079e6cdeebffa2,,pending,,,,5
img_00011819,images/img_00011819.jpg,02_deepfirearm,deepfirearm,b6d39e115ddc26eff1bbb56c0257ba5a07905e55d216c2e5b246cd6060252895,,pending,,,,5
img_00011820,images/img_00011820.jpg,02_deepfirearm,deepfirearm,47026b31cf9963f232b744b60c8edf423c4fc46205a6274c9fa661cc257cd8fd,,pending,,,,5
img_00011821,images/img_00011821.jpg,02_deepfirearm,deepfirearm,2b466b544dc0c8f7337a5345036c352823f9f05861b472edd47cc3f5ae54484a,,pending,,,,5
img_00011822,images/img_00011822.jpg,02_deepfirearm,deepfirearm,05dea2e8fa792232325f124dafb53a3dae2985987c7e35f42a3581a74fff0cca,,pending,,,,5
img_00011823,images/img_00011823.jpg,02_deepfirearm,deepfirearm,5bceb06ef635a668be467f55b1fa8ff517edacf58b52ff0fa7f3ddf7b79e79fa,,pending,,,,5
img_00011824,images/img_00011824.jpg,02_deepfirearm,deepfirearm,0c8b2c599ccc28c4c249737e4d44adfdf722335148c3df7ea32fa8709df01a6d,,pending,,,,5
img_00011825,images/img_00011825.jpg,02_deepfirearm,deepfirearm,6e96cf07f5025a261c4d1ee238b16293178d25072eb6c4117a364c89e9674607,,pending,,,,5
img_00011826,images/img_00011826.jpg,02_deepfirearm,deepfirearm,f1afbd5449b32eacce051f5215cf440b0182229cb55121fe2e6df7ec9fb094cf,,pending,,,,5
img_00011827,images/img_00011827.jpg,02_deepfirearm,deepfirearm,eaf13152a72128581710a45616da4f362e0b8d66798ef2b3190cc9b3f72ce00c,,pending,,,,5
img_00011828,images/img_00011828.jpg,02_deepfirearm,deepfirearm,ead8b233df9927723ff10349b92123ee886098613690bac66289e1e8cd21ddef,,pending,,,,5
img_00011829,images/img_00011829.jpg,02_deepfirearm,deepfirearm,cb8e976aefee529a47d6073fe411ae409845372588ab21216b803a346a694f56,,pending,,,,5
img_00011830,images/img_00011830.jpg,02_deepfirearm,deepfirearm,0f10d58c9ec8f76f391c417c8d37956297321a285c242e4877dc4d4e1031106e,,pending,,,,5
img_00011831,images/img_00011831.jpg,02_deepfirearm,deepfirearm,2c18f566d91fbaa920c59797817b6a62e882087e817d23acc390f86d70d1f0c3,,pending,,,,5
img_00011832,images/img_00011832.jpg,02_deepfirearm,deepfirearm,aba4ba095ff61e6bba979e45587fe9d33221b8a1d7dc5530e3ff69592cc9b5a9,,pending,,,,5
img_00011833,images/img_00011833.jpg,02_deepfirearm,deepfirearm,f0cfff59a4c8bc64dcaa59210b7007cf4a6418d4f6de5aed2702ce46ced674f9,,pending,,,,5
img_00011834,images/img_00011834.jpg,02_deepfirearm,deepfirearm,a0f30867f4ed2e33b6580ac32c8c579dce312b55dd7b333071ecbdcab9d48d09,,pending,,,,5
img_00011835,images/img_00011835.jpg,02_deepfirearm,deepfirearm,f8c3adb95985aa85959b40657cf6c13f9b6445a0ca494cb29471b09ea2bfccd3,,pending,,,,5
img_00011836,images/img_00011836.jpg,02_deepfirearm,deepfirearm,b220e79a72f755a1ccc63525c4b32d04f14a6a6aef855b22fdb0043e44a2b0cd,,pending,,,,5
img_00011837,images/img_00011837.jpg,02_deepfirearm,deepfirearm,bb34f681afc340c0e57c04aa771091cfe61ff0269f843a9cc7809a0284b0ecf8,,pending,,,,5
img_00011838,images/img_00011838.jpg,02_deepfirearm,deepfirearm,b8978756228792320322f156f364ac65fc2987ca91d93554d70b096ef8dc9ae1,,pending,,,,5
img_00011839,images/img_00011839.jpg,02_deepfirearm,deepfirearm,38c3da5f4f95f6ee7124f8c9c6fda934d1d29ef0a7538f28cbed73b69dcb57a8,,pending,,,,5
img_00011840,images/img_00011840.jpg,02_deepfirearm,deepfirearm,db8b5de5b6382968660ddcf807cda000619f47b3b9ace9e76a86ef0fa3b7177c,,pending,,,,5
img_00011841,images/img_00011841.jpg,02_deepfirearm,deepfirearm,b138589e337aeabbb5a130da1953368a95f1ba4e174e2013866cfec931ff0eae,,pending,,,,5
img_00011842,images/img_00011842.jpg,02_deepfirearm,deepfirearm,43bf6922107b26e1b5e90d64750ac82124993ffa2b81cd45a7db2b08a4e559ff,,pending,,,,5
img_00011843,images/img_00011843.jpg,02_deepfirearm,deepfirearm,4d798f874417086b5dee1c0f6f3f00c05abc7c3f395d689b1769c26f41177052,,pending,,,,5
img_00011844,images/img_00011844.jpg,02_deepfirearm,deepfirearm,2283d8bff5ab28f25513b92e3589ef9afc6614464810272b0dd7eec8b0041982,,pending,,,,5
img_00011845,images/img_00011845.jpg,02_deepfirearm,deepfirearm,1d23c1d29d87ff303cce73e65322c0b029ded1cec5ea5135018540013404a0a5,,pending,,,,5
img_00011846,images/img_00011846.jpg,02_deepfirearm,deepfirearm,a6a38e9562ae69c72ff370c3bf37613140ee792e338b305123bf5d3d90d2d361,,pending,,,,5
img_00011847,images/img_00011847.jpg,02_deepfirearm,deepfirearm,435891621ef59f8f808bf09c912fb91525f78b3fafb5323d0a98e9d5f6707ad8,,pending,,,,5
img_00011848,images/img_00011848.jpg,02_deepfirearm,deepfirearm,f82abd976342a59311e32f57ac0da739ac4bd549e939af923dd911fdc47ee48f,,pending,,,,5
img_00011849,images/img_00011849.jpg,02_deepfirearm,deepfirearm,f13ab76bd47d1febf67afa208a6ccc65d47bca0b3fcf20764bbff74598bffd11,,pending,,,,5
img_00011850,images/img_00011850.jpg,02_deepfirearm,deepfirearm,3bb6769add4fce47f1970d9227d049da23f54979749b6b8dbf3619e0d10406c3,,pending,,,,5
img_00011851,images/img_00011851.jpg,02_deepfirearm,deepfirearm,795648f2ca8ed5e7ec998538313e21eae051069e1ba1875c294e5152a81e5fee,,pending,,,,5
img_00011852,images/img_00011852.jpg,02_deepfirearm,deepfirearm,4f73f86d364fd03455c03ece6a42b8a7f1ed922641727266528f54eeadd46bcb,,pending,,,,5
img_00011853,images/img_00011853.jpg,02_deepfirearm,deepfirearm,f7d92036254993305879976e1ac498d3b53ff8915749cc6630f2c0d27795ebf2,,pending,,,,5
img_00011854,images/img_00011854.jpg,02_deepfirearm,deepfirearm,f56dbf13327d92bf6ec81f31452167dd77991af7a8f40b85d26e5e3c3d0f7e3b,,pending,,,,5
img_00011855,images/img_00011855.jpg,02_deepfirearm,deepfirearm,b1e238a3266fd363c61f1da5690ec70a307b547274232f1cba136d1ca0409334,,pending,,,,5
img_00011856,images/img_00011856.jpg,02_deepfirearm,deepfirearm,05c69626c6035f32fe0be5b14552e07dce70003a28112957b7d39c208a63e4f8,,pending,,,,5
img_00011857,images/img_00011857.jpg,02_deepfirearm,deepfirearm,6c0b39b39cc7b8dee1806c3cd5b463b42f6766377ca4c9d14d3c18921b3e93cf,,pending,,,,5
img_00011858,images/img_00011858.jpg,02_deepfirearm,deepfirearm,5d88588276c9aee663544ff9dfafbed2948d7918ad553d26d0b350a6b3de44b1,,pending,,,,5
img_00011859,images/img_00011859.jpg,02_deepfirearm,deepfirearm,26da0eda9462ca091cfb9ab212feefd9bc9c15fb62f9e3ca2af4b791afda1f6f,,pending,,,,5
img_00011860,images/img_00011860.jpg,02_deepfirearm,deepfirearm,9ae0f97057f0a243076d20ba23752a7f0aca814f1c08a0d2c78d4e24f1770341,,pending,,,,5
img_00011861,images/img_00011861.jpg,02_deepfirearm,deepfirearm,e97b33ae850f2ec24e21a4b2457bc1c10f5e5032e6a9e37f8e69918226463a7f,,pending,,,,5
img_00011862,images/img_00011862.jpg,02_deepfirearm,deepfirearm,4792a0778cdc2b9a7a8f7a56e176b5fad307bdf1031a82a6e01b2f09e9fff79c,,pending,,,,5
img_00011863,images/img_00011863.jpg,02_deepfirearm,deepfirearm,64e9b2ca2c74785c3c7f9776427f1e9c313fb1ba380aebaba03dacf90e83e967,,pending,,,,5
img_00011864,images/img_00011864.jpg,02_deepfirearm,deepfirearm,b6e4641c7d06101eff108cbcc5390d2811152325f3bdc0816282e6e9966fff03,,pending,,,,5
img_00011865,images/img_00011865.jpg,02_deepfirearm,deepfirearm,7f612e957368c76cc8eb2951a71cd0d967b818a2925d461cb805cd350fc568b3,,pending,,,,5
img_00011866,images/img_00011866.jpg,02_deepfirearm,deepfirearm,2cbac4ed0e929a12ab3cfaf9579e22b308f71a9069b055175230503c2e375c54,,pending,,,,5
img_00011867,images/img_00011867.jpg,02_deepfirearm,deepfirearm,8232d0165fda4a932d8589f4b49c7af9fdf291470504240ad8b7f61fbf212ec1,,pending,,,,5
img_00011868,images/img_00011868.jpg,02_deepfirearm,deepfirearm,f820084cad01ba1e7a6850011d8b3a5f325cb7a1ac5a0865becd63f9847b605d,,pending,,,,5
img_00011869,images/img_00011869.jpg,02_deepfirearm,deepfirearm,5fce9a9378120a20ca74a01dc720bc7b5ce17b32265b460737c77f8135d274fe,,pending,,,,5
img_00011870,images/img_00011870.jpg,02_deepfirearm,deepfirearm,de8cd073136d389aa17081cfee1966f50d48b71c8649d49b3e95c42d43d82484,,pending,,,,5
img_00011871,images/img_00011871.jpg,02_deepfirearm,deepfirearm,8a9a008471cc024de4dd21869f0cddf598b38f5b5b30bd9435f7dccb0354f34c,,pending,,,,5
img_00011872,images/img_00011872.jpg,02_deepfirearm,deepfirearm,520e395e9d8837f5d22d2646012681a6987fe6729a107171279646531e0008b9,,pending,,,,5
img_00011873,images/img_00011873.jpg,02_deepfirearm,deepfirearm,e3b7265562741f1f26d13e4df91f1299a42eb57038be1335af8159dd9f28ed95,,pending,,,,5
img_00011874,images/img_00011874.jpg,02_deepfirearm,deepfirearm,03a0aa68aad225ea7762bea966688948138f4b0a812f6f52134834634e7ab248,,pending,,,,5
img_00011875,images/img_00011875.jpg,02_deepfirearm,deepfirearm,8e46f9b9606cc73fede4cba43003d9954329afef76b0fa3ae8bb1a0cf6e6a5dc,,pending,,,,5
img_00011876,images/img_00011876.jpg,02_deepfirearm,deepfirearm,d98395a4d2b45912c08aed928e6dcdc2c39956d4272fd9cadfa1be4834ae2052,,pending,,,,5
img_00011877,images/img_00011877.jpg,02_deepfirearm,deepfirearm,cd363d57ed75e2819174ab55bd570e67f4d3cd87a3d74e549212a2c55d80cb04,,pending,,,,5
img_00011878,images/img_00011878.jpg,02_deepfirearm,deepfirearm,7fa8d0f2865824ee02836a1ceb9ad9f18cf9ee6c582fc9456e29593e9eaf8d4b,,pending,,,,5
img_00011879,images/img_00011879.jpg,02_deepfirearm,deepfirearm,06370fb44199565b1b512bee197e5f17b0e56c684341710085f2c7af27c381ef,,pending,,,,5
img_00011880,images/img_00011880.jpg,02_deepfirearm,deepfirearm,fd103e29f09f143ae9002b4b4836fd7483ad4624db0b4132293688266180cbdb,,pending,,,,5
img_00011881,images/img_00011881.jpg,02_deepfirearm,deepfirearm,f265c9a80faa528954891c3f451c5b309c8227c851cdd550a11741dfab855533,,pending,,,,5
img_00011882,images/img_00011882.jpg,02_deepfirearm,deepfirearm,1df24e2e757ec3d073d49e03a695f82f9cbbc5c89437101a17e87d3e1bf98b0e,,pending,,,,5
img_00011883,images/img_00011883.jpg,02_deepfirearm,deepfirearm,abf26f95bf9345e47c87e5b3267977ee35ab0c921cfe471a0fc4741c2cd17a72,,pending,,,,5
img_00011884,images/img_00011884.jpg,02_deepfirearm,deepfirearm,3e6ec509bf028c5f40ff9ea7f1a71f5ca2b1c13cf83cfab66cfc2d4ef7801bf3,,pending,,,,5
img_00011885,images/img_00011885.jpg,02_deepfirearm,deepfirearm,76f95fb71a37df629cd268d8a150fb21badf22d0857526782944d4ab52ce6f22,,pending,,,,5
img_00011886,images/img_00011886.jpg,02_deepfirearm,deepfirearm,6894bb97b693679d2d76c97599ca4add7ca919ad9b91729145f8bce34fed4486,,pending,,,,5
img_00011887,images/img_00011887.jpg,02_deepfirearm,deepfirearm,1b343e75a885acb15cf468aa573dabb048cdab4af94db75d4504638a4c05fc80,,pending,,,,5
img_00011888,images/img_00011888.jpg,02_deepfirearm,deepfirearm,d6e44b367126c184357ef1a6d610c9c748b90a1ef289700e78f7fc3d5aa2e4cc,,pending,,,,5
img_00011889,images/img_00011889.jpg,02_deepfirearm,deepfirearm,e206d60df0ad971bb62873591d7a914f4ae41fe0d4edee49ae4d66a31254c9e8,,pending,,,,5
img_00011890,images/img_00011890.jpg,02_deepfirearm,deepfirearm,a4faafd84458271d659681bec2a3ebdae7642f24d11053587dc63a50f15b38b1,,pending,,,,5
img_00011891,images/img_00011891.jpg,02_deepfirearm,deepfirearm,270fb6ba66e9b296510e1e22233e9b8f527494283dd4de1775f1f3d119f43348,,pending,,,,5
img_00011892,images/img_00011892.jpg,02_deepfirearm,deepfirearm,0a43fa74ce7035f993c33a2c35dc1ae220c67bbb22f5021d74b59c313bba3281,,pending,,,,5
img_00011893,images/img_00011893.jpg,02_deepfirearm,deepfirearm,d5f0fcb32ee2ac9d30ac7e77551959ed752bf33529103eb91720ace84538436f,,pending,,,,5
img_00011894,images/img_00011894.jpg,02_deepfirearm,deepfirearm,51e1538922c544020237f1b5dbd3356ba69946dc999be400714b32f909ba3893,,pending,,,,5
img_00011895,images/img_00011895.jpg,02_deepfirearm,deepfirearm,211e06a3f03e5ef57412032cc2227f3a52ff3de3a7627cc0bff750f3c0cd757a,,pending,,,,5
img_00011896,images/img_00011896.jpg,02_deepfirearm,deepfirearm,d2b9447a3b600803b767bc16ec3eb0bf56c8794f84d2776afb1bc07d6ea915fa,,pending,,,,5
img_00011897,images/img_00011897.jpg,02_deepfirearm,deepfirearm,202bc17a70b2d85ed816a50098381a36c084f4c4f4a8d12c0f05d7ee7e95685c,,pending,,,,5
img_00011898,images/img_00011898.jpg,02_deepfirearm,deepfirearm,a14a1d687a50bd7056e573ad1077f7054bc96616c82d689bd68ed06699fd4221,,pending,,,,5
img_00011899,images/img_00011899.jpg,02_deepfirearm,deepfirearm,f57ee50f744751feefd0067bc01e6db3ef2c6ffba1af7792bdaabe3cc3535e53,,pending,,,,5
img_00011900,images/img_00011900.jpg,02_deepfirearm,deepfirearm,5d25adbbe17cbcafb2be0bd5887fa4993eb81bf1dbd0c77b0a4a3630ce60c6d1,,pending,,,,5
img_00011901,images/img_00011901.jpg,02_deepfirearm,deepfirearm,9ab247b26314516fec84fec9bf069e11c284b5fcb43e25e050cdbf8ee18627ae,,pending,,,,5
img_00011902,images/img_00011902.jpg,02_deepfirearm,deepfirearm,e02b81d2d89677a709372a2f56a0514b36d481f0ef51f0cfe26056a47cc17436,,pending,,,,5
img_00011903,images/img_00011903.jpg,02_deepfirearm,deepfirearm,763b0ee5ac2617763d602b268bf175250d21fbe9f1c147f0690291648eb0d65f,,pending,,,,5
img_00011904,images/img_00011904.jpg,02_deepfirearm,deepfirearm,1e4c3db09e546187c3dbbe8d327307c113b0a8d529ad8314de0b5aa1cf2212a2,,pending,,,,5
img_00011905,images/img_00011905.jpg,02_deepfirearm,deepfirearm,c68a6d470751c0f454d32c42fdb2babd077f66182a083bf7d69559187ef580ce,,pending,,,,5
img_00011906,images/img_00011906.jpg,02_deepfirearm,deepfirearm,5742b94b839eee6008135107a872495d590b8703b7a4ebfe3dcd98f31727fbb3,,pending,,,,5
img_00011907,images/img_00011907.jpg,02_deepfirearm,deepfirearm,4b15c828a8425d3cd0b8a163e1e136055401a99aab0eba49c8a96f844ee7a1c5,,pending,,,,5
img_00011908,images/img_00011908.jpg,02_deepfirearm,deepfirearm,cdfb2098ddef522b08bd29a5f68a153299d77a526f6c5cda4bb0b7b3affba107,,pending,,,,5
img_00011909,images/img_00011909.jpg,02_deepfirearm,deepfirearm,8a9134636a6b06884c176a8121d949f1715c691dae27e55fbfcbc5299f44da2c,,pending,,,,5
img_00011910,images/img_00011910.jpg,02_deepfirearm,deepfirearm,be1a779fa117a7ed8a7b9d0a9e465cc348693f29ed7cd184f9ab0f87086e0962,,pending,,,,5
img_00011911,images/img_00011911.jpg,02_deepfirearm,deepfirearm,4ada25b95277ab7dcfd3d7a81ac9042192310939fe38ae621f4e005a346883c4,,pending,,,,5
img_00011912,images/img_00011912.jpg,02_deepfirearm,deepfirearm,674ba7cb7496a30f0ee564f8ac0a0ddcb304a82516e27088035c82993d01a0a2,,pending,,,,5
img_00011913,images/img_00011913.jpg,02_deepfirearm,deepfirearm,637ad3aad2f617f1756d076363b6f4fe121b56d862aae0b499c937b23276acd9,,pending,,,,5
img_00011914,images/img_00011914.jpg,02_deepfirearm,deepfirearm,b60690f7fa70b8be46f6b3e9d0b6916fe7c14886d904f9f200866e71ab03f452,,pending,,,,5
img_00011915,images/img_00011915.jpg,02_deepfirearm,deepfirearm,5bff8739e7798bb1f49342d5269edc8774b344227462ddba3c170c1dc6fa8095,,pending,,,,5
img_00011916,images/img_00011916.jpg,02_deepfirearm,deepfirearm,148f2d86f33dbf11a05231bad6f83e74b564cd53e6b4239cb12e0f0f5ee38bd0,,pending,,,,5
img_00011917,images/img_00011917.jpg,02_deepfirearm,deepfirearm,5a7944fa9ecc7de8a6135cfdb06192b0920834ef47ef2407d6c50a3bd8a08c95,,pending,,,,5
img_00011918,images/img_00011918.jpg,02_deepfirearm,deepfirearm,2c7168939a6b776211a1d0f8726eadec46f0c33ff0b41b2629054a165f451343,,pending,,,,5
img_00011919,images/img_00011919.jpg,02_deepfirearm,deepfirearm,cb48f73d8041a5b414b75ff4b3396080ab4c09ec5b56ad229fd9c4dbb87c01cc,,pending,,,,5
img_00011920,images/img_00011920.jpg,02_deepfirearm,deepfirearm,95f9ae372428c35adaf207e9fc2ca8b102a7b74c667fe0e75570bad9e4b0bb2b,,pending,,,,5
img_00011921,images/img_00011921.jpg,02_deepfirearm,deepfirearm,fcd5604784196bf2659990668de3625d2878a839c8123340e34eb36395f04138,,pending,,,,5
img_00011922,images/img_00011922.jpg,02_deepfirearm,deepfirearm,a7ddc799d71c1993250e740d569a1840b0a577ab704433c0923ec14a22433889,,pending,,,,5
img_00011923,images/img_00011923.jpg,02_deepfirearm,deepfirearm,ee74efec85525917a8bfe32695930dfd6dba54cf6a7ecffa8a349d1f5d7638c2,,pending,,,,5
img_00011924,images/img_00011924.jpg,02_deepfirearm,deepfirearm,02d13bb00367f4dff083a8fe795c4edfda1523a67c3ee67844a5334910065739,,pending,,,,5
img_00011925,images/img_00011925.jpg,02_deepfirearm,deepfirearm,b668a638a380ec803a004df8e8cb44f4ebdacb306563d995417d7c773d75b467,,pending,,,,5
img_00011926,images/img_00011926.jpg,02_deepfirearm,deepfirearm,58ed49efbd7f798a360338a1ccddf620211246974923bda825375fdbaa791ce7,,pending,,,,5
img_00011927,images/img_00011927.jpg,02_deepfirearm,deepfirearm,533cec7688851e17cca797142163baf4982ed243fad9524fe0b638b8d6f003eb,,pending,,,,5
img_00011928,images/img_00011928.jpg,02_deepfirearm,deepfirearm,a90b91f41aa868f5342292e49afdc206ef7be66a34140c6add08f8ff8cd5dae3,,pending,,,,5
img_00011929,images/img_00011929.jpg,02_deepfirearm,deepfirearm,10736239c9b46edc6d05a23bbf039b5a3b264f2fb71c534025f84134fa77e8cc,,pending,,,,5
img_00011930,images/img_00011930.jpg,02_deepfirearm,deepfirearm,64e0f39fe12921a4c9da0c378f2a002ab63e3984fd1777d80bcc8a43dcd02b10,,pending,,,,5
img_00011931,images/img_00011931.jpg,02_deepfirearm,deepfirearm,8a835ce8e5dcabe427b54dc308b0de13d8a39f27764e7a90192cd3802b6604ef,,pending,,,,5
img_00011932,images/img_00011932.jpg,02_deepfirearm,deepfirearm,a5a2862ff0ddf85c6f27dea66cf0fac11045cd48acb10e5e7e213b933e07d8ee,,pending,,,,5
img_00011933,images/img_00011933.jpg,02_deepfirearm,deepfirearm,b96f354d91ca5aecf358ba47b59798e062184dbda5ee5bd3f9a5cc61429c940c,,pending,,,,5
img_00011934,images/img_00011934.jpg,02_deepfirearm,deepfirearm,669608a8e0917aac098fb225bcdac1646caa0c69386cb524009f01e7ae6c7c76,,pending,,,,5
img_00011935,images/img_00011935.jpg,02_deepfirearm,deepfirearm,be6da229646328df1172c60b331d4c815cded651790f93ca1bad21e0a28baa38,,pending,,,,5
img_00011936,images/img_00011936.jpg,02_deepfirearm,deepfirearm,f6a747b5a4cfe1c71517b8f3638ab44de58be4df77aba7148aaa34864d3f24e8,,pending,,,,5
img_00011937,images/img_00011937.jpg,02_deepfirearm,deepfirearm,828987ed3b577846bd631ce2bc317ed4373443338a0ba1ef0724db138b313a63,,pending,,,,5
img_00011938,images/img_00011938.jpg,02_deepfirearm,deepfirearm,485036f0f1e4cb0256d0ccd30c20a85ceeeb8ac95b609de5a3cef95fc921dfbe,,pending,,,,5
img_00011939,images/img_00011939.jpg,02_deepfirearm,deepfirearm,491f55ac9cbbe4a8496dc324b1fd7d926b876bbf2b650b9dcc2c5d8f39d978d4,,pending,,,,5
img_00011940,images/img_00011940.jpg,02_deepfirearm,deepfirearm,17674e7c256e984977bde4bd0212552b9684dc7a2baeaecbfe1de7fcf28c397f,,pending,,,,5
img_00011941,images/img_00011941.jpg,02_deepfirearm,deepfirearm,730d1b15967f65d94e534cb4879a8f613139b41209a11a05a9188465f135237e,,pending,,,,5
img_00011942,images/img_00011942.jpg,02_deepfirearm,deepfirearm,9f5b9c3a493ce91607c3c331033ec78fdabda2c159ba2dca946466744fd776e3,,pending,,,,5
img_00011943,images/img_00011943.jpg,02_deepfirearm,deepfirearm,0176e57e1dc8941c9a0c4a06e8e5857483065db40a7e8091764760c2de731a1f,,pending,,,,5
img_00011944,images/img_00011944.jpg,02_deepfirearm,deepfirearm,1cd8553dfd1419511116a288a343ea293b46253c86f98443b584834718786417,,pending,,,,5
img_00011945,images/img_00011945.jpg,02_deepfirearm,deepfirearm,6cb00538c0023b5fef9ad7ec989f667dcba8eb55de5217dc3b461a07af6a213c,,pending,,,,5
img_00011946,images/img_00011946.jpg,02_deepfirearm,deepfirearm,0930d23ff80b3be1962549bb19a4fe159dd068fc0be1cd10e899401d5da58cb9,,pending,,,,5
img_00011947,images/img_00011947.jpg,02_deepfirearm,deepfirearm,da40c8a22d6ee04fe3f416e92b380dfe51e18c631030b6494d219f8554004cfb,,pending,,,,5
img_00011948,images/img_00011948.jpg,02_deepfirearm,deepfirearm,4669cf2b9153132dca455604c8be7aec38914fc327a0afc1a8b5e561dc770536,,pending,,,,5
img_00011949,images/img_00011949.jpg,02_deepfirearm,deepfirearm,b9348cbc52e3cd3296de3a4926f5697f532356db92e37b671dfded32263a34b6,,pending,,,,5
img_00011950,images/img_00011950.jpg,02_deepfirearm,deepfirearm,5dba57eb37dd78aad7701fcbefa7bfe1de18c9369b284bf32ef835682018d685,,pending,,,,5
img_00011951,images/img_00011951.jpg,02_deepfirearm,deepfirearm,bb218d083c201b9c7c615260b6c5afa8efd2c466518e2609b544b908ddbf3e57,,pending,,,,5
img_00011952,images/img_00011952.jpg,02_deepfirearm,deepfirearm,8dba9c50022c046d86730612565c38c6bb751bc9384722c7aecfb6dea3478bff,,pending,,,,5
img_00011953,images/img_00011953.jpg,02_deepfirearm,deepfirearm,525865e44ee09de1ddf51756c134974176665ba497b19b28b69d2073716fc6d5,,pending,,,,5
img_00011954,images/img_00011954.jpg,02_deepfirearm,deepfirearm,95d69ba95f17ffbdac27c2829cec72825d4e1a411b74cc543ddfe71a55b610e1,,pending,,,,5
img_00011955,images/img_00011955.jpg,02_deepfirearm,deepfirearm,f5cb7cf94fb4cc43fd55a0e2bab775a0c151980fefd7ab0490516de7afc1fce2,,pending,,,,5
img_00011956,images/img_00011956.jpg,02_deepfirearm,deepfirearm,b86d7ac75102249082d2dc4face4674627974e31e3becd5538406b7d0f6c1204,,pending,,,,5
img_00011957,images/img_00011957.jpg,02_deepfirearm,deepfirearm,68230de135ea7988742b6cbf657b1b1e5d42033e0f2adea9a41c4289774ccea6,,pending,,,,5
img_00011958,images/img_00011958.jpg,02_deepfirearm,deepfirearm,980f24c895e0638baa70d7a92cec75266e32990d1d28440766aa61a5688f7337,,pending,,,,5
img_00011959,images/img_00011959.jpg,02_deepfirearm,deepfirearm,b796fc80574e6df43c01724e3619c0e810d4545aaf7cf0aa227bce6ba76f5904,,pending,,,,5
img_00011960,images/img_00011960.jpg,02_deepfirearm,deepfirearm,d87577629958c37ae36efe2a193a56b4d4321fcc6613a37005ce37a0bdb393a2,,pending,,,,5
img_00011961,images/img_00011961.jpg,02_deepfirearm,deepfirearm,6bc20d75636a97cfcf04d5403bdc53945871da7d3974d3608c0c1a91189e96a9,,pending,,,,5
img_00011962,images/img_00011962.jpg,02_deepfirearm,deepfirearm,8ce75609f32a71ba4e51cb5558edb3129a5ac65b419f9ce8821c5c12ff182689,,pending,,,,5
img_00011963,images/img_00011963.jpg,02_deepfirearm,deepfirearm,6167c9a263ba1524b28b707efbbbe9e895fd5c11bb12e9f0b2bfe0740f0d1add,,pending,,,,5
img_00011964,images/img_00011964.jpg,02_deepfirearm,deepfirearm,707b0e82c14b9db1e8472b5ea89e85c523983d12594bf0fc2f2466a6631b3fa9,,pending,,,,5
img_00011965,images/img_00011965.jpg,02_deepfirearm,deepfirearm,870f1486ee5450be1086b6679b3f0919f26c2e2a18ed3b8bc94a2c5141d0674f,,pending,,,,5
img_00011966,images/img_00011966.jpg,02_deepfirearm,deepfirearm,222de212abf5e6aca3f760ba55dc7b240ba9bf98f0419c7d1fcb6e3ec5c70487,,pending,,,,5
img_00011967,images/img_00011967.jpg,02_deepfirearm,deepfirearm,c0d40046262a8199aa351b1e040b1cdcfae918c8990423a8c3a8ab9099dccf78,,pending,,,,5
img_00011968,images/img_00011968.jpg,02_deepfirearm,deepfirearm,0b50bea1ee25d23f179be4c27f3d71dad7e9f4cbae831d158d1942c607f2cb48,,pending,,,,5
img_00011969,images/img_00011969.jpg,02_deepfirearm,deepfirearm,b4f42f5dcec6a87f15521d371f20e0344240af3290adba85e29e82f773df46d0,,pending,,,,5
img_00011970,images/img_00011970.jpg,02_deepfirearm,deepfirearm,4b1b5d0d3e217516f995164aa1b71fdba8680bd330b39c41849402e0eee19e15,,pending,,,,5
img_00011971,images/img_00011971.jpg,02_deepfirearm,deepfirearm,58720b9af1c75c1bbac42098b731259e0dbdd92278844a56397e80c264b8cedd,,pending,,,,5
img_00011972,images/img_00011972.jpg,02_deepfirearm,deepfirearm,07e269e012eb6c4a3347735a14a215eff16f945c9536e7ad8950b27ea00a8ae0,,pending,,,,5
img_00011973,images/img_00011973.jpg,02_deepfirearm,deepfirearm,ff13ce15ccadf227d2f531a370736ff7f416bf44cc9f52e463234e6905d08f3f,,pending,,,,5
img_00011974,images/img_00011974.jpg,02_deepfirearm,deepfirearm,a4ef861e20ae93493b9c7b0c0e1d8ae9ae35c40753100e2c9e3abddfc6baf82b,,pending,,,,5
img_00011975,images/img_00011975.jpg,02_deepfirearm,deepfirearm,06e21e5a5b5d289a2776b2144a7badcf9e12e5e82c9b6c622c0f41efc814b499,,pending,,,,5
img_00011976,images/img_00011976.jpg,02_deepfirearm,deepfirearm,6c427db83a0ee44a3a4208be00d368359718d9f7c7dc5757309e71e12a6f8ca8,,pending,,,,5
img_00011977,images/img_00011977.jpg,02_deepfirearm,deepfirearm,d0a0261647f898e71eec127532ffce4a7e922c94924774cd16f31c507b4c5144,,pending,,,,5
img_00011978,images/img_00011978.jpg,02_deepfirearm,deepfirearm,4682be3a9db2d4b51eb88fc1da80dbe81d31c73d8ca8943566729d03690439b4,,pending,,,,5
img_00011979,images/img_00011979.jpg,02_deepfirearm,deepfirearm,9bf9cf6e0329ac77ed5be8d93e3e53bb76c42ebf40442eb6906c7b624ca137b9,,pending,,,,5
img_00011980,images/img_00011980.jpg,02_deepfirearm,deepfirearm,c0269f506310321b6b9b7ae90d022566123cc70086fd0e52de39f8f6acbb4523,,pending,,,,5
img_00011981,images/img_00011981.jpg,02_deepfirearm,deepfirearm,aae022cf21092b275882b946de3177b5c15320630bcb28954b3a3644a10e03c4,,pending,,,,5
img_00011982,images/img_00011982.jpg,02_deepfirearm,deepfirearm,187063f0548271c4356ec1d5024f7ba27a9cbedb5ed965169c5e31ef63bd4627,,pending,,,,5
img_00011983,images/img_00011983.jpg,02_deepfirearm,deepfirearm,e25dd318bab30b425ce373d66a7e45b7da9ec22bd44a792063d669dd8c894215,,pending,,,,5
img_00011984,images/img_00011984.jpg,02_deepfirearm,deepfirearm,66139a75b2c392c4325cd561184d975a664a3413e58ad648d47dc83e0627f9b5,,pending,,,,5
img_00011985,images/img_00011985.jpg,02_deepfirearm,deepfirearm,0fd817cc6ef4fb014ecffb46f973df7751aa2498edfa7d7fff5ae5df4eec9967,,pending,,,,5
img_00011986,images/img_00011986.jpg,02_deepfirearm,deepfirearm,a5a2f9c3a979c4eceba535627041829db8024fc01a4281a2b0d1f4f87dd4364e,,pending,,,,5
img_00011987,images/img_00011987.jpg,02_deepfirearm,deepfirearm,c8d0e7efd705e060cb130328e07cd2f0afdead2fcc0bf92ac9ec265d19caf50e,,pending,,,,5
img_00011988,images/img_00011988.jpg,02_deepfirearm,deepfirearm,b0f7e7da3327a260a8f95ae171ad25bd4722f51b546df732f0074c1a521465f7,,pending,,,,5
img_00011989,images/img_00011989.jpg,02_deepfirearm,deepfirearm,eec80969607adcdcf8992067bd81063d7d5c81f0da38bbdea1f91c214b97c7f7,,pending,,,,5
img_00011990,images/img_00011990.jpg,02_deepfirearm,deepfirearm,32ab2bc496f96ddb5febc545d2d5981feeb0d69b2923d1744efc6288b45c0240,,pending,,,,5
img_00011991,images/img_00011991.jpg,02_deepfirearm,deepfirearm,a665c8bb25b3527a3df7e1c9af822e020048eeddb8a1e66b108b39e8ed09515a,,pending,,,,5
img_00011992,images/img_00011992.jpg,02_deepfirearm,deepfirearm,6117bc4882436aa002c3274f0b6ea2bdbcec2f96e3669e8ac4a4dfc2d9e6aeea,,pending,,,,5
img_00011993,images/img_00011993.jpg,02_deepfirearm,deepfirearm,b23cdf1e0cbde59a0c4b348ec7c91c313da87ce41f2199c0f9c569c735b5190b,,pending,,,,5
img_00011994,images/img_00011994.jpg,02_deepfirearm,deepfirearm,f3e9ed2beecbfa93ecf0b0be1f5ec03166191f897b9c345335db5a4b203bbc9a,,pending,,,,5
img_00011995,images/img_00011995.jpg,02_deepfirearm,deepfirearm,f1947e64b4c88f00cb049bc04e2b2f8d21a415025db6681fbf73f261347fb49e,,pending,,,,5
img_00011996,images/img_00011996.jpg,02_deepfirearm,deepfirearm,d74bd1c8dc0785bc4ba4d322427b3c7329a7461e8042304310a87148c7141d33,,pending,,,,5
img_00011997,images/img_00011997.jpg,02_deepfirearm,deepfirearm,7812bcfc81e8a2969e622f5e850558e8efff19c40dd820e2a06a3583b79dc1b9,,pending,,,,5
img_00011998,images/img_00011998.jpg,02_deepfirearm,deepfirearm,e0bcd9a735cc89d0396c4da85740779219a17c8bd43e8573cc26de05edf3591b,,pending,,,,5
img_00011999,images/img_00011999.jpg,02_deepfirearm,deepfirearm,2b70dfbc21b477c4fd06c6b671e7bce7026de9f35f1a5cbe94ae9f758857f932,,pending,,,,5
img_00012000,images/img_00012000.jpg,02_deepfirearm,deepfirearm,525e86a4487a180de4752a9094c192d0288316f68ab7b0b8932e0f1593d54fcf,,pending,,,,5
img_00012001,images/img_00012001.jpg,02_deepfirearm,deepfirearm,4c135fbf088a138c469d61b7cfd1068eea4c129bc8458b1cecc3ccfbd12df67e,,pending,,,,5
img_00012002,images/img_00012002.jpg,02_deepfirearm,deepfirearm,47ed172bd1131cd1c1fbf3e375e7dc906c9ef6b0ff9ad24355aee7e3804b6f98,,pending,,,,5
img_00012003,images/img_00012003.jpg,02_deepfirearm,deepfirearm,fecb539ea92333c0f3aad75cb61bcb7741eab67b6487bd242f692997bcdb23ee,,pending,,,,5
img_00012004,images/img_00012004.jpg,02_deepfirearm,deepfirearm,671a12bc0dc689490e6c96be8305390dab4f4bace35bb91c3ff2dc7393c8c34f,,pending,,,,5
img_00012005,images/img_00012005.jpg,02_deepfirearm,deepfirearm,5a1b162f76e66ce85fd6f02ac8a88d5a1a6ab2c80f50498f7341cab0741ce535,,pending,,,,5
img_00012006,images/img_00012006.jpg,02_deepfirearm,deepfirearm,c44898e0f3f8237058a23b5b89b4d4c2d494774a976b12fa344b9e687f73aa9f,,pending,,,,5
img_00012007,images/img_00012007.jpg,02_deepfirearm,deepfirearm,ca2ddc20ad6102bbe0af14178318e441d4a633ae5d4087fca06397f1b031fee6,,pending,,,,5
img_00012008,images/img_00012008.jpg,02_deepfirearm,deepfirearm,34a779e69f074e590b625baa828b345f799949f05ebf2a9f129dda57792b2c8d,,pending,,,,5
img_00012009,images/img_00012009.jpg,02_deepfirearm,deepfirearm,b86b844505c9d1790ed880716705b0d749607660760957fb4933aaeee03798db,,pending,,,,5
img_00012010,images/img_00012010.jpg,02_deepfirearm,deepfirearm,b2d114aeff397b8443d14fb128a2716a0dce5c55a67eba6c7dde83372d679f7f,,pending,,,,5
img_00012011,images/img_00012011.jpg,02_deepfirearm,deepfirearm,f9299efa4db1a16d09b8981b7280a28d7ba6fbb0db176b971a690f76a4c82884,,pending,,,,5
img_00012012,images/img_00012012.jpg,02_deepfirearm,deepfirearm,9660c27cc76f85d352b6907e1ce0325350dc7c13f4ceb592ce90e4bb467d7ead,,pending,,,,5
img_00012013,images/img_00012013.jpg,02_deepfirearm,deepfirearm,a9f4bd1b6c8994286337625295edd4956cc2b0d659255dfabe7a64a4c9904733,,pending,,,,5
img_00012014,images/img_00012014.jpg,02_deepfirearm,deepfirearm,d632ea4c21a2bb4ec1bcf299b91159ec7f9a0f6c175395bdc3ce349b194fd917,,pending,,,,5
img_00012015,images/img_00012015.jpg,02_deepfirearm,deepfirearm,ce5efbaa6c0a2e469e71be035c2f132a2b4e014d44d76f1be2a04730d2d28b0f,,pending,,,,5
img_00012016,images/img_00012016.jpg,02_deepfirearm,deepfirearm,6acf03404c90946f23a9a51184da25d5b46f56add2f9e2c6552a9da8231404ad,,pending,,,,5
img_00012017,images/img_00012017.jpg,02_deepfirearm,deepfirearm,7fdef64ea507c5bc5cbc21ef57b2a66c61fb37668bdc5bc5ee9b31fd6cd9cacd,,pending,,,,5
img_00012018,images/img_00012018.jpg,02_deepfirearm,deepfirearm,652b8312037093f9a8cda292f8561190a79bdbd0fcab5000df31b8b6ce925599,,pending,,,,5
img_00012019,images/img_00012019.jpg,02_deepfirearm,deepfirearm,83f144c2919e987f17f0da89ecb6caa68e352dbe633ab1fd66826bf587c05441,,pending,,,,5
img_00012020,images/img_00012020.jpg,02_deepfirearm,deepfirearm,c479e76ebb0d887ee33fcf83ded6d966722d87edf79368d5f9c792c21dc4708a,,pending,,,,5
img_00012021,images/img_00012021.jpg,02_deepfirearm,deepfirearm,2b29af712a932c351c6b96d55de311a45ac3927aec80d54cbb36e4a0e2849ae7,,pending,,,,5
img_00012022,images/img_00012022.jpg,02_deepfirearm,deepfirearm,5b1b9008f662ad0250960a819be05802582df756ce09f4281f0904b349f3f8b7,,pending,,,,5
img_00012023,images/img_00012023.jpg,02_deepfirearm,deepfirearm,462bfac912289184ba2fb0846cf0fd68cb1d47098883b3278cd3f1377bdd9f63,,pending,,,,5
img_00012024,images/img_00012024.jpg,02_deepfirearm,deepfirearm,9445dfd59cbc281990fe05e0a1ff8479374ab1166d0fe1ffffb0a3cd1b83f2cd,,pending,,,,5
img_00012025,images/img_00012025.jpg,02_deepfirearm,deepfirearm,05f8e156766f3a35fdba184f154a179b8a4e6536646e275bbdd3df0973e02385,,pending,,,,5
img_00012026,images/img_00012026.jpg,02_deepfirearm,deepfirearm,e44d415693b80039dd38fe7fe168accc4f54e53a053a26bcbdc92b4b45e90935,,pending,,,,5
img_00012027,images/img_00012027.jpg,02_deepfirearm,deepfirearm,fbcf34b3aa37f8d792afcc5ad967522a3ffe7bb314a1ba90106c885fe0bee61c,,pending,,,,5
img_00012028,images/img_00012028.jpg,02_deepfirearm,deepfirearm,d1d6335d833c50fd0e5bf0ad1c4cd73043f7f4c4761b55f1c5da3280b3406a1c,,pending,,,,5
img_00012029,images/img_00012029.jpg,02_deepfirearm,deepfirearm,a746e7592cb5d878fa8fbd7464a31373dfbe8f67d58f511a65f279c5a515a64d,,pending,,,,5
img_00012030,images/img_00012030.jpg,02_deepfirearm,deepfirearm,46d3ae48515c8dd3486550f304aab3d0d15bebd0bb3d04b8d9dc63410d420a7f,,pending,,,,5
img_00012031,images/img_00012031.jpg,02_deepfirearm,deepfirearm,2433e2acb2f4bc23d6668824293cca11ffb4022c0a6e50005246e18d94997af2,,pending,,,,5
img_00012032,images/img_00012032.jpg,02_deepfirearm,deepfirearm,25293cab82dfecf708f2aae3fa4d422bb82979dc544abae6fc6aa75f739664c0,,pending,,,,5
img_00012033,images/img_00012033.jpg,02_deepfirearm,deepfirearm,7914e124067eb10d21d163dca17fc71b44b9408bba40424cc42db50499af7684,,pending,,,,5
img_00012034,images/img_00012034.jpg,02_deepfirearm,deepfirearm,3e3b7cacf60697113b7cbc57ad6190452c1ebc2e9ae9bcf3c74835ecb49b042f,,pending,,,,5
img_00012035,images/img_00012035.jpg,02_deepfirearm,deepfirearm,eb5b5713e3743a47d00f522476594aa1ccc88285c9ab17a316bd11c2ab9ffabc,,pending,,,,5
img_00012036,images/img_00012036.jpg,02_deepfirearm,deepfirearm,ca0f13a87349ce0dd2df977c035d72abec96cc08e2bf5d38e1f9bfeda5070caf,,pending,,,,5
img_00012037,images/img_00012037.jpg,02_deepfirearm,deepfirearm,ca06600cedca719cfd7f018ea2da618536e3521921b57903fc5de8f294c69746,,pending,,,,5
img_00012038,images/img_00012038.jpg,02_deepfirearm,deepfirearm,f119da19f2029460e9f6a994253ad45cd5de939bd184d859891f6a3ba61aeef0,,pending,,,,5
img_00012039,images/img_00012039.jpg,02_deepfirearm,deepfirearm,7a77f13e57be97c6c7bcf5f8b167c86227f2fa0b07ea8967553a9ad46b66eea6,,pending,,,,5
img_00012040,images/img_00012040.jpg,02_deepfirearm,deepfirearm,68f95937502eed9917fbf9bd0e036bf4ff825bf731755b60d2e040453c395b3d,,pending,,,,5
img_00012041,images/img_00012041.jpg,02_deepfirearm,deepfirearm,aad8d45318b006373b15b912a51f76e654e5b961e4127e127849539223faa8d0,,pending,,,,5
img_00012042,images/img_00012042.jpg,02_deepfirearm,deepfirearm,9f69a68672430feb06065f1416960f8d7ab15f3ba319389a8efa47db38abb454,,pending,,,,5
img_00012043,images/img_00012043.jpg,02_deepfirearm,deepfirearm,41ed7a0a68023feeba8688b6182edc1d1b752359e5019d6b331c577c22ec93d6,,pending,,,,5
img_00012044,images/img_00012044.jpg,02_deepfirearm,deepfirearm,4f7a9abf09366e8981db5cae4005ff6afda9cd5e2e6956b826c61b8f5f25fdcf,,pending,,,,5
img_00012045,images/img_00012045.jpg,02_deepfirearm,deepfirearm,c122f5940b7a0f06721811bc21a65133c7aad25d32650109c0fa4be24d6e9f93,,pending,,,,5
img_00012046,images/img_00012046.jpg,02_deepfirearm,deepfirearm,50b63fc231059bbcaac34a9ff4355d03839f2051ff77fdcbf4131d0bcbe0f643,,pending,,,,5
img_00012047,images/img_00012047.jpg,02_deepfirearm,deepfirearm,9d3de4736417d97e4343fa786fda3b54066ebf00eea9feae58b36347b52adde7,,pending,,,,5
img_00012048,images/img_00012048.jpg,02_deepfirearm,deepfirearm,f3bae5945390b3c748960fbe366da3eb44b0b97af35f32217667809bc60488b4,,pending,,,,5
img_00012049,images/img_00012049.jpg,02_deepfirearm,deepfirearm,4ada66d07cc0da22536e772d6f91cc409bd17bb5ecb3c4b202ec08ea8d95629e,,pending,,,,5
img_00012050,images/img_00012050.jpg,02_deepfirearm,deepfirearm,58c0d637565c12099cacbae2b7ad08d34402a9757a8c8c936cfdde894aaf6b71,,pending,,,,5
img_00012051,images/img_00012051.jpg,02_deepfirearm,deepfirearm,35c505a7797b4c07948981678e61e61fe7effadd55650e834790106cbb23e1fe,,pending,,,,5
img_00012052,images/img_00012052.jpg,02_deepfirearm,deepfirearm,144599995adf5e806030bb59bf8a7c701e5368d6578e1badf13d9df596f073db,,pending,,,,5
img_00012053,images/img_00012053.jpg,02_deepfirearm,deepfirearm,928d2a11ab3a731350a75f3c470da304ab7d11206fcb959e296095f32cfcb23a,,pending,,,,5
img_00012054,images/img_00012054.jpg,02_deepfirearm,deepfirearm,bfce1faf042d6736065cf74006d6ed18856a743effe7dcaf18b320fcbc7c1570,,pending,,,,5
img_00012055,images/img_00012055.jpg,02_deepfirearm,deepfirearm,d53412a41fb2ed072c297e6c743f869679de31a3c428ecd7129dae9c12390760,,pending,,,,5
img_00012056,images/img_00012056.jpg,02_deepfirearm,deepfirearm,21f0595f43439e1243c91e5f60c2cb16eb91f5b82da6f287fb0d8094dc26bcfd,,pending,,,,5
img_00012057,images/img_00012057.jpg,02_deepfirearm,deepfirearm,d27ac318e970f628b05ee2e0f8b07772b0069ca1b9d6dcf00d28dedc062e0ab1,,pending,,,,5
img_00012058,images/img_00012058.jpg,02_deepfirearm,deepfirearm,7114466a9d0f572124e3259674e9caf1eaa350daba6a8c675ddbdd0dd49aeb8e,,pending,,,,5
img_00012059,images/img_00012059.jpg,02_deepfirearm,deepfirearm,7e9dbce45ae779c18b4b28b80cc6f887a078285a3e50adf964dca6d1aa58cbe4,,pending,,,,5
img_00012060,images/img_00012060.jpg,02_deepfirearm,deepfirearm,78bc01ec3a3eb7b6f9ac00b291b8889f99b2c875c65faf0b7ac555ae068f7c4d,,pending,,,,5
img_00012061,images/img_00012061.jpg,02_deepfirearm,deepfirearm,660ca3fea8fcba31f5999185630e07cd3ee81d25b2e40bf19b704553dc2493f1,,pending,,,,5
img_00012062,images/img_00012062.jpg,02_deepfirearm,deepfirearm,70a4fbae553996de20c30f963905d5d101a670801833b5617bc90a397ab9e9c4,,pending,,,,5
img_00012063,images/img_00012063.jpg,02_deepfirearm,deepfirearm,41fd78e217b76f6ee0182f812f33761be199e610a03dfbfd0650a322de664d10,,pending,,,,5
img_00012064,images/img_00012064.jpg,02_deepfirearm,deepfirearm,b148430d037fb4632e9143a32bd53eec89ee98006bf562c7e52532b3a53b9052,,pending,,,,5
img_00012065,images/img_00012065.jpg,02_deepfirearm,deepfirearm,0676f481e58ac621cca738d8461465b0beb6b41ffec763c5bd28a4c8b8dacd16,,pending,,,,5
img_00012066,images/img_00012066.jpg,02_deepfirearm,deepfirearm,1c1ae2f4ccc9b1d8ae0f45680c8bbe681739c30c78d2da917464cc0fa0efcb55,,pending,,,,5
img_00012067,images/img_00012067.jpg,02_deepfirearm,deepfirearm,f2b69803f68d4b142aa872bdc196a4488c7441114d0d5655100e3778fe115451,,pending,,,,5
img_00012068,images/img_00012068.jpg,02_deepfirearm,deepfirearm,e39ead2175b31ff221ed2cc4f2685a28a36bb7f80c73d69a18dd5c89a97ca42c,,pending,,,,5
img_00012069,images/img_00012069.jpg,02_deepfirearm,deepfirearm,ddd092c7db6fd364f6e5ec96235b6d330ef479ae310c9c4716999c65c3647a4a,,pending,,,,5
img_00012070,images/img_00012070.jpg,02_deepfirearm,deepfirearm,05deb6beda1a5f019a7f42ff5aef3eb125a7840fda4a6b824d4a757a3f1fb7a5,,pending,,,,5
img_00012071,images/img_00012071.jpg,02_deepfirearm,deepfirearm,50ae2a8f938896242cda2805eb914fe0255905440fe8ab205d4538ea8ac9f43e,,pending,,,,5
img_00012072,images/img_00012072.jpg,02_deepfirearm,deepfirearm,47f1ed0f107a2194ffa16fe9a4b6f995e7eeaddb49b3437a2f2cf268d19a1991,,pending,,,,5
img_00012073,images/img_00012073.jpg,02_deepfirearm,deepfirearm,a7a26ce185b699158ffd9e1b98c5f94ad7fb710d199e18acde3ddb8b8e1b404e,,pending,,,,5
img_00012074,images/img_00012074.jpg,02_deepfirearm,deepfirearm,5831dcc8e97a401a591543576a4873853a3e3db1a943e621aab55877b5adc0de,,pending,,,,5
img_00012075,images/img_00012075.jpg,02_deepfirearm,deepfirearm,313a615ee18c6ce5c1697d306537a624908838c4baa1c8c480658caaf18cbb86,,pending,,,,5
img_00012076,images/img_00012076.jpg,02_deepfirearm,deepfirearm,90446d2870c44db27c11b8f3db809ed03721fc39a90118214d433bdda8046337,,pending,,,,5
img_00012077,images/img_00012077.jpg,02_deepfirearm,deepfirearm,90a27ae1be502942f4227460424842e8751557b7f2a83928ed4fc79d2aeda800,,pending,,,,5
img_00012078,images/img_00012078.jpg,02_deepfirearm,deepfirearm,af02a7a9c21b3746bbdb4a007d26bb983b0477d3529b7f87ace4edd2b54c8d24,,pending,,,,5
img_00012079,images/img_00012079.jpg,02_deepfirearm,deepfirearm,e0ed3f9af14e1283df9bfed2da3dbd2eb00a68293608c1d891dfe0bd78f18e32,,pending,,,,5
img_00012080,images/img_00012080.jpg,02_deepfirearm,deepfirearm,2d800c3aa3f36e75572654bb3efb389dba219c46d7a3ca7ce88e2f782d49a997,,pending,,,,5
img_00012081,images/img_00012081.jpg,02_deepfirearm,deepfirearm,518a285e1a516e87fe06a1a826ee25adda12674a4339d1be2ca198e48cad4c3e,,pending,,,,5
img_00012082,images/img_00012082.jpg,02_deepfirearm,deepfirearm,7cf219538e3be64b8310543c3c7962d0e7525c59e540f4de8bec2284f2cd47d3,,pending,,,,5
img_00012083,images/img_00012083.jpg,02_deepfirearm,deepfirearm,23374f58ca7da89b5c566f1f1b39edb73b1a157ff02d0e83d75bff536f94d1e8,,pending,,,,5
img_00012084,images/img_00012084.jpg,02_deepfirearm,deepfirearm,2fc9619c7383fe15628230aa699decba14534b8c8ff1b2481756990aef468551,,pending,,,,5
img_00012085,images/img_00012085.jpg,02_deepfirearm,deepfirearm,48b7ae70b944182d26684b27000f46c2eb8b76f8ac423887a80567c5cdd749ce,,pending,,,,5
img_00012086,images/img_00012086.jpg,02_deepfirearm,deepfirearm,aae606041a2470b33e9e1917be010f935f4437b9cdf992fe264c01e1384dca52,,pending,,,,5
img_00012087,images/img_00012087.jpg,02_deepfirearm,deepfirearm,835819002cec2a3de07833b9fb60d94a60943d6467646bfa6ace095fd00041e9,,pending,,,,5
img_00012088,images/img_00012088.jpg,02_deepfirearm,deepfirearm,183bd81f515d8a061afd46be70fb5b0fb3bbef069abec9230e000fd4f0a88d64,,pending,,,,5
img_00012089,images/img_00012089.jpg,02_deepfirearm,deepfirearm,dabcbebd3232f174945b4259b011d367119cb693a6dba69312a49f40e127ec25,,pending,,,,5
img_00012090,images/img_00012090.jpg,02_deepfirearm,deepfirearm,d6712ed9ac11fbbd9ce68cc0a8b949ef1959548dfe1f4a4aa4363a276f03af4b,,pending,,,,5
img_00012091,images/img_00012091.jpg,02_deepfirearm,deepfirearm,da5c04d78b5042b83a03d89d0c74e77820e2ff3462c0d4073c039ae312024637,,pending,,,,5
img_00012092,images/img_00012092.jpg,02_deepfirearm,deepfirearm,62b57c7624b3314c6af248aeb2718598721443ba74b2a7012e571ba622aa4f03,,pending,,,,5
img_00012093,images/img_00012093.jpg,02_deepfirearm,deepfirearm,cbef0464adf5ec2e1e6da1ddec862010fdc57dee0c3c19215e7e0acdc85d7713,,pending,,,,5
img_00012094,images/img_00012094.jpg,02_deepfirearm,deepfirearm,2d85de87f5f016e3b9377b4470cf22f8072b65532e50072ffdf92b38346ae5eb,,pending,,,,5
img_00012095,images/img_00012095.jpg,02_deepfirearm,deepfirearm,cf31616ee8f2972ee3e018508a58c560ae1a9b67e02de93ff856136c0042e4f0,,pending,,,,5
img_00012096,images/img_00012096.jpg,02_deepfirearm,deepfirearm,d0ef2fc909899eccc2e77644d935a68b579cfa039a8b10f159c0073593cd5a79,,pending,,,,5
img_00012097,images/img_00012097.jpg,02_deepfirearm,deepfirearm,9ec3d2361d901ed49fb2fe7d75dc6faff4d4a75494a8eafcc6a21fa24055c032,,pending,,,,5
img_00012098,images/img_00012098.jpg,02_deepfirearm,deepfirearm,cdfea69b8f50afe667038794c2933a7cd5e3634eeceae2e006b6553bd8a665e0,,pending,,,,5
img_00012099,images/img_00012099.jpg,02_deepfirearm,deepfirearm,b427d58d2baf205693f45a2281acf266fafbe87a6c416a257fe8a78355e77fe9,,pending,,,,5
img_00012100,images/img_00012100.jpg,02_deepfirearm,deepfirearm,216dcdcd5e92b506c51671ec19639de07289efb063e17fcdb1901d8af94d7e6c,,pending,,,,5
img_00012101,images/img_00012101.jpg,02_deepfirearm,deepfirearm,09a55b99674aa444b54869f0a28014c44cde636b1aa33bb591168ca90ab81139,,pending,,,,5
img_00012102,images/img_00012102.jpg,02_deepfirearm,deepfirearm,a5a08cfe939417ad8de693b619d3326b1771d02ce52400c1820a8c8e826ffb5d,,pending,,,,5
img_00012103,images/img_00012103.jpg,02_deepfirearm,deepfirearm,05bc7f707d54d4dd28dd8f0add82e5cc08cafa53874ddbbda48279d8e3365e40,,pending,,,,5
img_00012104,images/img_00012104.jpg,02_deepfirearm,deepfirearm,ce30d9955a652c94c7e9d58c6c6f71ec10603f64d321291b35abb0dc9c098b93,,pending,,,,5
img_00012105,images/img_00012105.jpg,02_deepfirearm,deepfirearm,fdf3ab05fafacfca1f156a473b9c203e25207e53316f912734b80fa28197070d,,pending,,,,5
img_00012106,images/img_00012106.jpg,02_deepfirearm,deepfirearm,09d8ece5da27fa64343e0e3bc1c7c19e2224da3649ad0ed17e78751692096c67,,pending,,,,5
img_00012107,images/img_00012107.jpg,02_deepfirearm,deepfirearm,2e366c0a8a1f6a7b266e40fd6b7afb24a831bc61d9cb648cecf0480171858943,,pending,,,,5
img_00012108,images/img_00012108.jpg,02_deepfirearm,deepfirearm,9df15ab23a949b95ec8a32ed5fd68702a4f73a5bc93d30d458981633d66786f8,,pending,,,,5
img_00012109,images/img_00012109.jpg,02_deepfirearm,deepfirearm,87de44cb172c97c01596e906cb9baa66eb0a77144d31194673b59e5a9c0016f2,,pending,,,,5
img_00012110,images/img_00012110.jpg,02_deepfirearm,deepfirearm,5ba49ef007d60b8cc5921ec5e236eb2708adf6f42646bb70ac9c6b77a852223b,,pending,,,,5
img_00012111,images/img_00012111.jpg,02_deepfirearm,deepfirearm,5cbb96a5596f2e6ddb25ee219e3d89c7e50994fc273ee8c5a27cdbcb68ad7bd0,,pending,,,,5
img_00012112,images/img_00012112.jpg,02_deepfirearm,deepfirearm,d695b837aa7c42ab645fc1cbfd0ee6fe7976809d971d230a2655aa4a5aab26b1,,pending,,,,5
img_00012113,images/img_00012113.jpg,02_deepfirearm,deepfirearm,e8856c8561b8cb388426262d25f4912b14ff0c42a4d0081c25d1e2e9508335cd,,pending,,,,5
img_00012114,images/img_00012114.jpg,02_deepfirearm,deepfirearm,bec5a360475fe833ea20ffb70ee7caaf0b0139dc239ae1934075a949e766be93,,pending,,,,5
img_00012115,images/img_00012115.jpg,02_deepfirearm,deepfirearm,0376bde3f99a3afd37f8546f95455b84b95784fda9bf5fc8453a1be655839437,,pending,,,,5
img_00012116,images/img_00012116.jpg,02_deepfirearm,deepfirearm,bee3cb3dd6a15f7fc1440c8f443757a5a48f999f0d37713ccf5968e04f20de3d,,pending,,,,5
img_00012117,images/img_00012117.jpg,02_deepfirearm,deepfirearm,907461ce79817c88660f9fd1a79ac07936c224ca62b807adcd3c17dd52f29845,,pending,,,,5
img_00012118,images/img_00012118.jpg,02_deepfirearm,deepfirearm,3059f180fb622fa5165061f1ea4ff393cbf3f944e056521ae23e69969ee99b25,,pending,,,,5
img_00012119,images/img_00012119.jpg,02_deepfirearm,deepfirearm,86694bdcd69dab0eade45859ced1f526738eb456084e1445c53ba01e50a4c7e7,,pending,,,,5
img_00012120,images/img_00012120.jpg,02_deepfirearm,deepfirearm,36b83d426b055de307146b8ef47cccd83781edd12b61f8b84d8d27f65bd301da,,pending,,,,5
img_00012121,images/img_00012121.jpg,02_deepfirearm,deepfirearm,43dd48a433b2774526a16c6503a197246a9c037fb4870c2eebdd9c99f99105cb,,pending,,,,5
img_00012122,images/img_00012122.jpg,02_deepfirearm,deepfirearm,4c8df2b91bebf9cf1b849eb68f645a0cd66e67bb148e15044b44c6f2070bafd8,,pending,,,,5
img_00012123,images/img_00012123.jpg,02_deepfirearm,deepfirearm,1f9214142011601d04d95ab41aefb6360e87057f462b3a6afb4c267a57e00c03,,pending,,,,5
img_00012124,images/img_00012124.jpg,02_deepfirearm,deepfirearm,794e599dad715eaf1062c2620bb075551d908270d86709b516ab1401ae91de52,,pending,,,,5
img_00012125,images/img_00012125.jpg,02_deepfirearm,deepfirearm,5cff4608a7ed50f0a4920e70ee5634a4d121e43a50f2760c938d4bff8a2140ef,,pending,,,,5
img_00012126,images/img_00012126.jpg,02_deepfirearm,deepfirearm,a96b5256e986342fd28a8419431bac87a384c826bde755ba87f3ce7d171bc668,,pending,,,,5
img_00012127,images/img_00012127.jpg,02_deepfirearm,deepfirearm,3f32b584dcfcef4201dfd5408dfb538ddbb393b548b8da296a2268acfe5eeca6,,pending,,,,5
img_00012128,images/img_00012128.jpg,02_deepfirearm,deepfirearm,412fdb73e0fa2a0aeacb206b00e86114e2b661e71299993d893e5074130fd4d9,,pending,,,,5
img_00012129,images/img_00012129.jpg,02_deepfirearm,deepfirearm,1e3a9fac6f0203374af6400df72577d1184d2d3747caf8c4fdafe84d1ff75ff8,,pending,,,,5
img_00012130,images/img_00012130.jpg,02_deepfirearm,deepfirearm,cc2a0b9932f0fad8e27e1b40c73ac8706ef55ae12a02c2497915ccae4215b6ed,,pending,,,,5
img_00012131,images/img_00012131.jpg,02_deepfirearm,deepfirearm,5c1ce61a5787f0625b6c609be3e299d6a48528caaa4622852095e84d958b5aa8,,pending,,,,5
img_00012132,images/img_00012132.jpg,02_deepfirearm,deepfirearm,df4368cd908ee0ecd275dc6972cba400f28207869e242c2981debd0c53dfd374,,pending,,,,5
img_00012133,images/img_00012133.jpg,02_deepfirearm,deepfirearm,3d93b0d7c69c92e28c847c4cf55bd6640ecd1124ac7daff0ce5828027084de70,,pending,,,,5
img_00012134,images/img_00012134.jpg,02_deepfirearm,deepfirearm,c805d2c3eba757790650296c8a78ce4042b68986ff72782d1f7dd0d7976310b4,,pending,,,,5
img_00012135,images/img_00012135.jpg,02_deepfirearm,deepfirearm,3359133ecde613cbfbc162b8d24f52abda39b6c3aad5139201ea9d54c2287ff7,,pending,,,,5
img_00012136,images/img_00012136.jpg,02_deepfirearm,deepfirearm,04ea66ff2a794cbe9bc6b96da2074ed614105d1cae16f14037d119b29b9ee453,,pending,,,,5
img_00012137,images/img_00012137.jpg,02_deepfirearm,deepfirearm,1951435a4d85633f88f2b33ac0b92c46db705f06a6971b62e908c8e5d8eec9f8,,pending,,,,5
img_00012138,images/img_00012138.jpg,02_deepfirearm,deepfirearm,9176fbe7c7969c4be72a3c049dd1c9062d0726d8e232ec63eebdbba85695e230,,pending,,,,5
img_00012139,images/img_00012139.jpg,02_deepfirearm,deepfirearm,55d838bf528f380c23f24e3628699f9e3c8d9c74c33ed493ecfe27c12e4e5b57,,pending,,,,5
img_00012140,images/img_00012140.jpg,02_deepfirearm,deepfirearm,91fdf5d52c453e6137095c5f3d556e6a57c0ebdc37f94ba3fc0c4f752471b450,,pending,,,,5
img_00012141,images/img_00012141.jpg,02_deepfirearm,deepfirearm,4864b10106cf166538acabd93b55825ef77278b091dbc2b7dab3a123b45ad82b,,pending,,,,5
img_00012142,images/img_00012142.jpg,02_deepfirearm,deepfirearm,5e014af2eddc1e493a811661dfa901440f01297840d009a3a644726c108eaa49,,pending,,,,5
img_00012143,images/img_00012143.jpg,02_deepfirearm,deepfirearm,40c36113b70220d4f1e92565d5f4fcce4786c6be39719547f31b49fa8dcb505f,,pending,,,,5
img_00012144,images/img_00012144.jpg,02_deepfirearm,deepfirearm,e1345d5a07c49571227b535be81017c66908522167a161221f1727d48e5f96e6,,pending,,,,5
img_00012145,images/img_00012145.jpg,02_deepfirearm,deepfirearm,fe565f422249f1e6beb60ce3bfe0f93e84246a4b0185d1c0cabc509e015503ce,,pending,,,,5
img_00012146,images/img_00012146.jpg,02_deepfirearm,deepfirearm,39ca7e144b9782a81a0e89fc5c5f334cf1c6e51cabb5b5c98e9305da3cfd5ce1,,pending,,,,5
img_00012147,images/img_00012147.jpg,02_deepfirearm,deepfirearm,6ece1e7f4f82702665fa995d4cdf5652b0018e630bb5cd44a5fa1a4aa03fc925,,pending,,,,5
img_00012148,images/img_00012148.jpg,02_deepfirearm,deepfirearm,fb39bba9188658a63b279d2aa63620d3b9ab076d7a23db9a7499cce14eb36cd9,,pending,,,,5
img_00012149,images/img_00012149.jpg,02_deepfirearm,deepfirearm,756834b76ab24c88a48ebf5bfb7a7ed5d613f18b89a1d4f2a8df80034c7362ce,,pending,,,,5
img_00012150,images/img_00012150.jpg,02_deepfirearm,deepfirearm,9351fb0d54959c8c3d9a4eb80672c988e881b60d954d1ded5c7d67e72bf9a23f,,pending,,,,5
img_00012151,images/img_00012151.jpg,02_deepfirearm,deepfirearm,4c0c4ebd8bf6d332eddaf3a9420a2afd761bb6d216d0a2265ab49b48790ca2ab,,pending,,,,5
img_00012152,images/img_00012152.jpg,02_deepfirearm,deepfirearm,9723c7f1a995873ed6d4239644002889102c972313f7f88fca41c21d7e57c768,,pending,,,,5
img_00012153,images/img_00012153.jpg,02_deepfirearm,deepfirearm,f962b012359e071e7b785c5dbb7dba72173855ffd8a79191f4d3ee259d8782bb,,pending,,,,5
img_00012154,images/img_00012154.jpg,02_deepfirearm,deepfirearm,901dab6a388df6d2dbc91336ac6179920c485ab2a0660b4c3cf847fae34ea393,,pending,,,,5
img_00012155,images/img_00012155.jpg,02_deepfirearm,deepfirearm,72cec4104ea96385f83be608b59e053837c50eef557ca23db0d85ce5c12362b6,,pending,,,,5
img_00012156,images/img_00012156.jpg,02_deepfirearm,deepfirearm,0ae04c24c075f0c7bd88416e93b6879bf221e561120238a0b0f7ecf0a847f465,,pending,,,,5
img_00012157,images/img_00012157.jpg,02_deepfirearm,deepfirearm,68af4dc3057879374b7adf4106a909ceec16027a61dd3a0ff12f256a4fbdf38c,,pending,,,,5
img_00012158,images/img_00012158.jpg,02_deepfirearm,deepfirearm,5454bc13ae8cd0894b667dc5c6364ff9d185d1711dbc6bc83387515949bf9381,,pending,,,,5
img_00012159,images/img_00012159.jpg,02_deepfirearm,deepfirearm,4f7c7f4895b3e7e6255716c74864d742f9877cf6e9e760f3d56f5c05346b7c0a,,pending,,,,5
img_00012160,images/img_00012160.jpg,02_deepfirearm,deepfirearm,e2f1826ba09e4a4b9b7de65251baf71f4e3ee4ac703257bc47a26e16dbc56557,,pending,,,,5
img_00012161,images/img_00012161.jpg,02_deepfirearm,deepfirearm,4ff99421ea4bf6cd853747dabc64bbb7a0829646fc0dc15953e769c7cb38994e,,pending,,,,5
img_00012162,images/img_00012162.jpg,02_deepfirearm,deepfirearm,8f20a80e1c1274229918110c77f682594229439925037633e39c609442e959f2,,pending,,,,5
img_00012163,images/img_00012163.jpg,02_deepfirearm,deepfirearm,6c9e846f76e54382e84121631e7fc21362610cfc0977a47998a2f3188dfc03f5,,pending,,,,5
img_00012164,images/img_00012164.jpg,02_deepfirearm,deepfirearm,72e691cd43f7058d11ddb56b30e081883f03f9fa132da76d244f6ef8d7cccddb,,pending,,,,5
img_00012165,images/img_00012165.jpg,02_deepfirearm,deepfirearm,84139c38c66dfec44c971ac947e817931c5cef84a8ba694c7a541170955f6945,,pending,,,,5
img_00012166,images/img_00012166.jpg,02_deepfirearm,deepfirearm,34837efbb05fa6bfcae980c47a1ec8f2a9e505d209732495c2d2eb6cbdf8e7dc,,pending,,,,5
img_00012167,images/img_00012167.jpg,02_deepfirearm,deepfirearm,52e21980c0d8b1a8af2390728a0b350d96dcc23fb77ba2b62cbb22d759faf86e,,pending,,,,5
img_00012168,images/img_00012168.jpg,02_deepfirearm,deepfirearm,7a44d4438d13f7d9fda9c95accd4475e641be5f4056e8ba5850c9f6284bd8f53,,pending,,,,5
img_00012169,images/img_00012169.jpg,02_deepfirearm,deepfirearm,64beb5de3666fa5547121defa213fcd05d8188de4d8e3b8ed0b83070d6834760,,pending,,,,5
img_00012170,images/img_00012170.jpg,02_deepfirearm,deepfirearm,a3522a1ea8d88323790be3b06a032a90ded2ff3272138eda1578c5e11f5505fb,,pending,,,,5
img_00012171,images/img_00012171.jpg,02_deepfirearm,deepfirearm,194463180df96da900e46f2a48976846f34b900f9f6adc0fc431e6b6409d6c48,,pending,,,,5
img_00012172,images/img_00012172.jpg,02_deepfirearm,deepfirearm,7a3e4d6e0604774fdc816dd1d572d8ee97b9eb91348243a1173548f6bdb378fa,,pending,,,,5
img_00012173,images/img_00012173.jpg,02_deepfirearm,deepfirearm,1513949c5c86741b89b595e2e2a4ce849281ba7ac373f10333094f886ef4419d,,pending,,,,5
img_00012174,images/img_00012174.jpg,02_deepfirearm,deepfirearm,140eb1cad79cc8b31ff17a3df89b42bb2ea76cb4bab05acb49254bdbc36edabe,,pending,,,,5
img_00012175,images/img_00012175.jpg,02_deepfirearm,deepfirearm,670d65677da58f8304798d74c2807b031a54c7ad78ae92cecb4cfe6cb8c23e4a,,pending,,,,5
img_00012176,images/img_00012176.jpg,02_deepfirearm,deepfirearm,203f55acbdbe3d1616089767903054e48c11a1e7c60c03e787b1b858d6298094,,pending,,,,5
img_00012177,images/img_00012177.jpg,02_deepfirearm,deepfirearm,e482cf469bb0e349c581fe6bcaf81364dd00c7e1cd201c872ef69e8a6b746fff,,pending,,,,5
img_00012178,images/img_00012178.jpg,02_deepfirearm,deepfirearm,ab3c08dc665798c909371efec1a35577c0bef71983c5de993204c2cf7dad58f6,,pending,,,,5
img_00012179,images/img_00012179.jpg,02_deepfirearm,deepfirearm,9337b47d033992b1269ab1c6db57fa520c08565f4fc6d781673ac5c240b93589,,pending,,,,5
img_00012180,images/img_00012180.jpg,02_deepfirearm,deepfirearm,d2fd1ead83d43dd6d6d29102e44952a1f81edd04f6300631fa2215bab63807d8,,pending,,,,5
img_00012181,images/img_00012181.jpg,02_deepfirearm,deepfirearm,3254a640bd4b45fea072f6a8b401796ed1b3a7d7a91b90568e4b154ccef6ca9d,,pending,,,,5
img_00012182,images/img_00012182.jpg,02_deepfirearm,deepfirearm,e49b0a2effdd78337c2c713f35d2df75ce8de2a7e6adaed896d3b1a2e538121e,,pending,,,,5
img_00012183,images/img_00012183.jpg,02_deepfirearm,deepfirearm,be21f60dd84d3867d174ee32aff8d2aca053b453ff3628e25cc7ef47ab6cfe50,,pending,,,,5
img_00012184,images/img_00012184.jpg,02_deepfirearm,deepfirearm,1350e5a598a3d4932c68837df9f48bc1820ffa58e81c466de824d2b3fad6bd32,,pending,,,,5
img_00012185,images/img_00012185.jpg,02_deepfirearm,deepfirearm,30d79a8f43d867c68c1ad9ad040dae26eca09513ecdcaaf3b6717c1fcc026584,,pending,,,,5
img_00012186,images/img_00012186.jpg,02_deepfirearm,deepfirearm,4c6842e51a0a44734fbbb22c4dd52e5e8185bb2c561bc77910fb82a0ec3ec0a8,,pending,,,,5
img_00012187,images/img_00012187.jpg,02_deepfirearm,deepfirearm,b4dbc8fe97f7d45000c00d18b4b1a09ed49b9ee31382e2119236efb29fa80248,,pending,,,,5
img_00012188,images/img_00012188.jpg,02_deepfirearm,deepfirearm,c016204c380a0edb8f84796ac47d96deddd0dac476d4efd66e92a0349624fbc6,,pending,,,,5
img_00012189,images/img_00012189.jpg,02_deepfirearm,deepfirearm,dfb69d5feef2c235926e4865b0d471ab76d238a0c5ef287ed4845bbe0c8f0830,,pending,,,,5
img_00012190,images/img_00012190.jpg,02_deepfirearm,deepfirearm,d5047fac1186fc99f933793813e9c49d050aa2784a15f431309ba99dcd54cf08,,pending,,,,5
img_00012191,images/img_00012191.jpg,02_deepfirearm,deepfirearm,b0474aa40c7ef1466f7980d314cc64d94c47cd0432203d9868a7f4862ce97029,,pending,,,,5
img_00012192,images/img_00012192.jpg,02_deepfirearm,deepfirearm,9138d5f474f8d112e681192e876fc4bcfac11450e678c40f557796caca10b136,,pending,,,,5
img_00012193,images/img_00012193.jpg,02_deepfirearm,deepfirearm,5a81fecda44040e7d3f52cdef6f90f17d1b2597e8a7e4d8e59e8e910ffab1e7b,,pending,,,,5
img_00012194,images/img_00012194.jpg,02_deepfirearm,deepfirearm,c4b7816f5637debbe7a3fa351f4abc157bd78c2c9dfcfc80432e7cf7d2802f07,,pending,,,,5
img_00012195,images/img_00012195.jpg,02_deepfirearm,deepfirearm,41df706c7d006b81781324da426b9944e7570a2ef0189f58c3ad6cab56e1d731,,pending,,,,5
img_00012196,images/img_00012196.jpg,02_deepfirearm,deepfirearm,00a30fadd60168d976a0b42690abcbac8caf34654282991732f680434eebeaba,,pending,,,,5
img_00012197,images/img_00012197.jpg,02_deepfirearm,deepfirearm,adbe553eeb9fcd38760465fa1e7f0a7e5e98a777c119ce96a26528d9012f6847,,pending,,,,5
img_00012198,images/img_00012198.jpg,02_deepfirearm,deepfirearm,b634e202ddae5711de489881f970cb78b5579d1186f785c1a235e37b0f5c6e1f,,pending,,,,5
img_00012199,images/img_00012199.jpg,02_deepfirearm,deepfirearm,14354e16bdb7954d3cfafa1bace852ab2cbe3cb4b509fed1db2650ab0a664205,,pending,,,,5
img_00012200,images/img_00012200.jpg,02_deepfirearm,deepfirearm,5a921bff8b47727dfe6c104457d512cd1b663b7b13114cedffa2b40a5e6f917b,,pending,,,,5
img_00012201,images/img_00012201.jpg,02_deepfirearm,deepfirearm,76f6b7bf1624040cbe9a435717b0ce37b883e1f5c3067fa6fec21d7cd2650b73,,pending,,,,5
img_00012202,images/img_00012202.jpg,02_deepfirearm,deepfirearm,80bff9e251f66ac81027e0c33938ef7a8fe78cfabfeb1cb0609b5d3d7428739f,,pending,,,,5
img_00012203,images/img_00012203.jpg,02_deepfirearm,deepfirearm,112cc6a4b2a505545147ce8cc0972f8896caa4a78480a8b2121a716a84c28cf4,,pending,,,,5
img_00012204,images/img_00012204.jpg,02_deepfirearm,deepfirearm,277ceff454749778bc787ba0edef1b4917072445dff228daaf987108e38c4304,,pending,,,,5
img_00012205,images/img_00012205.jpg,02_deepfirearm,deepfirearm,f5820519aaed9a9c053610dc52ae9dcd9d414a2a164da7c7babbbcd530f3c0ac,,pending,,,,5
img_00012206,images/img_00012206.jpg,02_deepfirearm,deepfirearm,b7471bb52528854c8e48340902520b3af7b1b1a2b7fe34e483a5e606049be217,,pending,,,,5
img_00012207,images/img_00012207.jpg,02_deepfirearm,deepfirearm,cef9cdf09fd17de1d01fc2a89b6cb5d6e316137721169f507f5342b77365fb74,,pending,,,,5
img_00012208,images/img_00012208.jpg,02_deepfirearm,deepfirearm,7f9c1bb9d4a8b1bb1d3a1ea7a65a9dca776eef574c11d2467791c7923facc058,,pending,,,,5
img_00012209,images/img_00012209.jpg,02_deepfirearm,deepfirearm,f042766e13987211f5fef8399c91aa451bcb61d10e524ccafffc2018b039c270,,pending,,,,5
img_00012210,images/img_00012210.jpg,02_deepfirearm,deepfirearm,ff63f353b7989ecde3c2ec16715bb879f04d0427a2e6e115da8d7e30fe1f40d9,,pending,,,,5
img_00012211,images/img_00012211.jpg,02_deepfirearm,deepfirearm,7a7a5ebec5af696de8ca3ac9068c12b6f78dd23262dfb78b44ef00e9d546c6e2,,pending,,,,5
img_00012212,images/img_00012212.jpg,02_deepfirearm,deepfirearm,51bd16947cf1eaf9aa8ed9fb3512352d06ee035b83b6d1d56d5c0b3bbec7bec9,,pending,,,,5
img_00012213,images/img_00012213.jpg,02_deepfirearm,deepfirearm,1166ab976e3223f8edf7353336826bff7ffbb9ad8093cb02e4f69e8c39cf8d3b,,pending,,,,5
img_00012214,images/img_00012214.jpg,02_deepfirearm,deepfirearm,202c7cb80ae6f2db9960b60d446234f1590286fd3c34864a20150b50565e33ae,,pending,,,,5
img_00012215,images/img_00012215.jpg,02_deepfirearm,deepfirearm,6af2eb9aab39d3025455652fa5104deeef6d6371eb8c027e02ca89d032e8d090,,pending,,,,5
img_00012216,images/img_00012216.jpg,02_deepfirearm,deepfirearm,93bdce6ffd2bdf4b556e8781778da1366bb6b56c57420f939ee99c83f3fdd6b8,,pending,,,,5
img_00012217,images/img_00012217.jpg,02_deepfirearm,deepfirearm,798086128e461ff615607c44d08b85eb667562a2a3d18558314fb003434ca247,,pending,,,,5
img_00012218,images/img_00012218.jpg,02_deepfirearm,deepfirearm,32e0eae5561d642cd6d6e75de930f2ba82e5ad42e8949ba3dc624cb0aaef7394,,pending,,,,5
img_00012219,images/img_00012219.jpg,02_deepfirearm,deepfirearm,703f26be53b970d2b5735ce0a72bfcfc0c51384a59b85b14e2e3a0419992b59a,,pending,,,,5
img_00012220,images/img_00012220.jpg,02_deepfirearm,deepfirearm,1fd65c733d1e73fa9f460a063222da04828ff3dc3c6ecae470bf0f5c083953ee,,pending,,,,5
img_00012221,images/img_00012221.jpg,02_deepfirearm,deepfirearm,3462de523fa493ae00831cede41d88b04b8c820000558f8a1c292549beefe44f,,pending,,,,5
img_00012222,images/img_00012222.jpg,02_deepfirearm,deepfirearm,31f59c0f27154fcfc6d0d42a9d908860e26097f4643f9f77d7ab602a78a5eab7,,pending,,,,5
img_00012223,images/img_00012223.jpg,02_deepfirearm,deepfirearm,7a3b767c71bc2d5ba017c5bb4b57cdbf014d4aa670869656da41878d89cf2abe,,pending,,,,5
img_00012224,images/img_00012224.jpg,02_deepfirearm,deepfirearm,e89a6362f86e83d5ccc0eb454e150b43ce46b3159a6b76137e6ba41b8de92edb,,pending,,,,5
img_00012225,images/img_00012225.jpg,02_deepfirearm,deepfirearm,326056ac91f73f729ba693f3d021950c995ccf63825126baa00bc180b7ce8339,,pending,,,,5
img_00012226,images/img_00012226.jpg,02_deepfirearm,deepfirearm,67c2b2cd44c50640d40e755741d06c626ba09dac1760b12ce4ec6455aef7836e,,pending,,,,5
img_00012227,images/img_00012227.jpg,02_deepfirearm,deepfirearm,bd19a806a05b0a3fa5d81544b7ce2ee1364200b1fbb711ed33f3277f2dd28784,,pending,,,,5
img_00012228,images/img_00012228.jpg,02_deepfirearm,deepfirearm,6ef01b02f5a976c1e1aa1a37769664047d12044aa01874f9056cd528338b79af,,pending,,,,5
img_00012229,images/img_00012229.jpg,02_deepfirearm,deepfirearm,ecdb4ddc3a767fc76c3bf52f1b029a99d33f6eae29181f5b9e1d83f279398b5b,,pending,,,,5
img_00012230,images/img_00012230.jpg,02_deepfirearm,deepfirearm,85c35580d1bccd119d75abf0d61eabe3fc53b43543d2e4cf0973325f1d13c73b,,pending,,,,5
img_00012231,images/img_00012231.jpg,02_deepfirearm,deepfirearm,03fd5628cdf601fd6ddc37863c2fb9961543e3a84f6c03852b0245721dc4cfbc,,pending,,,,5
img_00012232,images/img_00012232.jpg,02_deepfirearm,deepfirearm,36eab389116e119054c215ffc54b0c658a36023f4fb4bb9ae277065a8e431e90,,pending,,,,5
img_00012233,images/img_00012233.jpg,02_deepfirearm,deepfirearm,4f9992266011866baa309e53f89bb392325cfc4148dc137efed6e7933c9f41d7,,pending,,,,5
img_00012234,images/img_00012234.jpg,02_deepfirearm,deepfirearm,b3558957469d54066e0815bc957b1a4964379f6fa618c84dbf707c4d95529a94,,pending,,,,5
img_00012235,images/img_00012235.jpg,02_deepfirearm,deepfirearm,265871f4fbdf0b3d7e2be2989221de15d3e6402bf441519a2538e7105424bbaf,,pending,,,,5
img_00012236,images/img_00012236.jpg,02_deepfirearm,deepfirearm,c7fb45c3ad032342fa5118cf8cbff61ba37dd3f8420a472d7bc54cf919a09779,,pending,,,,5
img_00012237,images/img_00012237.jpg,02_deepfirearm,deepfirearm,5065571bf167d2127c7ab2763b4c918939998f77b1535d7837b05a803a42e4f2,,pending,,,,5
img_00012238,images/img_00012238.jpg,02_deepfirearm,deepfirearm,2cbaaab99503a0a75d0ae2acb076d9d405cfb551010b90fbedc804622e5878e5,,pending,,,,5
img_00012239,images/img_00012239.jpg,02_deepfirearm,deepfirearm,020c4ec2573cf653aeb0a7ff125f4a7f84a233cd66c92da3c9436c9b7877fda1,,pending,,,,5
img_00012240,images/img_00012240.jpg,02_deepfirearm,deepfirearm,eb60dafb5b779c2a6b18fc477581152739c76ed35ce505c4e664896c629da799,,pending,,,,5
img_00012241,images/img_00012241.jpg,02_deepfirearm,deepfirearm,d3ac0e04e69f1cc459c4a3f8fad43924c7a2b1f95b3e427fd3a6e2ca70f36619,,pending,,,,5
img_00012242,images/img_00012242.jpg,02_deepfirearm,deepfirearm,605b0401bc0da2b09d04735fdb4301b8e5fc1e2510ff2b53c1ab2b7ede40738a,,pending,,,,5
img_00012243,images/img_00012243.jpg,02_deepfirearm,deepfirearm,8bb4d11be3da3d3464e0c127eb608098c9873e062aeb7a28e2ddf0484c874ab5,,pending,,,,5
img_00012244,images/img_00012244.jpg,02_deepfirearm,deepfirearm,452a7d5ddee17343cc8f398bef660653c539b6b546fa81544be7bde6c4d5dc30,,pending,,,,5
img_00012245,images/img_00012245.jpg,02_deepfirearm,deepfirearm,78a5f0204f0e0f37f4b87d28d220ee9a901281ae8d74fa8589ee86a3b5d02e9a,,pending,,,,5
img_00012246,images/img_00012246.jpg,02_deepfirearm,deepfirearm,d5c63cb43386369e4fc2ffc87b5d0db694f17f7488c126a64b0fb441485b1e4e,,pending,,,,5
img_00012247,images/img_00012247.jpg,02_deepfirearm,deepfirearm,0a05f1621d4b02dada00078b8fbb922c3bc0da0aa67899cc997190dc7241e0ef,,pending,,,,5
img_00012248,images/img_00012248.jpg,02_deepfirearm,deepfirearm,74ce1039f40b00d90d26cfac070c0cba3537d548e008262cedb47d882da802bc,,pending,,,,5
img_00012249,images/img_00012249.jpg,02_deepfirearm,deepfirearm,90106091c98941779b66b524432693cc17c111696dcc95b273eb4613fc14127d,,pending,,,,5
img_00012250,images/img_00012250.jpg,02_deepfirearm,deepfirearm,7071530313c9e92b85361a03656e72a99e22b3295c88d5e6fd47a80b9aeb0708,,pending,,,,5
img_00012251,images/img_00012251.jpg,02_deepfirearm,deepfirearm,321e7e9e2b933e98d4ba25b404ae02a2738dcb5347562fecb85abe18bc8145e6,,pending,,,,5
img_00012252,images/img_00012252.jpg,02_deepfirearm,deepfirearm,d48beb0e543850815610518d51927cc21d6807dd275d842edfa36418841750f6,,pending,,,,5
img_00012253,images/img_00012253.jpg,02_deepfirearm,deepfirearm,2969f1aa70288113ec7fd7332ca921419ffb9868f7d2cb996e2ea0e5a70e83bf,,pending,,,,5
img_00012254,images/img_00012254.jpg,02_deepfirearm,deepfirearm,472fb60e1450b0ff051c3d9360502d76c49b98638efaed10f622d687eebf2fe9,,pending,,,,5
img_00012255,images/img_00012255.jpg,02_deepfirearm,deepfirearm,967cdacc878e019550eb5e1721a4a86140e3f1fabb63b0e6dd97fd5931ff4d9b,,pending,,,,5
img_00012256,images/img_00012256.jpg,02_deepfirearm,deepfirearm,aaeb9c7649867444dda1f4bb71e5431d004195a0ebb0f864a4a641c3750084c7,,pending,,,,5
img_00012257,images/img_00012257.jpg,02_deepfirearm,deepfirearm,6b8afa98ee37648e8a01205303b109226677bda49615e0bbbc2fb68cdde0fec7,,pending,,,,5
img_00012258,images/img_00012258.jpg,02_deepfirearm,deepfirearm,45e233ea973caf2c1352bc0f173496c034151bf0251e6e80c4a32894787d5cb6,,pending,,,,5
img_00012259,images/img_00012259.jpg,02_deepfirearm,deepfirearm,89ea93044e1b5a3dd5f05881a36dc35ef945e033fbc254d758ce7b6b1823ddd3,,pending,,,,5
img_00012260,images/img_00012260.jpg,02_deepfirearm,deepfirearm,9ec61eb5358941c2f01242839d3118df321fd8bb3a47af533e7d10f5bd1669b2,,pending,,,,5
img_00012261,images/img_00012261.jpg,02_deepfirearm,deepfirearm,75078d9ba9c4a38b432619bdf79534234d73b1fc6be8b4c1b5530a896706081c,,pending,,,,5
img_00012262,images/img_00012262.jpg,02_deepfirearm,deepfirearm,32fc71abc9dd4bc1b269279767657ceae5f4bdab93c117c45bff3833a5e4ef9f,,pending,,,,5
img_00012263,images/img_00012263.jpg,02_deepfirearm,deepfirearm,0455a70314153acda12578cd3c48467942800961c3abf1b941337b0c508159fa,,pending,,,,5
img_00012264,images/img_00012264.jpg,02_deepfirearm,deepfirearm,9a7d4682e41b8cac94947c291ce1ee1bc978ad290d10cbe9b3662d8a0f35d25b,,pending,,,,5
img_00012265,images/img_00012265.jpg,02_deepfirearm,deepfirearm,db98228489931cd36a9592a86ba1bbfc1305be5c8b6f4f2b478effb3cc64b8b9,,pending,,,,5
img_00012266,images/img_00012266.jpg,02_deepfirearm,deepfirearm,9342d620f27728a6d7aad73bf6c60bf3c33969c909ce23f0f0840b3eb73f31e5,,pending,,,,5
img_00012267,images/img_00012267.jpg,02_deepfirearm,deepfirearm,fe1d77f2cd59ff66bee4f51bb48aa533329950025c872fec38721a54860111ea,,pending,,,,5
img_00012268,images/img_00012268.jpg,02_deepfirearm,deepfirearm,5a668dc3bd2f795a0f1662f5675747f76b0ba2c2dab41e22d261c5b817be33cc,,pending,,,,5
img_00012269,images/img_00012269.jpg,02_deepfirearm,deepfirearm,1ce4ee3ad2cd6628ac2035e1bd56663ce1e59ba15af3311a03bb5432be047256,,pending,,,,5
img_00012270,images/img_00012270.jpg,02_deepfirearm,deepfirearm,0bff5be9cbed6711d45cec2a5d487d34a5df5733546d266a36e36cdc8b2d60cf,,pending,,,,5
img_00012271,images/img_00012271.jpg,02_deepfirearm,deepfirearm,a09dd2592556fe4f348394f9a415c98a70531014cd88f08228603409c96b6120,,pending,,,,5
img_00012272,images/img_00012272.jpg,02_deepfirearm,deepfirearm,3bb127c20c43bdd0f081a5858d8dee4e290c1d8c282a7b4bea5907a84c9cabe7,,pending,,,,5
img_00012273,images/img_00012273.jpg,02_deepfirearm,deepfirearm,7e64ba6eee8b6938aea16f4419cfe9e51c7b2fc530b4046b84d2b0299ee2db92,,pending,,,,5
img_00012274,images/img_00012274.jpg,02_deepfirearm,deepfirearm,b0dbc2442dea6e82f3b7e0550fe5bad300927d1cf61784b6e6a8787eaf0865db,,pending,,,,5
img_00012275,images/img_00012275.jpg,02_deepfirearm,deepfirearm,8d7eb15fd0d96dd84480cec7c16ee2914c42ea2a54c749d9ed2d61c35f4481d5,,pending,,,,5
img_00012276,images/img_00012276.jpg,02_deepfirearm,deepfirearm,128aa1f67c4269bb5259bd2cef7a97b6a966f7021c30b3e2f423ea4d6657ba56,,pending,,,,5
img_00012277,images/img_00012277.jpg,02_deepfirearm,deepfirearm,516131bc193f8efcebd294584dbc980d034498bc63d60007b74f6afa736e0db9,,pending,,,,5
img_00012278,images/img_00012278.jpg,02_deepfirearm,deepfirearm,2a10cf3d5655cd4ae65152407c270106bed21e3a21f89da37b5beb25f3c8a918,,pending,,,,5
img_00012279,images/img_00012279.jpg,02_deepfirearm,deepfirearm,cb338e965570ac83a733bd1dbe1844dcf9a0fc5131ac579dde541ac6a5e17535,,pending,,,,5
img_00012280,images/img_00012280.jpg,02_deepfirearm,deepfirearm,1328ea34b4285a967fcc1380f5cd47a169aed81d5cab64c1a963e97c060bc0d8,,pending,,,,5
img_00012281,images/img_00012281.jpg,02_deepfirearm,deepfirearm,700daca95fcab37649f99f7d153d8579c7782a9777cceac71a27c8e78341d292,,pending,,,,5
img_00012282,images/img_00012282.jpg,02_deepfirearm,deepfirearm,10529c98cde6d500a57e3588aa095a2089b486a9896533df0a2470dabc3d8fa6,,pending,,,,5
img_00012283,images/img_00012283.jpg,02_deepfirearm,deepfirearm,7c3e934e6b4b048fe167014c9afdbbe9cbbcff5983bffdd9ebd597ac2f041dc0,,pending,,,,5
img_00012284,images/img_00012284.jpg,02_deepfirearm,deepfirearm,38957d990b0797be160fd071ba94c1c7608f7f6bd45d6eb46736eaf3ac6fb6b4,,pending,,,,5
img_00012285,images/img_00012285.jpg,02_deepfirearm,deepfirearm,a6b5aa0768a93c14d9cc111e1c9fcc6a4e876a2123e8d9fbdc00cd1434274224,,pending,,,,5
img_00012286,images/img_00012286.jpg,02_deepfirearm,deepfirearm,4cf6a84e0e098929cd9e2af0cfed63d4a36ceddf922db4aef672a9ab26036565,,pending,,,,5
img_00012287,images/img_00012287.jpg,02_deepfirearm,deepfirearm,45ba08033373292302f1e8f03453c016f3ea3480c2c583b23da565bb5a0a50ad,,pending,,,,5
img_00012288,images/img_00012288.jpg,02_deepfirearm,deepfirearm,51707f1de975c8087858ddbc6488819440a8b70f0fffae9edc136e27cc6e6203,,pending,,,,5
img_00012289,images/img_00012289.jpg,02_deepfirearm,deepfirearm,fbe7d78608a70542227e31492cb8c47af7d53de072317760afec0ea9495aa315,,pending,,,,5
img_00012290,images/img_00012290.jpg,02_deepfirearm,deepfirearm,c58567c2b5c7a0fc1d694c5d5d22a12539b470a41252596f9083b7e4762643a5,,pending,,,,5
img_00012291,images/img_00012291.jpg,02_deepfirearm,deepfirearm,b156d4f2160a5d9921309a61f4adb5761c260bc2c6cd5f4d957b45a6857f98ba,,pending,,,,5
img_00012292,images/img_00012292.jpg,02_deepfirearm,deepfirearm,8932afe03d9a2b5a4472852615782a90698781fc3af13f70a9b7782e7ab49aae,,pending,,,,5
img_00012293,images/img_00012293.jpg,02_deepfirearm,deepfirearm,298a573ee411370698a2f3ff7e2e74f2262ef506d31ee2afefa94568f840569a,,pending,,,,5
img_00012294,images/img_00012294.jpg,02_deepfirearm,deepfirearm,ca293325c01d1ca1b56639fa5884163fe323893be88a3926370c9536ea26548c,,pending,,,,5
img_00012295,images/img_00012295.jpg,02_deepfirearm,deepfirearm,21dba2207b69f08e0eaeafbaaa76e2091b133f374251eb1ba0a29f8c900a648b,,pending,,,,5
img_00012296,images/img_00012296.jpg,02_deepfirearm,deepfirearm,c55637fd9d8c9224cec19f001b2f48524d95a2877f47691906f4811430864e4c,,pending,,,,5
img_00012297,images/img_00012297.jpg,02_deepfirearm,deepfirearm,71769a3d9d5bcb47da35ad87d765826ed5d8f130a18609b3f26ca43e08edee8d,,pending,,,,5
img_00012298,images/img_00012298.jpg,02_deepfirearm,deepfirearm,d4fc7ec3c9c663aa376256871752b6e68fead0a43654c7550b82c4a85ad42356,,pending,,,,5
img_00012299,images/img_00012299.jpg,02_deepfirearm,deepfirearm,0d88ecd6240c4165fe11d4e612fd04ed9e0b2ba301eabfb4207028730076840b,,pending,,,,5
img_00012300,images/img_00012300.jpg,02_deepfirearm,deepfirearm,5509d5d687343cff0b95cf2a9356286d264df88f2afa985746841174dd52e503,,pending,,,,5
img_00012301,images/img_00012301.jpg,02_deepfirearm,deepfirearm,78a5d3e7f17d309c6717edcdd17f44f2caac58a56327784d57d077ff5d5600da,,pending,,,,5
img_00012302,images/img_00012302.jpg,02_deepfirearm,deepfirearm,8ac5777ccc941d9dc013e0f9cc099f5e606bc54c0f97291ab73f3cb3a1842568,,pending,,,,5
img_00012303,images/img_00012303.jpg,02_deepfirearm,deepfirearm,b21016a4fa8d3d62e81466b28c3600f903029fd80375cc447e44602d4803139d,,pending,,,,5
img_00012304,images/img_00012304.jpg,02_deepfirearm,deepfirearm,306bbc0d148a297e92024a532ca2cc33554c5fe1c5a6f879514157c04123da46,,pending,,,,5
img_00012305,images/img_00012305.jpg,02_deepfirearm,deepfirearm,7da2053ee6778e88d1578bce144a34809096f58b863d588f30852134287536ff,,pending,,,,5
img_00012306,images/img_00012306.jpg,02_deepfirearm,deepfirearm,fb14b462e379b7e1eb78ba2053cf59ea1df0d3fe5c9df72975cbcbb947ae6e58,,pending,,,,5
img_00012307,images/img_00012307.jpg,02_deepfirearm,deepfirearm,cdc82cd1dcba34a1177e708f271690a8866fe01f79f0f0c5c9df7ab5a718de49,,pending,,,,5
img_00012308,images/img_00012308.jpg,02_deepfirearm,deepfirearm,e31302e4c5fbf774ba32b9906786ebede99295fb933bf5091de223d1c698b4d0,,pending,,,,5
img_00012309,images/img_00012309.jpg,02_deepfirearm,deepfirearm,235b99e0b110b8d598e74fcb783f3c298210ee5ceb40ad27e65a9f017e8e3204,,pending,,,,5
img_00012310,images/img_00012310.jpg,02_deepfirearm,deepfirearm,ee3ba57925cff61b68c330f8ae8042d117caa273124f0fc2fe07d06a1c289bc6,,pending,,,,5
img_00012311,images/img_00012311.jpg,02_deepfirearm,deepfirearm,efd5175a34d87f14c7109e2183f9596ca36bad8c193d7350be687322cbb272d6,,pending,,,,5
img_00012312,images/img_00012312.jpg,02_deepfirearm,deepfirearm,8d77ec81d7119a48430f5307280a88573f1a829435a6720bb3f09e62309f2e3a,,pending,,,,5
img_00012313,images/img_00012313.jpg,02_deepfirearm,deepfirearm,3ced576fe2524b90d1783ca751d00326ba36bb79cc36652eeace8b16faf221d8,,pending,,,,5
img_00012314,images/img_00012314.jpg,02_deepfirearm,deepfirearm,fbedc72bb1d08ca0cc59dd7d42f27588078b2b2c5f08e7b20fe91ea3485d0175,,pending,,,,5
img_00012315,images/img_00012315.jpg,02_deepfirearm,deepfirearm,42c4fafeb7a345f6fa2c501259b32d791c875536568a2d61ba2884c3ab8ba225,,pending,,,,5
img_00012316,images/img_00012316.jpg,02_deepfirearm,deepfirearm,31ef3360e0b948342c13b4dcdb9a93752b2fba41ffa2d18b59f6596de7ea9775,,pending,,,,5
img_00012317,images/img_00012317.jpg,02_deepfirearm,deepfirearm,441a120e078c8f4910e8fc152e97a68ce21a4e5e70c80842df8128d035716f00,,pending,,,,5
img_00012318,images/img_00012318.jpg,02_deepfirearm,deepfirearm,e2c89fc97f3052f1af90a139c3026871407872954030583d80001e980ff509ed,,pending,,,,5
img_00012319,images/img_00012319.jpg,02_deepfirearm,deepfirearm,e27b1311ef44ca0bc6d77da18e2bf7e32a83002155b43e4bc0eac369f2c099cb,,pending,,,,5
img_00012320,images/img_00012320.jpg,02_deepfirearm,deepfirearm,5f839912c97ac066424bef1aacc456e477c1f647084de3335dfd12d42f650855,,pending,,,,5
img_00012321,images/img_00012321.jpg,02_deepfirearm,deepfirearm,f32efd6db649ec1edff8542dfa8025c4ba2c9b9656209dbc176df1d3b1b354d3,,pending,,,,5
img_00012322,images/img_00012322.jpg,02_deepfirearm,deepfirearm,5d6f24ef6ee7bb28994817dddfd17ff06239b0abf86417f5e812d9d09e9ceddd,,pending,,,,5
img_00012323,images/img_00012323.jpg,02_deepfirearm,deepfirearm,ec267817361c3e0b631fbfc1b892cfff9321a0953cfbc0c70b2f1f492ed6366e,,pending,,,,5
img_00012324,images/img_00012324.jpg,02_deepfirearm,deepfirearm,e51747ba8187c54bed6db44bff54b0722e5765a256ed0133f69509115af3765e,,pending,,,,5
img_00012325,images/img_00012325.jpg,02_deepfirearm,deepfirearm,c413edaf235e8be0ef43d1d610cd2475b436682d23e141513b34c2fa04c72e8c,,pending,,,,5
img_00012326,images/img_00012326.jpg,02_deepfirearm,deepfirearm,59be320c2c6f44b11d3cbac433e728c1096dc6ab4937254fd9893e4c2ded4397,,pending,,,,5
img_00012327,images/img_00012327.jpg,02_deepfirearm,deepfirearm,3b8e2d4c705cf20859b8a9957462726130345bb62ba878b956b52de6628798e2,,pending,,,,5
img_00012328,images/img_00012328.jpg,02_deepfirearm,deepfirearm,6f568299ecd07ac57635e447c5e52af5fefd1931fcb6377fb2035ee29af6861f,,pending,,,,5
img_00012329,images/img_00012329.jpg,02_deepfirearm,deepfirearm,51f3cdb0ea972cfa2efc2db75696112bde85f8b3a518f734fa9135da65d9393e,,pending,,,,5
img_00012330,images/img_00012330.jpg,02_deepfirearm,deepfirearm,ae81ae30efadc80be671d6ccfafaf2d47d7701661197daa0be8688bd44115e1f,,pending,,,,5
img_00012331,images/img_00012331.jpg,02_deepfirearm,deepfirearm,8343bfa3d2e9f489c79864302d1b85ee408168930791b449c39a13854884d5cf,,pending,,,,5
img_00012332,images/img_00012332.jpg,02_deepfirearm,deepfirearm,20201c9155a8dd498d0b2f4cd0ccd05c2c8d91bc9aee0cb7acf191d839db9053,,pending,,,,5
img_00012333,images/img_00012333.jpg,02_deepfirearm,deepfirearm,6932456a642bc4079eb3056f9d29b5a4cd304744e1b2a4ad078953385e2c4839,,pending,,,,5
img_00012334,images/img_00012334.jpg,02_deepfirearm,deepfirearm,f1093c0f3637c3b343decc870039d645123ae3f2f291bb2588fd1332a1669b8e,,pending,,,,5
img_00012335,images/img_00012335.jpg,02_deepfirearm,deepfirearm,f10020165424848a92d61691c75153f7c17ac97817cb98fe0b51bea9a5811804,,pending,,,,5
img_00012336,images/img_00012336.jpg,02_deepfirearm,deepfirearm,397b1fcfbd2a669e16901bfbf534ae07371ed96aacef1ce50688e913dddaeacc,,pending,,,,5
img_00012337,images/img_00012337.jpg,02_deepfirearm,deepfirearm,1f0df70f390e00fbec9084a4889d3c6e907d30bbaf761ab8b37dd2675fad1770,,pending,,,,5
img_00012338,images/img_00012338.jpg,02_deepfirearm,deepfirearm,37241ecd71bd35bf06211fb6830feff4079195cc3485fdedf96f1bc34523d063,,pending,,,,5
img_00012339,images/img_00012339.jpg,02_deepfirearm,deepfirearm,5612f36b34c948463563d4489c8ae09e085f9e4623e0374fbe0de57810324522,,pending,,,,5
img_00012340,images/img_00012340.jpg,02_deepfirearm,deepfirearm,c99f5653b2100ba52dfc8568a3653c588c03c2faf919d96b1a1f723b2a093be1,,pending,,,,5
img_00012341,images/img_00012341.jpg,02_deepfirearm,deepfirearm,c766f4672289b34c6d571aaefd224f878c87e2e74da05b03570175bc24f8cb70,,pending,,,,5
img_00012342,images/img_00012342.jpg,02_deepfirearm,deepfirearm,76f35abb22b4c5976cb75e773e1127001a5869cccfcd00599dcd754926ea4852,,pending,,,,5
img_00012343,images/img_00012343.jpg,02_deepfirearm,deepfirearm,e450dfaa2292a2860cb3eaf8bf6c1b30dca357ba088ea0aa6753b26a9da25da5,,pending,,,,5
img_00012344,images/img_00012344.jpg,02_deepfirearm,deepfirearm,553eee02517149fa375f950df5436098036ffc41728cdb27aa9ab0da1e8d477c,,pending,,,,5
img_00012345,images/img_00012345.jpg,02_deepfirearm,deepfirearm,3d89b15271fcaeb06d40af2858beaea6129531e83267aa1e779de5a0052e1960,,pending,,,,5
img_00012346,images/img_00012346.jpg,02_deepfirearm,deepfirearm,a77ced11555a0817148817e6124d2f460e048eeb5267c135a3d83a6f80d8ee75,,pending,,,,5
img_00012347,images/img_00012347.jpg,02_deepfirearm,deepfirearm,16fd2137e4f9c2b0b5a91172ecf7a87f4da7763ae18365e1b7831e1b8948db52,,pending,,,,5
img_00012348,images/img_00012348.jpg,02_deepfirearm,deepfirearm,f6e3c9e44293cb1a5986c7e3a389b908a87680c7c32a1e58df35b35a38ebce8c,,pending,,,,5
img_00012349,images/img_00012349.jpg,02_deepfirearm,deepfirearm,55e72248c5cdfc366b5c571ca4c72293f114f4537e5c45289c3f2e0cf98e2bac,,pending,,,,5
img_00012350,images/img_00012350.jpg,02_deepfirearm,deepfirearm,f05d5d250d813924de4bbb3073d602fa26df368ccdbd2fd932034de43ca57631,,pending,,,,5
img_00012351,images/img_00012351.jpg,02_deepfirearm,deepfirearm,181bfc88f670af049348a753c45d87d84d8288c5e0dc70112dc90f45e8be00cb,,pending,,,,5
img_00012352,images/img_00012352.jpg,02_deepfirearm,deepfirearm,be68db270bcedd1746191f2b8fa0a24f64d6674217acfedcbf689faf364084e9,,pending,,,,5
img_00012353,images/img_00012353.jpg,02_deepfirearm,deepfirearm,3e1252118167f7b9a27b940a3eff1ecde33b6c8e9a5bbbf65264e2044f5c7d96,,pending,,,,5
img_00012354,images/img_00012354.jpg,02_deepfirearm,deepfirearm,291ff34bfdfb19b17b1ec27db0d3aded99d7b4508bc299528a2dfada9cf29f8a,,pending,,,,5
img_00012355,images/img_00012355.jpg,02_deepfirearm,deepfirearm,74fd0d6785eccd01e21af6fa2073e58895cb4eb0e468b001b4fbc0121dcdd8b9,,pending,,,,5
img_00012356,images/img_00012356.jpg,02_deepfirearm,deepfirearm,af84eeb60f03b4403b95e531f660a5cb9de9933747169d88240242ed258f164e,,pending,,,,5
img_00012357,images/img_00012357.jpg,02_deepfirearm,deepfirearm,6ea6f445dd51f114baae6ce757521838c1280f4dfb08c416682664ffcb2fdb84,,pending,,,,5
img_00012358,images/img_00012358.jpg,02_deepfirearm,deepfirearm,ad5e0b3ecfe66069d50eafece58ee494b9f65b28837a4b31b0d5a9bb936110d7,,pending,,,,5
img_00012359,images/img_00012359.jpg,02_deepfirearm,deepfirearm,f15fadb1ce91bdfce82c0443dfd911636f4576b02c01ecadb213d5b3f6abbcbd,,pending,,,,5
img_00012360,images/img_00012360.jpg,02_deepfirearm,deepfirearm,220678b9681068ed38ede4165b1bbc6dc4fe96deba0074e628de188c162d30e5,,pending,,,,5
img_00012361,images/img_00012361.jpg,02_deepfirearm,deepfirearm,3f31ac52bc742570e56eda6f00d27e279376d147e0675b819fe34c52344c22c4,,pending,,,,5
img_00012362,images/img_00012362.jpg,02_deepfirearm,deepfirearm,62208871ab53f6c2c7096f74f2e8b2aaeb695b0d938beeb48b5ef003764599fa,,pending,,,,5
img_00012363,images/img_00012363.jpg,02_deepfirearm,deepfirearm,65d946510deed9a21d89df9716f0593d7dd194d35a67be592ecf849e4d8fbcab,,pending,,,,5
img_00012364,images/img_00012364.jpg,02_deepfirearm,deepfirearm,22d4f4cf9213ec9c541089ffaef27ff12edfbc52ad7fd273dbd0f133d0110af3,,pending,,,,5
img_00012365,images/img_00012365.jpg,02_deepfirearm,deepfirearm,ce43e21d56d9df72cc7ea2811938645d094216ffb59cade75beca3e8c1fe0b8b,,pending,,,,5
img_00012366,images/img_00012366.jpg,02_deepfirearm,deepfirearm,46e454c3a69998a67a4c4f630fff7cf3ea9873833670e8afbd0eb6498944e54d,,pending,,,,5
img_00012367,images/img_00012367.jpg,02_deepfirearm,deepfirearm,5e2412cba5a590a0f7a97c65c8911109a4305f121bf7803e8c7ddc81077f4d1b,,pending,,,,5
img_00012368,images/img_00012368.jpg,02_deepfirearm,deepfirearm,cbb08430d19469d703d8615624f3703195d5b666d8809682a8c5520275ea8d72,,pending,,,,5
img_00012369,images/img_00012369.jpg,02_deepfirearm,deepfirearm,2e24c353ccd5791c3c2dd207bf79e504ae37356274a6ce8e0d9df754b4b759f1,,pending,,,,5
img_00012370,images/img_00012370.jpg,02_deepfirearm,deepfirearm,00d3556e76b3e359e905457d99bb3526358fe71dea8bd73ed69f6a3f3b11ea9f,,pending,,,,5
img_00012371,images/img_00012371.jpg,02_deepfirearm,deepfirearm,e523394a7f9af5e3a89d9a2054907805acec830046a362c96552f9f0f088cd42,,pending,,,,5
img_00012372,images/img_00012372.jpg,02_deepfirearm,deepfirearm,0a5d980a8ace286283a6eb5b46982292d660c0372899d7390f96e95c61f1e06f,,pending,,,,5
img_00012373,images/img_00012373.jpg,02_deepfirearm,deepfirearm,b62af0afe605c51c0380f520df1a7724c17945e36c82b03ec85f298c2f09be0f,,pending,,,,5
img_00012374,images/img_00012374.jpg,02_deepfirearm,deepfirearm,b96e39a0255fe29c593d957d958471fa40a6d8c91007378526ff7fd59dd94a2f,,pending,,,,5
img_00012375,images/img_00012375.jpg,02_deepfirearm,deepfirearm,6f9540907d9516cbde75518a004b83498281177f312e4843b753041afdd1272f,,pending,,,,5
img_00012376,images/img_00012376.jpg,02_deepfirearm,deepfirearm,937d7dc135fdb1196f4d333ffd13ff4613d56266c530fbe63355961b25194bfd,,pending,,,,5
img_00012377,images/img_00012377.jpg,02_deepfirearm,deepfirearm,6a4e4250cbd1ea2cbd644183095e5aec5b873d9359e8d80ec9ad8fe42b8e3698,,pending,,,,5
img_00012378,images/img_00012378.jpg,02_deepfirearm,deepfirearm,f50d3f0ae98aaadaeb5ded31164c162e249ca55232d10d4c03a65bba15b84765,,pending,,,,5
img_00012379,images/img_00012379.jpg,02_deepfirearm,deepfirearm,dc164ff74fd01c469cd519de41d354ffc5dcb485d2e19cba78298faba6e6987e,,pending,,,,5
img_00012380,images/img_00012380.jpg,02_deepfirearm,deepfirearm,4a3a1202291b40140ec91367ea1a1c262919ebae448ec2fe42462537687ba0f3,,pending,,,,5
img_00012381,images/img_00012381.jpg,02_deepfirearm,deepfirearm,0df84c3d4e1681c1f18c1de813050ac19131c80e7adc4987d077838cbbdbc597,,pending,,,,5
img_00012382,images/img_00012382.jpg,02_deepfirearm,deepfirearm,0d9f003e405593898f90edbfe2e3eb0cae9b7977026530b1bfb4bf86b044d2d8,,pending,,,,5
img_00012383,images/img_00012383.jpg,02_deepfirearm,deepfirearm,b719034e7fc31c03d06975def52213d09b79a08285d8041b7cd0d0b6f6620cc2,,pending,,,,5
img_00012384,images/img_00012384.jpg,02_deepfirearm,deepfirearm,85714e4a9ce3948ca37769830b584b5592b56142bc369aaed7a6241b3ff44983,,pending,,,,5
img_00012385,images/img_00012385.jpg,02_deepfirearm,deepfirearm,98fc27cd730542c449eeb9747a1cb9cf87591db58b4d3ef746fe5a7c1168b232,,pending,,,,5
img_00012386,images/img_00012386.jpg,02_deepfirearm,deepfirearm,3d94afd7b286d8edfa6c7ce7f126f3e78abecaec819ea053c7fbd15b9626ba26,,pending,,,,5
img_00012387,images/img_00012387.jpg,02_deepfirearm,deepfirearm,4ca4ec002a5c0766d67eb871030d0105e40ff710285db8d98fbb7fe6ee285442,,pending,,,,5
img_00012388,images/img_00012388.jpg,02_deepfirearm,deepfirearm,ae232b1cb198011ef1632783f98de138c44a3ca3e085d5513d72e743e7322041,,pending,,,,5
img_00012389,images/img_00012389.jpg,02_deepfirearm,deepfirearm,926ca0328339ac90a105c5604aa0ff5c02c3b173653bbe9095682afbf2892023,,pending,,,,5
img_00012390,images/img_00012390.jpg,02_deepfirearm,deepfirearm,f23dfa6f4bc62a14a56f50d3be84bdef2fbabad140e12db242be01b274d7bfff,,pending,,,,5
img_00012391,images/img_00012391.jpg,02_deepfirearm,deepfirearm,b4b35dcc31a981e8c5d99c71ddecb3e6f6ef75ee1b9821cac0e7851197861b66,,pending,,,,5
img_00012392,images/img_00012392.jpg,02_deepfirearm,deepfirearm,56faeb318189d3a6b5bb76b1a70658e2638db09305a19d37816250dbac5240bb,,pending,,,,5
img_00012393,images/img_00012393.jpg,02_deepfirearm,deepfirearm,1307a93f37ff2439d3c435372b07f6df7e80a704a91dfbc1fd4b8580245c2257,,pending,,,,5
img_00012394,images/img_00012394.jpg,02_deepfirearm,deepfirearm,89ab1fc1ec7c3435eb6695aefab9707a45e3a4dd12b473b7a87645b3aee41eda,,pending,,,,5
img_00012395,images/img_00012395.jpg,02_deepfirearm,deepfirearm,6fc5709876c40dbe5e08a07fd278b49f5b69d8181657261f46028c7b60e6dd9c,,pending,,,,5
img_00012396,images/img_00012396.jpg,02_deepfirearm,deepfirearm,46ecfa45d103ba2c3214457fecd0364f27fb6605f5701a37a07596919ded2ac2,,pending,,,,5
img_00012397,images/img_00012397.jpg,02_deepfirearm,deepfirearm,49999ae030b68bd4f4773541b199b240fac9d8e6b3d58bcc84e6505bc4d2a72f,,pending,,,,5
img_00012398,images/img_00012398.jpg,02_deepfirearm,deepfirearm,9127fc9f0e8ddd60f19417b76ebd131da1492e1a7483a723dbedc4dc9615d563,,pending,,,,5
img_00012399,images/img_00012399.jpg,02_deepfirearm,deepfirearm,2b82da06f424fcc91e39dc07fefde0b7e51c6ba95421ead7895b07287f3b360c,,pending,,,,5
img_00012400,images/img_00012400.jpg,02_deepfirearm,deepfirearm,01a3d3e8bd5646a83574f5bb5d2c67549c738ee971aa55048ea8bd9cecc502c7,,pending,,,,5
img_00012401,images/img_00012401.jpg,02_deepfirearm,deepfirearm,feebf51d04de429dca42df0160404f6b4ad5c3ef73aa1f9b389fcf464190bc16,,pending,,,,5
img_00012402,images/img_00012402.jpg,02_deepfirearm,deepfirearm,26d88c8b3dc46df44df378e07865e01118fc11a0a0a03c4c70e49e6af03fada7,,pending,,,,5
img_00012403,images/img_00012403.jpg,02_deepfirearm,deepfirearm,e1acba6714967a9b56e269a6d423c6d83a990496565cf866c1664625204209ad,,pending,,,,5
img_00012404,images/img_00012404.jpg,02_deepfirearm,deepfirearm,8a91a587b0a36943c3f777c1ffb180af669d4930fa8fcefbbb658d3254cc3a48,,pending,,,,5
img_00012405,images/img_00012405.jpg,02_deepfirearm,deepfirearm,5a889007cd377c2adb38fe07005d93e1196098b56c9ea6553011ff7372cb93be,,pending,,,,5
img_00012406,images/img_00012406.jpg,02_deepfirearm,deepfirearm,1402622c62666da961d9bdcf1c8d89d693fb18468694d04c2e0a5780a429ce93,,pending,,,,5
img_00012407,images/img_00012407.jpg,02_deepfirearm,deepfirearm,dc890de350d301ded80302dcc0b8cec4237631f92b7d60f62be07991751b841e,,pending,,,,5
img_00012408,images/img_00012408.jpg,02_deepfirearm,deepfirearm,14004f2ea83c02115091d028d72adc68188b97f37b6efe2f1346b7f0590feb19,,pending,,,,5
img_00012409,images/img_00012409.jpg,02_deepfirearm,deepfirearm,cf66bcedcfec5efaa3efcf9afa1878638c73d01ae438494ef90acab16d8eb6bd,,pending,,,,5
img_00012410,images/img_00012410.jpg,02_deepfirearm,deepfirearm,9af76898d448c8cd158287cbca2a4097db0da906ffefc88bd37b7936575be46b,,pending,,,,5
img_00012411,images/img_00012411.jpg,02_deepfirearm,deepfirearm,5440269abcd71ce40fb21f857c9df0addc239a2176f1e6969fb47559083f6597,,pending,,,,5
img_00012412,images/img_00012412.jpg,02_deepfirearm,deepfirearm,c3d01561cb67b61f5ba69b7cdc82837ed9b1d3fe0d12ad294f53658bffed8974,,pending,,,,5
img_00012413,images/img_00012413.jpg,02_deepfirearm,deepfirearm,1791fdd87098230cff866230f4885baab52b330886f310865cad82a42d3186d2,,pending,,,,5
img_00012414,images/img_00012414.jpg,02_deepfirearm,deepfirearm,6b0c148dd93ce3714955ea71ae4fdcd187c4dbb8d5e87de330f8f39899e04f05,,pending,,,,5
img_00012415,images/img_00012415.jpg,02_deepfirearm,deepfirearm,8bb644d8c158718e20ce5798e724753b2815fbbfd7930a11a6e1efc6bee0d599,,pending,,,,5
img_00012416,images/img_00012416.jpg,02_deepfirearm,deepfirearm,103c7a5bbe28364104bc72e60dae24744bec9af4f824f2001aef0c11150b6f5c,,pending,,,,5
img_00012417,images/img_00012417.jpg,02_deepfirearm,deepfirearm,162fc32d06a135cc031551e503572fe1399535ed5155b34a25e7a357b6a46572,,pending,,,,5
img_00012418,images/img_00012418.jpg,02_deepfirearm,deepfirearm,e3e5a60a01fef036a6ab8d376bb1d8582bd4b8209caf001d15bf9a8edcebee0b,,pending,,,,5
img_00012419,images/img_00012419.jpg,02_deepfirearm,deepfirearm,b8a0709ab5fdec47d259994c09584da1ba2f96d881fadde3fa3a64559e34361e,,pending,,,,5
img_00012420,images/img_00012420.jpg,02_deepfirearm,deepfirearm,922dc7585fd1f75b7d0a8968021b92d752b783565b9663eae063d8487aeebfb3,,pending,,,,5
img_00012421,images/img_00012421.jpg,02_deepfirearm,deepfirearm,6056d3827d1f9a2ff29f4e129a2a38ba10e72d0a311ffe61b967f387567006d2,,pending,,,,5
img_00012422,images/img_00012422.jpg,02_deepfirearm,deepfirearm,e5430053e0c03127291d92d3bee36bb240ad39524ae89c7a462c9f15b6bdb49f,,pending,,,,5
img_00012423,images/img_00012423.jpg,02_deepfirearm,deepfirearm,be24212590ae8cc55a618d900b5580d282ef220f19fe8ec54a43950a81dbc2f8,,pending,,,,5
img_00012424,images/img_00012424.jpg,02_deepfirearm,deepfirearm,4a64bf37f6403b25711b0ecc046eba81e9455bf7528337a59636ef7aa6185da7,,pending,,,,5
img_00012425,images/img_00012425.jpg,02_deepfirearm,deepfirearm,8eeec6c626d6168992206bf6af21f1a2fb5661fe7edbec56a68a485d7cdd8d2b,,pending,,,,5
img_00012426,images/img_00012426.jpg,02_deepfirearm,deepfirearm,d031d6c31744cd2d54ffa7519d656030ce54dee7b18dc759120325e61b315226,,pending,,,,5
img_00012427,images/img_00012427.jpg,02_deepfirearm,deepfirearm,2989ecdc87b0ae606a5a27467d95753a0dedd4825985b8e3fc34c2c66636f90c,,pending,,,,5
img_00012428,images/img_00012428.jpg,02_deepfirearm,deepfirearm,7777347be735fedc1528625f09da701300bc2ae27c0a623a9c3355ceae58fa5c,,pending,,,,5
img_00012429,images/img_00012429.jpg,02_deepfirearm,deepfirearm,9259535fbbcae9c7c040cf523c1266c0a3646b04f38584f284c55d04cbe0e490,,pending,,,,5
img_00012430,images/img_00012430.jpg,02_deepfirearm,deepfirearm,d440f394310042d0dff591e3f006a8c7a18fd96b985f55f249175a338af00445,,pending,,,,5
img_00012431,images/img_00012431.jpg,02_deepfirearm,deepfirearm,46d502397c0f4a1d63bc0f0b8fce6af93eaaa2540b9caafbfd49975d10f4ff0c,,pending,,,,5
img_00012432,images/img_00012432.jpg,02_deepfirearm,deepfirearm,2daa7f3e739ff3a95f44ff3c9889cf1557ac45dfd0e428dfae6bc23f1d1a383f,,pending,,,,5
img_00012433,images/img_00012433.jpg,02_deepfirearm,deepfirearm,9b1c04c6406dabf12a4aeda1a9c125265ee0867a5603b02e9cd2af7c58a71b9c,,pending,,,,5
img_00012434,images/img_00012434.jpg,02_deepfirearm,deepfirearm,b90f1330580fc4344dd15d1697069c153e3f5573e45a5c9d89e7a849bba0ec48,,pending,,,,5
img_00012435,images/img_00012435.jpg,02_deepfirearm,deepfirearm,4c3150cb365ab50a76e53d08fb326303e3546b54af829fb1412565bec8fcc74f,,pending,,,,5
img_00012436,images/img_00012436.jpg,02_deepfirearm,deepfirearm,c3de8639ffc0883e12e57caace23b208d2946035a24359f5a675fadc501d47e9,,pending,,,,5
img_00012437,images/img_00012437.jpg,02_deepfirearm,deepfirearm,6a50a6ad4f522f5ebf5c64604ea869c88b75e22f256bc5ee19a5fe627bbc0fa3,,pending,,,,5
img_00012438,images/img_00012438.jpg,02_deepfirearm,deepfirearm,820395b33f00346cb28acf4ba3f3d892cfe3fdc2885a594044613065ffb538ca,,pending,,,,5
img_00012439,images/img_00012439.jpg,02_deepfirearm,deepfirearm,707c859928a89d191b374acf7a3e8f8a5d7bfc00b7a4508cf348154f57375ebd,,pending,,,,5
img_00012440,images/img_00012440.jpg,02_deepfirearm,deepfirearm,d1664ae6c5202cc27c1d2d30cee2abc7c832be7ca3b5a30eb4693098a00ed50f,,pending,,,,5
img_00012441,images/img_00012441.jpg,02_deepfirearm,deepfirearm,8e6ff00780993a14f63550a23591fc5d17a41024bb736c61ef69da644326bb1b,,pending,,,,5
img_00012442,images/img_00012442.jpg,02_deepfirearm,deepfirearm,fbc8e9ed351ee3f535fa0a5a150bf8d1a3d9004b686380530975f6ecb7da727a,,pending,,,,5
img_00012443,images/img_00012443.jpg,02_deepfirearm,deepfirearm,01cc5abc9e47908e7bd97c5a96eb4ba596d4090fa9364aa236cdacc40cb3c375,,pending,,,,5
img_00012444,images/img_00012444.jpg,02_deepfirearm,deepfirearm,1d7ac9a8879bca3977d54773ea412b95b44a9295c99fbb43a632062b5c86c750,,pending,,,,5
img_00012445,images/img_00012445.jpg,02_deepfirearm,deepfirearm,b5de9142be9ee00f28520398bf1c2b7e7bad283b8c88036039681e8f71879918,,pending,,,,5
img_00012446,images/img_00012446.jpg,02_deepfirearm,deepfirearm,f59eeada86bd2c9529c05c95274e662c1a48fc97e35076f531cc9465c9856daa,,pending,,,,5
img_00012447,images/img_00012447.jpg,02_deepfirearm,deepfirearm,6f67caa854a642bd7bd5288aebf38feec5bbec41a7b23c9e1806751d9f9c4f11,,pending,,,,5
img_00012448,images/img_00012448.jpg,02_deepfirearm,deepfirearm,789a6e5259ae4cdf9993a4186fc2809a48cd4a08f5a678ea6c438832c6eafdaa,,pending,,,,5
img_00012449,images/img_00012449.jpg,02_deepfirearm,deepfirearm,5575b167970221bfa1b50cfee74584b7376641190770b7b9d382ee71738b8b1f,,pending,,,,5
img_00012450,images/img_00012450.jpg,02_deepfirearm,deepfirearm,fd4fff68846a8d01f56f2ddb22f49a93455540b82eaa409607a62f252c7bc21f,,pending,,,,5
img_00012451,images/img_00012451.jpg,02_deepfirearm,deepfirearm,dd3d32f337382659c81a2c84336906d61966ea66c7f12193329c49f2b69a3d55,,pending,,,,5
img_00012452,images/img_00012452.jpg,02_deepfirearm,deepfirearm,f19fef88b7b48d1153d643f2251491015baeec6bc1fa4ace637f3dd95f1ea61a,,pending,,,,5
img_00012453,images/img_00012453.jpg,02_deepfirearm,deepfirearm,67eaf41b592a2ad30c6cac641126a4d9c3f041137f5fdba01194055e22e3b907,,pending,,,,5
img_00012454,images/img_00012454.jpg,02_deepfirearm,deepfirearm,c3a9e25d99b4dd2032db7b81cb712e916d466bc323aeeb3b99fb1124c464d6a1,,pending,,,,5
img_00012455,images/img_00012455.jpg,02_deepfirearm,deepfirearm,517745e0563eb844c8484d2ea1087df2ffdb040a9ad1a0c165dd141fdc0e8b14,,pending,,,,5
img_00012456,images/img_00012456.jpg,02_deepfirearm,deepfirearm,a77ba996aac6606a20b1bba54604d924dfef56d8c4912e93205ae9e996890912,,pending,,,,5
img_00012457,images/img_00012457.jpg,02_deepfirearm,deepfirearm,935d2c70e6843e3e3a14a830eb48f6813c055e88c219d14e0071874f4d99bea5,,pending,,,,5
img_00012458,images/img_00012458.jpg,02_deepfirearm,deepfirearm,749b162f804fea04aac352bc56aeea1e17479bed20067c8748cbf145e8d5a81d,,pending,,,,5
img_00012459,images/img_00012459.jpg,02_deepfirearm,deepfirearm,4e974a2b18d1e1c5667b31ebfaf291d63a582e337615b76748278f551f379b72,,pending,,,,5
img_00012460,images/img_00012460.jpg,02_deepfirearm,deepfirearm,9b2412030d8fa7ad3f4f6d3a1cace03e3fa44a129e0036849eb32bcebe401ac2,,pending,,,,5
img_00012461,images/img_00012461.jpg,02_deepfirearm,deepfirearm,0a7e00ba0850cda09292e7e35b520cbf2827a9de2eb49beadef71bbb93827075,,pending,,,,5
img_00012462,images/img_00012462.jpg,02_deepfirearm,deepfirearm,9858f6f2d92c088c9f2ea9a082fa5464e02c2146e6e464ecd26c498b3a0ea6d3,,pending,,,,5
img_00012463,images/img_00012463.jpg,02_deepfirearm,deepfirearm,fc05254bf90dbbc36e42ef57365184c78babd1f58920e82dc5f705b35c70d708,,pending,,,,5
img_00012464,images/img_00012464.jpg,02_deepfirearm,deepfirearm,f8b36ac2a0f2c39bb2323b20db8c2fdcd88155604290c11c3ede50886645878d,,pending,,,,5
img_00012465,images/img_00012465.jpg,02_deepfirearm,deepfirearm,32276c4c9d525cb4ad856d45fd66f159acf171de6064f7b3371cf768c3fb06b0,,pending,,,,5
img_00012466,images/img_00012466.jpg,02_deepfirearm,deepfirearm,5d7219ad7790270cda01a4a621fc1f314ceef749af0c02ce7bd9fa78ced05e67,,pending,,,,5
img_00012467,images/img_00012467.jpg,02_deepfirearm,deepfirearm,b41e2c6ecab72674f9ce58a2565e4e0bcf415bdbbad07e320a809080ac98d140,,pending,,,,5
img_00012468,images/img_00012468.jpg,02_deepfirearm,deepfirearm,a9ee4cc64419f4fb08706a850f869ce2c905722cebd3fe013d05b4f375ae875c,,pending,,,,5
img_00012469,images/img_00012469.jpg,02_deepfirearm,deepfirearm,395d8d042155cd3e34af095506e527b67929294cbe85e38c4076ee33190a4cb2,,pending,,,,5
img_00012470,images/img_00012470.jpg,02_deepfirearm,deepfirearm,02b206386ce398a5e5409a010a955cfa17a26e7eb838c609e0256675d76047d4,,pending,,,,5
img_00012471,images/img_00012471.jpg,02_deepfirearm,deepfirearm,05df27928afca74c2e77d092361a22731a5f35bbcd7b09a2d8a7bf9b1e46ff85,,pending,,,,5
img_00012472,images/img_00012472.jpg,02_deepfirearm,deepfirearm,556e7c76e6ad7130278b049c00b476531e4fb2e2b4a67f9800b8f1339d311d85,,pending,,,,5
img_00012473,images/img_00012473.jpg,02_deepfirearm,deepfirearm,33c220d2d62420abb92133f519d0cfba837b4d5221bf75dc6ab07a1f8cf452a4,,pending,,,,5
img_00012474,images/img_00012474.jpg,02_deepfirearm,deepfirearm,d41092acc55ab3b09c0f6d22fb67ac98f01861c5627b4dbbe98417a7b396cd2b,,pending,,,,5
img_00012475,images/img_00012475.jpg,02_deepfirearm,deepfirearm,6dae4a7be2b39e1c588e05bf8b7b16aa07cd45c4cb16118d06d573b9c5b6d011,,pending,,,,5
img_00012476,images/img_00012476.jpg,02_deepfirearm,deepfirearm,c46e4137c361b993484446dba4f3ef01ae46771cf00c6b4695cf43d89aab822c,,pending,,,,5
img_00012477,images/img_00012477.jpg,02_deepfirearm,deepfirearm,d889f092074e43c18b6e72f7386afd2d625da210c061c8121951cc43555aeebf,,pending,,,,5
img_00012478,images/img_00012478.jpg,02_deepfirearm,deepfirearm,a2cf64015d0dfc603bcaacef2d4a01fffa91659cf28b701b0987bd654925ec91,,pending,,,,5
img_00012479,images/img_00012479.jpg,02_deepfirearm,deepfirearm,417e9083469cb1f2e5481106c096a393607ff52974e8b983f36fd8dd143d0482,,pending,,,,5
img_00012480,images/img_00012480.jpg,02_deepfirearm,deepfirearm,a1169ec0b86bc652283b4dc470bb998191c5e2f7f24491bbdf700385a41d75d5,,pending,,,,5
img_00012481,images/img_00012481.jpg,02_deepfirearm,deepfirearm,5450dfdaacdd3f1457a52495af7bc9ae67cfff1da2bd59af3a469ff020e65346,,pending,,,,5
img_00012482,images/img_00012482.jpg,02_deepfirearm,deepfirearm,358223689a2aa6ce05922d3f444778efae05af29b0cd42c849e03de87c805d46,,pending,,,,5
img_00012483,images/img_00012483.jpg,02_deepfirearm,deepfirearm,de3861d98f6c051484e18c2aac2d2e4f2f6e681b5f21565063fc8347b874a9bc,,pending,,,,5
img_00012484,images/img_00012484.jpg,02_deepfirearm,deepfirearm,02e32f9aca8ad4c9b23001ce719d6ee640c6c6734907ad2cf9e6796fb5e1b329,,pending,,,,5
img_00012485,images/img_00012485.jpg,02_deepfirearm,deepfirearm,bc339213073e6a77ef365ac1208d1befedb41ecfe7c7ee8233685132a78bd15b,,pending,,,,5
img_00012486,images/img_00012486.jpg,02_deepfirearm,deepfirearm,7caa5fc22b77b4dd01ffb8fb6352c26a98ebfb89cfc39193ae5822f628e0aadf,,pending,,,,5
img_00012487,images/img_00012487.jpg,02_deepfirearm,deepfirearm,cfb0fdfb1116b5121ab70275602e70f37bddea4113d52b488b5b34747fbcc932,,pending,,,,5
img_00012488,images/img_00012488.jpg,02_deepfirearm,deepfirearm,a9546a4e40dda0ea919c926a0e324afd920f8446660e5897d83c786728b36340,,pending,,,,5
img_00012489,images/img_00012489.jpg,02_deepfirearm,deepfirearm,1f08c2a0edb69cb61d5b48dcc328f818e2ca6a1cc57941adcf825b56bdaffd10,,pending,,,,5
img_00012490,images/img_00012490.jpg,02_deepfirearm,deepfirearm,9d6bca60a2c6ad7b2d7ef33e744e1a5ab33cfef97e44c7899976f2283d00ba93,,pending,,,,5
img_00012491,images/img_00012491.jpg,02_deepfirearm,deepfirearm,05f415c03663c243ed11523b99eac16c0ad47db7e69ccd7c80055868c3b4b16d,,pending,,,,5
img_00012492,images/img_00012492.jpg,02_deepfirearm,deepfirearm,cb256ec1b3a2b9c559d947f906f36be49c0e13cb5013091db7a94415112928be,,pending,,,,5
img_00012493,images/img_00012493.jpg,02_deepfirearm,deepfirearm,07c63efd1f70e8ad5f0cefc3980d944a10ef80928bc8754d1c2bbbb6e5e6c3ae,,pending,,,,5
img_00012494,images/img_00012494.jpg,02_deepfirearm,deepfirearm,b20a57673c123fbfa2ca025fa18c0e1e3f9838351f8c6e3a67b015dd5d73a2c1,,pending,,,,5
img_00012495,images/img_00012495.jpg,02_deepfirearm,deepfirearm,5e40cd3de71e08830afc2c3a59294e96cf133e54e5ec3ce2abb5daa19ba8fc28,,pending,,,,5
img_00012496,images/img_00012496.jpg,02_deepfirearm,deepfirearm,b60518da8a348df75687a97e4f6d4391f3bdb90b12b669ef955f373ddc32af1b,,pending,,,,5
img_00012497,images/img_00012497.jpg,02_deepfirearm,deepfirearm,9c88a9e4c2b44a94e361a5c2285275ae1b73b5c84957292ce0f3b7db23b570ab,,pending,,,,5
img_00012498,images/img_00012498.jpg,02_deepfirearm,deepfirearm,782f67a8f8d0c084bb437304e5de9623349cc41a892bdd72e64b67e1ff1ec251,,pending,,,,5
img_00012499,images/img_00012499.jpg,02_deepfirearm,deepfirearm,12ddc384902ee4606459a8b15a5314df29504dff51613d04484fad0a3b486ca6,,pending,,,,5
img_00012500,images/img_00012500.jpg,02_deepfirearm,deepfirearm,3461433d309482725328cd96d5f051e5267358e9977d03d56cbce18943d7a02a,,pending,,,,5
img_00012501,images/img_00012501.jpg,02_deepfirearm,deepfirearm,1e620044020a95c9bfee9219e2f9e89b2063807cba934744cd1654bb5d2c2f61,,pending,,,,5
img_00012502,images/img_00012502.jpg,02_deepfirearm,deepfirearm,e3878587db9af29732a800cdb2583bd0ee877ce368c546e7bda60d0caeb9e766,,pending,,,,5
img_00012503,images/img_00012503.jpg,02_deepfirearm,deepfirearm,568ac2c4c51dc6726c6e768f7a94698b81dbfc8e183890a56481dfb4b3096b86,,pending,,,,5
img_00012504,images/img_00012504.jpg,02_deepfirearm,deepfirearm,3521c74363e898a6f28db38b42b1f1f2888abee295ae412bf6d258c63011dd44,,pending,,,,5
img_00012505,images/img_00012505.jpg,02_deepfirearm,deepfirearm,226f864e0007ab54b6d643b5dfa50d563502f5df6d6a7bb90fa76f2ca40b46dd,,pending,,,,5
img_00012506,images/img_00012506.jpg,02_deepfirearm,deepfirearm,ab7481876b94d122032dd2d1b828c44ab33c92fdfb320b025e7298ed6db8d51e,,pending,,,,5
img_00012507,images/img_00012507.jpg,02_deepfirearm,deepfirearm,1a37050aab2ac932ad6614fe2e42e11dc03b84dfbed3bcc4257bc203d8e9704e,,pending,,,,5
img_00012508,images/img_00012508.jpg,02_deepfirearm,deepfirearm,f61af3f6fd5179deed9f056d75c8aa95850735db91038cc58ef8c3ee58d8927b,,pending,,,,5
img_00012509,images/img_00012509.jpg,02_deepfirearm,deepfirearm,c51cd0c7346ab2d7265b1e645349798734475485096318fab046ea99220544cf,,pending,,,,5
img_00012510,images/img_00012510.jpg,02_deepfirearm,deepfirearm,24cca9716c865f96531a208e9666d4c4ef10925cb1576ebae9532ac652a187e2,,pending,,,,5
img_00012511,images/img_00012511.jpg,02_deepfirearm,deepfirearm,da3ec274ab5b22f3c361e7c043e5c61bf209e030bdffc7edf33944b905b40f4d,,pending,,,,5
img_00012512,images/img_00012512.jpg,02_deepfirearm,deepfirearm,8b0e51cfe96d99e495e5c672502742863b05beda32d70dad8c68eb68cf579c2e,,pending,,,,5
img_00012513,images/img_00012513.jpg,02_deepfirearm,deepfirearm,7347d2d8fffd587baf3c7bdd958710357ec74d0e13415e6fa752048d24c27637,,pending,,,,5
img_00012514,images/img_00012514.jpg,02_deepfirearm,deepfirearm,b795d5ebce6aba85f684aa1fa7717578ceeffdfbd0310ae555eff1cfd4912827,,pending,,,,5
img_00012515,images/img_00012515.jpg,02_deepfirearm,deepfirearm,b243940b3bcea2f606c6d9a4c04a2d9e324206da8789a5e678e88a6abd361aab,,pending,,,,5
img_00012516,images/img_00012516.jpg,02_deepfirearm,deepfirearm,b545048c92db2ed4794156ffc25ab9aed934e2ecac22bb43f5554b6341e4f8d0,,pending,,,,5
img_00012517,images/img_00012517.jpg,02_deepfirearm,deepfirearm,a9172be83785eea8dc9d2fa8a2cf2396b4c0784ee320110e886dbb7ad172a2e6,,pending,,,,5
img_00012518,images/img_00012518.jpg,02_deepfirearm,deepfirearm,09441c1e1daf891a8ca7364d15779f5badb95d243e77c6918b2a49aa53d3b358,,pending,,,,5
img_00012519,images/img_00012519.jpg,02_deepfirearm,deepfirearm,0d9001f20a9ab655b6b045b52722f624deb3fc5d4c82a1d603e0e02c7a2d558d,,pending,,,,5
img_00012520,images/img_00012520.jpg,02_deepfirearm,deepfirearm,359231013ae5be5d3f971bab5b6db942a925e99e96acc491d321e2183094bc92,,pending,,,,5
img_00012521,images/img_00012521.jpg,02_deepfirearm,deepfirearm,3ee2776d7534e20fe6cb5082be2da926cabb06993e0a2f071722a4d60abd2c9d,,pending,,,,5
img_00012522,images/img_00012522.jpg,02_deepfirearm,deepfirearm,884cbed528444c23b242f72e8b0fee08bb010749d8f4a7db21140e7741ec3d99,,pending,,,,5
img_00012523,images/img_00012523.jpg,02_deepfirearm,deepfirearm,0d07c4d8894451207a9e12cfc108e734f4d63fbe40f050d831aef50c6b31b4a1,,pending,,,,5
img_00012524,images/img_00012524.jpg,02_deepfirearm,deepfirearm,ce71ac2d825c1604cc1afe35342f9d10ceb2aa321544448da1eac0d9a8912e08,,pending,,,,5
img_00012525,images/img_00012525.jpg,02_deepfirearm,deepfirearm,eb9b595fde6f151e27c38d58e8a248d3cf5d50b49ea66b3cac98eda3b127cf82,,pending,,,,5
img_00012526,images/img_00012526.jpg,02_deepfirearm,deepfirearm,ff67422ef5921b83d19299a7db339511af4acd3ff31c9ab25e76ec08a93146ae,,pending,,,,5
img_00012527,images/img_00012527.jpg,02_deepfirearm,deepfirearm,7900847f941393022a0fc1428085f4712ade5fc4569f4b1e8bc25a948ad8eea3,,pending,,,,5
img_00012528,images/img_00012528.jpg,02_deepfirearm,deepfirearm,ba505d28dcd60a6e4882cf59c7346e87857e06e171ef6e1751d87e6be77b2b0b,,pending,,,,5
img_00012529,images/img_00012529.jpg,02_deepfirearm,deepfirearm,b2429e0a62cbc450ce3f11ea94d3639ad971a53925f05fc289aee527d89fb756,,pending,,,,5
img_00012530,images/img_00012530.jpg,02_deepfirearm,deepfirearm,8e9fa6317c7a5a4b9489b7e68ee8dee925cbf30fd47665911e177d7c50b16e36,,pending,,,,5
img_00012531,images/img_00012531.jpg,02_deepfirearm,deepfirearm,9403c4e8adb940e62e3fb2bc35d0f605024da00d2762836785ea524c42a7d04f,,pending,,,,5
img_00012532,images/img_00012532.jpg,02_deepfirearm,deepfirearm,ffe361493b9be3bdd3c60077a6915f347680154088b27c3e7a4f9daaa97f6d7d,,pending,,,,5
img_00012533,images/img_00012533.jpg,02_deepfirearm,deepfirearm,1f489147fe81e95c05f1e659b79c8089f144d049299baad9c74ffc1d83c6d08c,,pending,,,,5
img_00012534,images/img_00012534.jpg,02_deepfirearm,deepfirearm,747a6b3d04c86052b3084927fce8bb1de330d26ae8e5093802c8072228d0702c,,pending,,,,5
img_00012535,images/img_00012535.jpg,02_deepfirearm,deepfirearm,feeb959e7e103fcdbc602650007797f41ebc6673632be8e07c669883a80c1f10,,pending,,,,5
img_00012536,images/img_00012536.jpg,02_deepfirearm,deepfirearm,4121abff6d87b96dc6d76955717a09aaeab86d37a3f7063796cd491a02e38410,,pending,,,,5
img_00012537,images/img_00012537.jpg,02_deepfirearm,deepfirearm,8ffd4ba1d9c8463b8a32a13ce50627c4e9502aab054075692364d5dee65a84e3,,pending,,,,5
img_00012538,images/img_00012538.jpg,02_deepfirearm,deepfirearm,4d091889e9a87a99390aa7761e353cfc662e825f426e18ec78eb24676ad40746,,pending,,,,5
img_00012539,images/img_00012539.jpg,02_deepfirearm,deepfirearm,45f105d82cd2ee5c2053e07141538aef31f74782e5f93cea685e2d0a5748228a,,pending,,,,5
img_00012540,images/img_00012540.jpg,02_deepfirearm,deepfirearm,53036d5e19daa5de1df5ea75eb0f1a66b773ccb474172ce1237bdcd6a2b68d85,,pending,,,,5
img_00012541,images/img_00012541.jpg,02_deepfirearm,deepfirearm,4f3e779008335169fe114a81093f49868c9a732d735738e03dc674d51fbf7972,,pending,,,,5
img_00012542,images/img_00012542.jpg,02_deepfirearm,deepfirearm,94a32dac5356e2567a7ff0109bea7609cd25448cc37f0c4de5b3bef3560932b1,,pending,,,,5
img_00012543,images/img_00012543.jpg,02_deepfirearm,deepfirearm,17c45ad4aad97e267852ccd945323bde713497aae4162c95070378ac22dd8374,,pending,,,,5
img_00012544,images/img_00012544.jpg,02_deepfirearm,deepfirearm,03c9593ab6a07fe5fb6b0f65e6a5fa6125673c34d539c7645b132cb1a9618eb4,,pending,,,,5
img_00012545,images/img_00012545.jpg,02_deepfirearm,deepfirearm,e254615715a4d67bb94816b3dd9b002cf27792a75248a373537769e40a131477,,pending,,,,5
img_00012546,images/img_00012546.jpg,02_deepfirearm,deepfirearm,e28ff93a8108fcca3f344363f2fba4e2ef1f0412081422153e6108587f852fec,,pending,,,,5
img_00012547,images/img_00012547.jpg,02_deepfirearm,deepfirearm,7c316e7ed1b0289e6b97bfc4640f7aed97967e8a67b71bd88065fbaa4a919889,,pending,,,,5
img_00012548,images/img_00012548.jpg,02_deepfirearm,deepfirearm,fba0f2a2461e1743c8b52addfd6e19878714f4723ab712da3885d813e609ab91,,pending,,,,5
img_00012549,images/img_00012549.jpg,02_deepfirearm,deepfirearm,d97b6b3d405e86c4515798f185961c58fd211c757854d48ba944854497409180,,pending,,,,5
img_00012550,images/img_00012550.jpg,02_deepfirearm,deepfirearm,ced48c87a60373094473173645cbd6ac69e789ab79852a942ac838a670ce600e,,pending,,,,5
img_00012551,images/img_00012551.jpg,02_deepfirearm,deepfirearm,afab6b691c47caf553ef21a3e96a7affdcc0444b5b556e85e50e49149714d0ec,,pending,,,,5
img_00012552,images/img_00012552.jpg,02_deepfirearm,deepfirearm,4109f3ba97fe016fcdf466f3cb2029e0e38d3e0c23269193f15ba6f693c5a09d,,pending,,,,5
img_00012553,images/img_00012553.jpg,02_deepfirearm,deepfirearm,5032d3b8194b820bbe365ebb3c44ead955c7395bace7e59463ae725ade47d697,,pending,,,,5
img_00012554,images/img_00012554.jpg,02_deepfirearm,deepfirearm,644a2169a63a00fff381c0c0954678574e3c7b5c3f0239013aa665c9344c5722,,pending,,,,5
img_00012555,images/img_00012555.jpg,02_deepfirearm,deepfirearm,e82d52d92cfd599b61070de3974f6d11a7d1b83395f06dc082714fe5bffdc210,,pending,,,,5
img_00012556,images/img_00012556.jpg,02_deepfirearm,deepfirearm,862f84b033e7effdc1e32410e7a22816eb92b2daf8f35c6ce793c89576f76c58,,pending,,,,5
img_00012557,images/img_00012557.jpg,02_deepfirearm,deepfirearm,c57ad7437b56d0bb419fa8f1ef40f185877ddf0bc3056a2819653b64ab790fb7,,pending,,,,5
img_00012558,images/img_00012558.jpg,02_deepfirearm,deepfirearm,453b8cf8bdb2b79ed877366e90b428696a3230fc2d948c615fafc921eb8adebb,,pending,,,,5
img_00012559,images/img_00012559.jpg,02_deepfirearm,deepfirearm,fd669ea26e022051fc5d91136617214065d5ca3ccad5e1fed2548e314fa47ff2,,pending,,,,5
img_00012560,images/img_00012560.jpg,02_deepfirearm,deepfirearm,c59ad4b9afd6b9bfcd11fe943bba908f6c004b0a1a3eab6a2a230f9363020b20,,pending,,,,5
img_00012561,images/img_00012561.jpg,02_deepfirearm,deepfirearm,8d9a559d45488f7c690debc66acc035440333b0c820b8da2a40cf28279a2a1ce,,pending,,,,5
img_00012562,images/img_00012562.jpg,02_deepfirearm,deepfirearm,275f8cb02c82c759de13fac964dae5dd299800bdf46ea2cc4a8bc688b9c49059,,pending,,,,5
img_00012563,images/img_00012563.jpg,02_deepfirearm,deepfirearm,d75048c57dec0894878245afe3c66eba384c782514a7c993e63f832b717023ed,,pending,,,,5
img_00012564,images/img_00012564.jpg,02_deepfirearm,deepfirearm,bfef7b6936caa3cf113656f321599181ca195ff1c4fd7d01515547f50b63fb52,,pending,,,,5
img_00012565,images/img_00012565.jpg,02_deepfirearm,deepfirearm,a44ae72b533a5542a8f9011675767abc632905152cdcfc14a638e5ef4f30d747,,pending,,,,5
img_00012566,images/img_00012566.jpg,02_deepfirearm,deepfirearm,1f0701044bfe684adb9e2d53a82640ee1859ff4169fdd4366a5a6eeaded014fc,,pending,,,,5
img_00012567,images/img_00012567.jpg,02_deepfirearm,deepfirearm,abd8d434d39d79735b595b63b54c812a28f38dc18e0e7f78d79f28c3544d0cfd,,pending,,,,5
img_00012568,images/img_00012568.jpg,02_deepfirearm,deepfirearm,3e35512037a8b2c412d5121fbdf47f1c3f654b930edc2585a05e834ec4b50b92,,pending,,,,5
img_00012569,images/img_00012569.jpg,02_deepfirearm,deepfirearm,fba9a5812e21077089945027ed7caf6c297b93f67e3ec125a794d7edbbf1c65d,,pending,,,,5
img_00012570,images/img_00012570.jpg,02_deepfirearm,deepfirearm,b85c8b50d2622c64e972caa8bdabe13478f3ef02b6fde340ed58be5bfd0f11fd,,pending,,,,5
img_00012571,images/img_00012571.jpg,02_deepfirearm,deepfirearm,fb139c525a81d0bd6d94f358f9ef73449d50605814c57333fb1aa04007ceed7a,,pending,,,,5
img_00012572,images/img_00012572.jpg,02_deepfirearm,deepfirearm,2b1ba495be0c2dd22a41e11434c70b81eefa939b748bce48247c4bd68cf8a46d,,pending,,,,5
img_00012573,images/img_00012573.jpg,02_deepfirearm,deepfirearm,72177a81e5be0c00372de0b7028b7bd37a11aa91e23edde57a5845f094929654,,pending,,,,5
img_00012574,images/img_00012574.jpg,02_deepfirearm,deepfirearm,d6a9a8063bbb36cb7b1788ec7791f94fa5ce1df3a4304a8ee7e0c7b5ab25e286,,pending,,,,5
img_00012575,images/img_00012575.jpg,02_deepfirearm,deepfirearm,1b5f41763ba4151e58da8501849974e3b7ba0c41d78168eb780908edbe428bce,,pending,,,,5
img_00012576,images/img_00012576.jpg,02_deepfirearm,deepfirearm,b213ab51abc60469c15f481c67a91b73659e10d7720a889eb727455525e1b66b,,pending,,,,5
img_00012577,images/img_00012577.jpg,02_deepfirearm,deepfirearm,ea58854419ea6dd302a4d67d073e917c407fe02a2452dfaef672072995e28cf2,,pending,,,,5
img_00012578,images/img_00012578.jpg,02_deepfirearm,deepfirearm,2d2d171429f0a3609d3452aa19447f158f6196b5d595029b2d5322c15b66aaf4,,pending,,,,5
img_00012579,images/img_00012579.jpg,02_deepfirearm,deepfirearm,fbc548225fb282d82fc106d865e0631b788bb95f03b5a0196b82e9cbad0107b2,,pending,,,,5
img_00012580,images/img_00012580.jpg,02_deepfirearm,deepfirearm,8afa91ac96b18f19ff9b272b3590047cf134164bd6e069bad2e3318ce9534b9b,,pending,,,,5
img_00012581,images/img_00012581.jpg,02_deepfirearm,deepfirearm,e8e61b7861d88a5cd2d1a2e0d8babe6bb1de5a5302e64a8266dd559640266c67,,pending,,,,5
img_00012582,images/img_00012582.jpg,02_deepfirearm,deepfirearm,5b04e0afa90d567ec5622632a477d2fac38eecb9d5e3e4a8a735c3c5781c10af,,pending,,,,5
img_00012583,images/img_00012583.jpg,02_deepfirearm,deepfirearm,bc2a43e95ef5b1582d40d6104087a5ee3a0fad1fde56b3b8adbecb335bc6ded5,,pending,,,,5
img_00012584,images/img_00012584.jpg,02_deepfirearm,deepfirearm,d569794b9002dd19f1602d102c8271f24b9bc1e2429e625a8807830b5c7a4318,,pending,,,,5
img_00012585,images/img_00012585.jpg,02_deepfirearm,deepfirearm,d46cc64087a9d967fb01615dd8c9581545c7176b520ef9651d888e2d5c21e0c4,,pending,,,,5
img_00012586,images/img_00012586.jpg,02_deepfirearm,deepfirearm,1353739161c9e5bd030bdbc5a8027d03e4597cbbc055b646c1c1e6a1ba683788,,pending,,,,5
img_00012587,images/img_00012587.jpg,02_deepfirearm,deepfirearm,212183cc142ed44e7a6df40b0b51212f12219263ab371cc92f57049bb249cd35,,pending,,,,5
img_00012588,images/img_00012588.jpg,02_deepfirearm,deepfirearm,8a547c83aab7fd2f538d06e6ea1e465c3902683b65fac9222ba1e651b4f7cf23,,pending,,,,5
img_00012589,images/img_00012589.jpg,02_deepfirearm,deepfirearm,898c4a72a67aa895d882681ff9280351787b88005b757464bdcf122eaf5b8842,,pending,,,,5
img_00012590,images/img_00012590.jpg,02_deepfirearm,deepfirearm,ec850b6c8af3b8afad791ead921aa1ec3a0caf77f25cd1d21fa614ad6b5441d3,,pending,,,,5
img_00012591,images/img_00012591.jpg,02_deepfirearm,deepfirearm,613757e90e2ee663aec7bb3b35cc5d75fb202a1949ad4be76c6fc9f27d9d143c,,pending,,,,5
img_00012592,images/img_00012592.jpg,02_deepfirearm,deepfirearm,c04114d74929807b20945406cacbd7a037b4046c29674fbdf5aec3d27d291aac,,pending,,,,5
img_00012593,images/img_00012593.jpg,02_deepfirearm,deepfirearm,e480e2560bf3d5bba575e1e532fcc771503308de38d562780cca5e212b8d83e7,,pending,,,,5
img_00012594,images/img_00012594.jpg,02_deepfirearm,deepfirearm,b6496f657de6c1c51abb611796b844e35e53f11eb47d319cc544097c153593bb,,pending,,,,5
img_00012595,images/img_00012595.jpg,02_deepfirearm,deepfirearm,c3ee366e917326680197b8685d3d65435ac3acfd2084b5a614dd4d46660d0489,,pending,,,,5
img_00012596,images/img_00012596.jpg,02_deepfirearm,deepfirearm,5abeaa2d47ec1ff269ebbcd0cdbaf878c2725375181a20d44e007e6a4dfd2b70,,pending,,,,5
img_00012597,images/img_00012597.jpg,02_deepfirearm,deepfirearm,ae30dcb6dc73e5caa8c7995cb017b19f26272e40ca1c7af35089601bdf91d254,,pending,,,,5
img_00012598,images/img_00012598.jpg,02_deepfirearm,deepfirearm,da473e3a14cb15fbad2e134bf70c73254cdf8233ef5d29fbaec63222793f64b0,,pending,,,,5
img_00012599,images/img_00012599.jpg,02_deepfirearm,deepfirearm,aada5c8bac665baeb8e3e0c155a43c225961bd3191252a0225ac8ec5fb002a7f,,pending,,,,5
img_00012600,images/img_00012600.jpg,02_deepfirearm,deepfirearm,99aef3625e03f050759e0d1db980874a95dd18195320f2ddd6ffc5f7a786a126,,pending,,,,5
img_00012601,images/img_00012601.jpg,02_deepfirearm,deepfirearm,0a430b17f0bd6bcff82bee9a33c86c78b2e559460574000042ad898c11f16faa,,pending,,,,5
img_00012602,images/img_00012602.jpg,02_deepfirearm,deepfirearm,8eaccc90cfab2875ec7c447c9a108df5cebc3b64f8457e997a22bfc34824ec4d,,pending,,,,5
img_00012603,images/img_00012603.jpg,02_deepfirearm,deepfirearm,866b6b486c77ebcac8b1c8f589d9f0f5562e1d8406f86484ea705ffcf8837208,,pending,,,,5
img_00012604,images/img_00012604.jpg,02_deepfirearm,deepfirearm,cf27cec09f288d9b59e27278556e3056aa011483b868af55c521b07ed8aa072c,,pending,,,,5
img_00012605,images/img_00012605.jpg,02_deepfirearm,deepfirearm,d96c22311313096f86f40b4b3f35028e022e415e0f953cf1eb50f166699776e1,,pending,,,,5
img_00012606,images/img_00012606.jpg,02_deepfirearm,deepfirearm,5fe04c5e9c176d5e4413acaee8e9a868dbc56aa9a210ef10c933af22cda2b1ba,,pending,,,,5
img_00012607,images/img_00012607.jpg,02_deepfirearm,deepfirearm,b8352c19fc5d2efcb00f4a7f2350fc0593494d9ef65650d725eefd0150f90545,,pending,,,,5
img_00012608,images/img_00012608.jpg,02_deepfirearm,deepfirearm,f1f03f2009c67b92f6eef85c516795daca10a2c36ae889da8cec9545a76eb564,,pending,,,,5
img_00012609,images/img_00012609.jpg,02_deepfirearm,deepfirearm,fe088d7c46788d0082de4fa0e696fdbf0ecebffa7a51d20c939713bd323bac46,,pending,,,,5
img_00012610,images/img_00012610.jpg,02_deepfirearm,deepfirearm,593fd56d3e782fb4601d5d915cefc66dff29a287bc7f8c6291e2e654812ba70f,,pending,,,,5
img_00012611,images/img_00012611.jpg,02_deepfirearm,deepfirearm,6689ecc8bbd6dd54396ae9da353340ece2c40df6f22ea294b77359c89693c2d2,,pending,,,,5
img_00012612,images/img_00012612.jpg,02_deepfirearm,deepfirearm,f28cca613b543e52fbebb7a7208df8af1ad49b820c93035faaf11c661eb603cb,,pending,,,,5
img_00012613,images/img_00012613.jpg,02_deepfirearm,deepfirearm,33369fa622f751f3660dd8e6602a80d834ec3eaeb08f3217df68a66ce4a54b54,,pending,,,,5
img_00012614,images/img_00012614.jpg,02_deepfirearm,deepfirearm,a4de421e0fd939b12634932333a9a041ca3ec24112dd0b003e09f70a71b6122a,,pending,,,,5
img_00012615,images/img_00012615.jpg,02_deepfirearm,deepfirearm,fd6efa33e0375e29bb615ebb478387f88ed47936ccce8659d3658a5b00c0c3be,,pending,,,,5
img_00012616,images/img_00012616.jpg,02_deepfirearm,deepfirearm,55196dc6554743a5e5bf97d61ab69d638c3ba490eafeabaf6c97a3572ca5208d,,pending,,,,5
img_00012617,images/img_00012617.jpg,02_deepfirearm,deepfirearm,75c6b55c21b13de6230200ff3e734028c0fcb778906524122eaeb49508eb7e40,,pending,,,,5
img_00012618,images/img_00012618.jpg,02_deepfirearm,deepfirearm,3bd332ceb4a0e22136718bdd1ccf4fb472f7ef5ea7db2525f7837fe5fbbcd89a,,pending,,,,5
img_00012619,images/img_00012619.jpg,02_deepfirearm,deepfirearm,7b4bc99a55d7d7e561417c7d0ad3947a516b96f4cc0cdf0b8d8a9eb8eed79e6d,,pending,,,,5
img_00012620,images/img_00012620.jpg,02_deepfirearm,deepfirearm,8fe8d2ad8cd8ea36afaff6f06d1063fde51c6002e5e38d7cee4cb92894b4eae3,,pending,,,,5
img_00012621,images/img_00012621.jpg,03_google_scraped,google,e92ddf1dea014fe0c7919e63b1224efc392555385679e8c7d72f45b621b594f8,,pending,,,,3
img_00012622,images/img_00012622.jpg,03_google_scraped,google,8e1fbca9b92c507a0467d7acda2d957d5ae8962e5e6c5695b8d38fefa7ea61ac,,pending,,,,3
img_00012623,images/img_00012623.jpg,03_google_scraped,google,4e50501ab6f6e390f4d4a917dd1c53f79ac9696cfe2200b8d4a0ce797efe03c5,,pending,,,,3
img_00012624,images/img_00012624.jpg,03_google_scraped,google,69fd7f3d3f30baa9a1271e37b4075d2df2c33369ac247535398b5b2a0538648d,,pending,,,,3
img_00012625,images/img_00012625.png,03_google_scraped,google,a6adfb96f8535ac6650425cc8d15e8ff05d3d591ca13ab8985fcfd28076f1dc5,,pending,,,,3
img_00012626,images/img_00012626.jpg,03_google_scraped,google,a5710f1c8a8c242e93be3f35c307e695e1fd7e25d965cafadbd2b6855c80741f,,pending,,,,3
img_00012627,images/img_00012627.jpg,03_google_scraped,google,2fd02948a458ac4cf7687586f3a8f42848b1e491628a8253573b723bd1c98fb9,,pending,,,,3
img_00012628,images/img_00012628.jpg,03_google_scraped,google,1c76031783c5cc508646b9b81199bfad91a3c1e1a2d82aae55d0da952fe5c0b8,,pending,,,,3
img_00012629,images/img_00012629.jpg,03_google_scraped,google,bb061123949d8d51ce1a4f199d0d46175863bd6b70397340c7ff5ffe63d54067,weapon,reviewed,,Lello,2026-04-22T09:25:11+00:00,3
img_00012630,images/img_00012630.jpg,03_google_scraped,google,a8cc7824de91cb946de1ff1c76b82081d42564ca5b6d655aa365b02f5a42abb8,weapon,reviewed,,Lello,2026-04-22T09:25:08+00:00,3
img_00012631,images/img_00012631.jpg,03_google_scraped,google,f0ce9fac5ec1b7ce7be87cec72b2165cb48ff44a523a287ce75a07ec12ee4f2b,,pending,,,,3
img_00012632,images/img_00012632.jpg,03_google_scraped,google,1d05fa3544af72175ae1bfc068b23f71c2170c780391798c10d88b9a2da2f275,,pending,,,,3
img_00012633,images/img_00012633.jpg,03_google_scraped,google,e933499dced08e13d611bd2da35d4c8c10eff821cf959f8db59fcf9d3415d3ee,,pending,,,,3
img_00012634,images/img_00012634.jpg,03_google_scraped,google,351a53f1caccbe9c9ab503338331f05e154e22f23ce734c19732353ac5316f42,weapon,reviewed,,Lello,2026-04-22T09:25:32+00:00,3
img_00012635,images/img_00012635.jpg,03_google_scraped,google,d8a8aefee57dbca1a02446726b2ffa37a2302df1069fd50d43ba9f82ff35a63e,,pending,,,,3
img_00012636,images/img_00012636.png,03_google_scraped,google,c344bd44f616ad64bb971be6ab78926d3f458fe563e68590a7295c9e19853973,,pending,,,,3
img_00012637,images/img_00012637.png,03_google_scraped,google,160922205a7860c60eba534cbf8a7f19633241ff71810356d15c3ef05da2a437,,pending,,,,3
img_00012638,images/img_00012638.png,03_google_scraped,google,69ece64434b83214567e8627768f3af3f49740637ddd1e5299942e32f749aaa5,,pending,,,,3
img_00012639,images/img_00012639.jpg,03_google_scraped,google,8a2fda9023cbf4e85fdc00bd9e581784f27b86cb3ca504baae0b204397b67e71,weapon,reviewed,,Lello,2026-04-22T09:25:34+00:00,3
img_00012640,images/img_00012640.jpg,03_google_scraped,google,d801f0666151c98f81f52fa542560ce5f40f5332ebfa711204c9d36a745a5032,weapon,reviewed,,Lello,2026-04-22T09:25:36+00:00,3
img_00012641,images/img_00012641.jpg,03_google_scraped,google,5016ec754b627edf43951fbca95c8e2208027371c042e06eeb51cbb61f2b073d,,pending,,,,3
img_00012642,images/img_00012642.jpg,03_google_scraped,google,7508c2da11ac9961e5620899fc9284a247cb95fcb21b27f5379d5510a7c64b5f,,pending,,,,3
img_00012643,images/img_00012643.jpg,03_google_scraped,google,df18b7e7d798350fa6f14fcb5d6bf03635e0efb57ad4d89dc890ef30790fe94b,,pending,,,,3
img_00012644,images/img_00012644.png,03_google_scraped,google,e2b47a8d7b49082df9d9b8457deaa922e6dfa23c939748342c7f5f29b3246cb3,,pending,,,,3
img_00012645,images/img_00012645.jpg,03_google_scraped,google,e3f1358c9641a668725e1818573645d4f875d837953bdb6b06e6f76844a88961,,pending,,,,3
img_00012646,images/img_00012646.jpg,03_google_scraped,google,b4e88d34d69b4ab043c72878833d41d6bd9ac500f4d5d70301aab1068d496980,,pending,,,,3
img_00012647,images/img_00012647.jpg,03_google_scraped,google,3ea2299cc190978c7a38ae512f2bb03cb7f15243b60cbd22c6e0e50d58cc2b0c,,pending,,,,3
img_00012648,images/img_00012648.jpg,03_google_scraped,google,3cfb51dd370ff6a90140ee9b0c5f126767fe715640a9f64fe6d26f5c3d4a48ee,,pending,,,,3
img_00012649,images/img_00012649.jpg,03_google_scraped,google,80c89dbaba5788ef962c75189d87cddf4761c8d9b13ddf32c8a04d9c70563aae,,pending,,,,3
img_00012650,images/img_00012650.jpg,03_google_scraped,google,51b74f632622d3f6110f86ce122d081f08d5abdd46f7832a3150aed6923d6e2f,,pending,,,,3
img_00012651,images/img_00012651.jpg,03_google_scraped,google,21dcbe4730ce4a0e6f47a49a50d5be4756842f969b56adae39e50a40ed33ffc4,,pending,,,,3
img_00012652,images/img_00012652.jpg,03_google_scraped,google,c08ad57d0f0660d7912edbe01c1201b9d15a601aafa075c4836b8594c66324aa,,pending,,,,3
img_00012653,images/img_00012653.jpg,03_google_scraped,google,dadca2ffaadeb13d33b31bdc43e75cc7f54ddeae80bb9e674269a5aac9aa1625,weapon,reviewed,,Lello,2026-04-22T09:25:44+00:00,3
img_00012654,images/img_00012654.jpg,03_google_scraped,google,df8cb52dc11729c22878758b1d14ad4ca965fb80f58ea5458fccd7fb52602683,,pending,,,,3
img_00012655,images/img_00012655.jpg,03_google_scraped,google,9a81c8b8ceab7f0b17c103f6e0fbd1d8e7bc906c7b6688b043223e9510c4b72f,,pending,,,,3
img_00012656,images/img_00012656.jpg,03_google_scraped,google,585b8897c22800f9af25502f46f4f7d2279748f8d7626238838f8dbecb5f89a0,,pending,,,,3
img_00012657,images/img_00012657.jpg,03_google_scraped,google,7d14f47c733ee155b4852dea0df914ac8b55f81490bc4bc2304b3865bb52f387,,pending,,,,3
img_00012658,images/img_00012658.jpg,03_google_scraped,google,8ada23bfc5313f7818aa7b62507efe05acd97de1601b5ffe95a91a1d7bf27207,,pending,,,,3
img_00012659,images/img_00012659.jpg,03_google_scraped,google,7546c47f86580c888a011f9460f12dbb2e983f8eb3647eeb2cd1f362b2e19f3d,,pending,,,,3
img_00012660,images/img_00012660.jpg,03_google_scraped,google,fc80d9ab5745e9e1d071d2cca23c0de647b0d2851346463e2f542c6aa4172d0f,weapon,reviewed,,Lello,2026-04-22T09:25:56+00:00,3
img_00012661,images/img_00012661.jpg,03_google_scraped,google,6bdc21b1fee3b3f781f489b4563182e569b1f03b930b3650ef7e7dd0432efd4d,,pending,,,,3
img_00012662,images/img_00012662.jpg,03_google_scraped,google,61e34c3a15fb2c922dc8d778bd9098c6e696c1a3ccc663dfdb39e2ca41a4c465,,pending,,,,3
img_00012663,images/img_00012663.jpg,03_google_scraped,google,367e299ab20285700a2bc245ba3b3d2e5e181d0fc5901ad5180a17ac874d73bc,,pending,,,,3
img_00012664,images/img_00012664.jpg,03_google_scraped,google,8d71fe1567c16a64ba8f61c4a620e63562b71a4c636dc8f407f9cad082752287,,pending,,,,3
img_00012665,images/img_00012665.jpg,03_google_scraped,google,3789ad430bdd66a05fed20da84bea6cb2743b0fdbcdc21db68bd42c9fc6b75d4,weapon,reviewed,,Lello,2026-04-22T09:25:54+00:00,3
img_00012666,images/img_00012666.png,03_google_scraped,google,f43d652cf259a3a18c45b9c078573f4ed17f2139cdf09e1e010f168207501675,,pending,,,,3
img_00012667,images/img_00012667.jpg,03_google_scraped,google,fbd8e55be1cdba37b1634bf908340920960f5a2eb945f3ce048b2178371b026e,,pending,,,,3
img_00012668,images/img_00012668.jpg,03_google_scraped,google,65c4567868dcbf22cd557ee9631c79d5284773ddb6f1e1e06da254b8fa405d5f,,pending,,,,3
img_00012669,images/img_00012669.jpg,03_google_scraped,google,4fb7634700d41685965a8795a8cce93db3806fd41123e483e88f040968fd10d6,,pending,,,,3
img_00012670,images/img_00012670.jpg,03_google_scraped,google,1bee1cc01d560ea47a8b0f2ce75c3e56f4c651c731064bac25864515d496cb77,,pending,,,,3
img_00012671,images/img_00012671.jpg,03_google_scraped,google,c62159e2efedc7e72d5b96c1ea1f3653ec466ebe5c17a7f1d9d17b5cce1511e0,,pending,,,,3
img_00012672,images/img_00012672.jpg,03_google_scraped,google,a00e300778134bf2e82b367150417ff57cd800d5864c3151cab08e7e5de905a1,,pending,,,,3
img_00012673,images/img_00012673.jpg,03_google_scraped,google,a4ac6c977decd30a30a7a4d1213260a8b6674ffd485b6d2c26e121128cf7eea2,,pending,,,,3
img_00012674,images/img_00012674.png,03_google_scraped,google,9c363ca20a3c41add0189c14368dda9d47e71824868bd37d6e2591b622542132,,pending,,,,3
img_00012675,images/img_00012675.jpg,03_google_scraped,google,30a0ad85dbc7dfa0b0c699ecbfc2e9f743554b82447d99583bff3cf1d4c82bce,weapon,reviewed,,Lello,2026-04-22T09:26:18+00:00,3
img_00012676,images/img_00012676.jpg,03_google_scraped,google,803464134a26402ca424e4db81c1229afe90c06fe952583524879c995dff8294,weapon,reviewed,,Lello,2026-04-22T09:26:03+00:00,3
img_00012677,images/img_00012677.png,03_google_scraped,google,584350afd25adce0c1be1b490efaa91c2d2ab8eff7f3b41a204b847f47de3ab2,weapon,reviewed,,Lello,2026-04-22T09:26:07+00:00,3
img_00012678,images/img_00012678.jpg,03_google_scraped,google,c6de0cc419f5154e2ab0717b61cb7a9314ba9f402cfd87878938eb3c76c049a9,weapon,reviewed,,Lello,2026-04-22T09:26:05+00:00,3
img_00012679,images/img_00012679.jpg,03_google_scraped,google,5f5ac2e7deb957eb0be22430d9560d90349d0a10924b5ec8f06d5960e94b2c80,,pending,,,,3
img_00012680,images/img_00012680.jpg,03_google_scraped,google,9ac4fbe891402d6402e336c87a2faab3af02a307a24e393ad7170480c3bca3b5,,pending,,,,3
img_00012681,images/img_00012681.jpg,03_google_scraped,google,106595932d14d2abbc48b14f18c65fa8d1f47f6fea9aa7e70cc1c8b876a5c0fa,,pending,,,,3
img_00012682,images/img_00012682.jpg,03_google_scraped,google,d9b1b91768f8cf06315033c64381d88355fceefcb0e7ab4c29741359880d47ff,weapon,reviewed,,Lello,2026-04-22T09:26:20+00:00,3
img_00012683,images/img_00012683.jpg,03_google_scraped,google,37b6fd05072d421ce8134834c0740e57e83756fc5741d9a24194c3e96f9f69a3,weapon,reviewed,,Lello,2026-04-22T09:26:22+00:00,3
img_00012684,images/img_00012684.jpg,03_google_scraped,google,a5db7c4e7bfb832708c7256e10da8934cd17bd3258570bff4e55708222e127e0,weapon,reviewed,,Lello,2026-04-22T09:26:25+00:00,3
img_00012685,images/img_00012685.jpg,03_google_scraped,google,eb647a915afe07e9805df473f2e78e59b0299f4af847163c2d70e5b1bf42bb04,weapon,reviewed,,Lello,2026-04-22T09:26:27+00:00,3
img_00012686,images/img_00012686.jpg,03_google_scraped,google,c7fbe61821d006584c7f698c2689955bf16484c9d2875aff2fa5149a944e093f,weapon,reviewed,,Lello,2026-04-22T09:26:29+00:00,3
img_00012687,images/img_00012687.jpg,03_google_scraped,google,6150527e9d7205da0c88ababf6686d4799a6e1c1d2227bbeae89fb1aafb99501,,pending,,,,3
img_00012688,images/img_00012688.jpg,03_google_scraped,google,12019a2829f8db2755154647fbfeeab975e07694359eadd7ec21022dbce6ebc6,weapon,reviewed,,Lello,2026-04-22T09:26:32+00:00,3
img_00012689,images/img_00012689.jpg,03_google_scraped,google,10f7992fa692e3c82fa1f5ab14ab8c98774c5c83a3ac6fd8083f5797319e84aa,weapon,reviewed,,Lello,2026-04-22T09:26:35+00:00,3
img_00012690,images/img_00012690.jpg,03_google_scraped,google,328e90502a90d9c60c7577c60835e0276fd02de2442bda96ab0880b5a7e6ad4b,,pending,,,,3
img_00012691,images/img_00012691.jpg,03_google_scraped,google,3e63dce8ba25bfbebf24fb4c5b9cdf3bdac75a6e7ff39ff8561072460550f206,weapon,reviewed,,Lello,2026-04-22T09:26:39+00:00,3
img_00012692,images/img_00012692.jpg,03_google_scraped,google,70efdd7b798fb7ed13a403fca33be2304b2cfb8d1303eefe87d230a1a9b3fc48,,pending,,,,3
img_00012693,images/img_00012693.jpg,03_google_scraped,google,b3f31d9217e67724cd40294d48ce588f1f76211e04a6998007d9cbf8c77ec0e5,weapon,reviewed,,Lello,2026-04-22T09:27:20+00:00,3
img_00012694,images/img_00012694.jpg,03_google_scraped,google,e966c34e32ef6a982a7da14e1ea7ba28654823042179195bd51e8376780ebaf2,ood,reviewed,,Lello,2026-04-22T09:27:05+00:00,3
img_00012695,images/img_00012695.png,03_google_scraped,google,4526e4a2d2a387c144488d4b8506b99b09a1d3dfe064175a98f05bbfc876b1cb,,pending,,,,3
img_00012696,images/img_00012696.jpg,03_google_scraped,google,8fc862a8f82eb8db40d03cd0582a772ecc3bc26275665095491a86bb79037615,,pending,,,,3
img_00012697,images/img_00012697.jpg,03_google_scraped,google,bc1a4be20683fdf7a918d693db13aaa1c4ad3e64ce838a6a0fe883c41c1c49d5,,pending,,,,3
img_00012698,images/img_00012698.png,03_google_scraped,google,7bfa1492bc7916d770075adf3d9ed56beeea7832189b5cf57177d055844c9679,weapon,reviewed,,Lello,2026-04-22T09:26:45+00:00,3
img_00012699,images/img_00012699.jpg,03_google_scraped,google,4db66c7b101ef0072f120ca9d047a649cee601b4aa7d3ae7034daced070bd922,weapon,reviewed,,Lello,2026-04-22T09:26:47+00:00,3
img_00012700,images/img_00012700.jpg,03_google_scraped,google,ac3b369fd937b03034be09cc7694c50967836448e3efeca59f4d39bf9d20c1f6,weapon,reviewed,,Lello,2026-04-22T09:26:48+00:00,3
img_00012701,images/img_00012701.jpg,03_google_scraped,google,7a86cd92cf3a3ccd4a9094083f03117d8eb54d0fc99357bd5369715dec8ce778,ood,reviewed,,Lello,2026-04-22T09:27:15+00:00,3
img_00012702,images/img_00012702.jpg,03_google_scraped,google,2c8ebdf912986e3a5805449ed5e76bffa64bc7b0863c561b746255b588450b7e,ood,reviewed,,Lello,2026-04-22T09:26:53+00:00,3
img_00012703,images/img_00012703.jpg,03_google_scraped,google,7673b1da29aceba3c52db1305ad72c691abfc026b4b31e738b2fa6cf8f36b0ed,,pending,,,,3
img_00012704,images/img_00012704.jpg,03_google_scraped,google,34d24cb63e07a969bf63f39afe7e733fafa611ee6b520a2c076becb73b7b863c,ood,reviewed,,Lello,2026-04-22T09:26:55+00:00,3
img_00012705,images/img_00012705.jpg,03_google_scraped,google,18a24c807af1ad7bb2a0dedcf94dc99be77e14b609a47a9a984aa6765c251323,,pending,,,,3
img_00012706,images/img_00012706.jpg,03_google_scraped,google,b5484080e2a1836e6406036730f6e7dcf2db4dc9fb28574a12b2bbad12a82bb6,,pending,,,,3
img_00012707,images/img_00012707.jpg,03_google_scraped,google,e9ab9cd455ef055ef035947b2b3bf1a3ca23ef6fe1201e11608694f0cf3bbf61,weapon,reviewed,,Lello,2026-04-22T09:27:08+00:00,3
img_00012708,images/img_00012708.jpg,03_google_scraped,google,f8857ac4532914c48b5db1890d4ceb22bd3264915b97e29b39777d2bb18f3acf,ood,reviewed,,Lello,2026-04-22T09:27:13+00:00,3
img_00012709,images/img_00012709.jpg,03_google_scraped,google,6d43d407e34a2f8784883ea79ce42d0fc4997710b708f514ad70d8373b97178f,,pending,,,,3
img_00012710,images/img_00012710.jpg,03_google_scraped,google,46de2fb2977c9de772d463a0378e3ce3d00c8b25801ec2a4ebcbca595f987754,,pending,,,,3
img_00012711,images/img_00012711.jpg,03_google_scraped,google,69fe317a0e55a428d7360bff50d5f6a2c2b694d70fdad1f90956a5040b52abcb,,pending,,,,3
img_00012712,images/img_00012712.jpg,03_google_scraped,google,39d710272adcb3cd596f75a7230fea93a3fb51db0e66707b126cd8d7ead81275,,pending,,,,3
img_00012713,images/img_00012713.png,03_google_scraped,google,ae22ae2dddde4d9e710d991f5e995fbc8308f4c500ddd96015a760b53f6de51d,,pending,,,,3
img_00012714,images/img_00012714.png,03_google_scraped,google,cd0ab9f27ab6be7ba54969e82c9e2f750be9db0d3e539838c8d548f59bdbeaa3,,pending,,,,3
img_00012715,images/img_00012715.jpg,03_google_scraped,google,48068abe63c685efa9d16d127ea043e71c715e9f4061751b7a127edf9c3ee3d3,,pending,,,,3
img_00012716,images/img_00012716.jpg,03_google_scraped,google,61db5e3633af9e85bb9a8c843e6b8ffbef7a9fcca832063a5f01cbc691ab1f5e,weapon,reviewed,,Lello,2026-04-22T09:27:29+00:00,3
img_00012717,images/img_00012717.jpg,03_google_scraped,google,1da1d03475977bf4ea6c7adf49004eb0e82f1d402a9980b8dc2b5e2b24148274,,pending,,,,3
img_00012718,images/img_00012718.jpg,03_google_scraped,google,b8e322cdf93154f6d64c0fe2ab9d3ef8083e81647dcc298a587fd286710fbc36,,pending,,,,3
img_00012719,images/img_00012719.jpg,03_google_scraped,google,bb0416f58725b96e0d771c1685fb26c650f7d55e3787e6d5517da08f5d0dc498,,pending,,,,3
img_00012720,images/img_00012720.jpg,03_google_scraped,google,9847ec285077c9d8f5c9a4b42cf870a3d039f2379100ab6a8ab2aaaa89342f50,,pending,,,,3
img_00012721,images/img_00012721.jpg,03_google_scraped,google,0eeaba943122848cef664c681c80b9e8e6725b815dfb3d1cc68d6e985f24496a,weapon,reviewed,,Lello,2026-04-22T09:27:28+00:00,3
img_00012722,images/img_00012722.jpg,03_google_scraped,google,7d12fb229c5bba6d6f9d373c611299b45b580333b3992e048841fa960923828e,weapon,reviewed,,Lello,2026-04-22T09:27:31+00:00,3
img_00012723,images/img_00012723.jpg,03_google_scraped,google,ad07271644b13892c365440b1d3e5a3305b4d295e33cb32d60bf884b08fe5e98,weapon,reviewed,,Lello,2026-04-22T09:27:33+00:00,3
img_00012724,images/img_00012724.jpg,03_google_scraped,google,0a9d9126119ea80919cd1e3a86386ed7e76f7d72a144e1a1059e2b03028b0ea2,weapon,reviewed,,Lello,2026-04-22T09:27:34+00:00,3
img_00012725,images/img_00012725.jpg,03_google_scraped,google,23175cb0901792ecc1c23c46eca176a48af75e586e86afcceb530e45685b30c4,,pending,,,,3
img_00012726,images/img_00012726.jpg,03_google_scraped,google,868c789c2072e52e0cc03e92f2dac316161fddc8ae23ef7522244d7abbf29b2f,weapon,reviewed,,Lello,2026-04-22T09:27:37+00:00,3
img_00012727,images/img_00012727.jpg,03_google_scraped,google,e76094bbff8505b62e841e5299054a5ed7dc86a1b52ac755b7bf1b5442609a9e,,pending,,,,3
img_00012728,images/img_00012728.jpg,03_google_scraped,google,aa072beb5fade651ede99ee85ed9d002687a8da6777a27288cf7c4e8169cdd9e,ood,reviewed,,Lello,2026-04-22T09:35:04+00:00,3
img_00012729,images/img_00012729.jpg,03_google_scraped,google,545f925c7766e3fe5836f82bd2e63a274187e361d654696aa9979c8558ea8d51,,pending,,,,3
img_00012730,images/img_00012730.jpg,03_google_scraped,google,076c90cfd862889d4b895280004c2fab012dc4568d6ac58a3668251b4f921d8d,,pending,,,,3
img_00012731,images/img_00012731.jpg,03_google_scraped,google,574a578fee7600e0157ffaecc5a438c35b80530ef2d39dff4fb498fe59a5f82c,,pending,,,,3
img_00012732,images/img_00012732.jpg,03_google_scraped,google,34ba75b2c596c8be5d6a3d84e162644264752b3ed37ee81f4b32c46cc31518ee,,pending,,,,3
img_00012733,images/img_00012733.jpg,03_google_scraped,google,6c7885f1e335a2a2a55bd09b169f0c5704ab933d58896087caa8ad289270b6fb,weapon,reviewed,,Lello,2026-04-22T09:27:46+00:00,3
img_00012734,images/img_00012734.jpg,03_google_scraped,google,3ae487c2f207073f604d9e8505767a7601416d39268b56db48a00021c5941714,weapon,reviewed,,Lello,2026-04-22T09:27:47+00:00,3
img_00012735,images/img_00012735.jpg,03_google_scraped,google,30f679504560c570d03182fb057a8d55b37a425b33bd6cc49bdc3955d73f8031,ood,reviewed,,Lello,2026-04-22T09:35:02+00:00,3
img_00012736,images/img_00012736.png,03_google_scraped,google,d9e0c31fc118b8f517feb488e4eadb5d8f691fc62c6a21ee64f18cf69097d3dd,weapon,reviewed,,Lello,2026-04-22T09:27:50+00:00,3
img_00012737,images/img_00012737.jpg,03_google_scraped,google,994186af44a0128a6b38de6c21fcecc50064752c620ae295cd3fb1a4dfaac2c8,,pending,,,,3
img_00012738,images/img_00012738.jpg,03_google_scraped,google,4b9932da26d5bddc84c6bd880abf6f8d4f2a4d776a3de873d82ec4b6f459635e,,pending,,,,3
img_00012739,images/img_00012739.jpg,03_google_scraped,google,6b0989b26de89c5ca353efa58b571da21b372339950a4bace6760cda43807747,,pending,,,,3
img_00012740,images/img_00012740.jpg,03_google_scraped,google,9e721f259a8561d5fe8a58930fb8ee50e2cf110117e5bb00e80fb845bee42fd8,,pending,,,,3
img_00012741,images/img_00012741.png,03_google_scraped,google,67d82f296bc58a5de50ae1151f5179549a7e93e1ac1d0937afcb9236db04c87f,weapon,reviewed,,Lello,2026-04-22T09:27:59+00:00,3
img_00012742,images/img_00012742.jpg,03_google_scraped,google,9be68b053f30850a76d2061e616dd74b0882c93ef0aae9f8df3667ba91c39f30,weapon,reviewed,,Lello,2026-04-22T09:28:02+00:00,3
img_00012743,images/img_00012743.jpg,03_google_scraped,google,4404de9e01ada3e9c815c520f447a78f232a8de731e6206fd76b95e3163b42c4,weapon,reviewed,,Lello,2026-04-22T09:28:05+00:00,3
img_00012744,images/img_00012744.jpg,03_google_scraped,google,20ed3b7a9222df901095ea55c8b2f85f526e7ee3c00a49dab57efd6c28347c5b,weapon,reviewed,,Lello,2026-04-22T09:28:07+00:00,3
img_00012745,images/img_00012745.jpg,03_google_scraped,google,1bc0b6721ce995356eb22b00b44f8c0d058e828987f5f703037cc1570913b296,weapon,reviewed,,Lello,2026-04-22T09:28:09+00:00,3
img_00012746,images/img_00012746.jpg,03_google_scraped,google,35ca99e2489670be3477816c4ec9c17561701047612d0f5dfddb3179a4a26ab5,weapon,reviewed,,Lello,2026-04-22T09:28:11+00:00,3
img_00012747,images/img_00012747.jpg,03_google_scraped,google,edd6979e1d82d0711bc88d9ba500dce1350c13da5d150fce9f5385e9e388f4e9,weapon,reviewed,,Lello,2026-04-22T09:28:12+00:00,3
img_00012748,images/img_00012748.jpg,03_google_scraped,google,84e96066f58f6b4080ca2981697f5759ac1809db6ad88405807763dd73295156,weapon,reviewed,,Lello,2026-04-22T09:28:14+00:00,3
img_00012749,images/img_00012749.jpg,03_google_scraped,google,18ddb904342f722068ccd52e26b22902ec297a77b901e5a634f8ed967e009660,weapon,reviewed,,Lello,2026-04-22T09:28:15+00:00,3
img_00012750,images/img_00012750.jpg,03_google_scraped,google,8cb596855643555c7063e27df9789b13dca33e66b90b5931dbfb75ca4a52a8c0,weapon,reviewed,,Lello,2026-04-22T09:28:16+00:00,3
img_00012751,images/img_00012751.jpg,03_google_scraped,google,80ab6d3bc54935ac6b94254f60670bd8f61b3fbe7cf466ca93e81f1c26b7ab91,weapon,reviewed,,Lello,2026-04-22T09:28:18+00:00,3
img_00012752,images/img_00012752.jpg,03_google_scraped,google,7c3e1b9daae64538b147bd9d05a80559e58be682c4ef2729a1a4a9863314ba83,weapon,reviewed,,Lello,2026-04-22T09:28:20+00:00,3
img_00012753,images/img_00012753.jpg,03_google_scraped,google,9e7c6b5042560b89d84e425db2c41b959f1fa3b0056364b0ec6be2cd7d1306e5,weapon,reviewed,,Lello,2026-04-22T09:28:22+00:00,3
img_00012754,images/img_00012754.jpg,03_google_scraped,google,b44f22d26d71e4cc87dda3a65d65df4135bc083694c1c5a914e254da9c190cb6,weapon,reviewed,,Lello,2026-04-22T09:28:23+00:00,3
img_00012755,images/img_00012755.jpg,03_google_scraped,google,97d6b7d5528ceaa413ab0192f6786d999085a603c54c45919f2cb7de74cda07f,weapon,reviewed,,Lello,2026-04-22T09:28:25+00:00,3
img_00012756,images/img_00012756.jpg,03_google_scraped,google,27769ba64d117d96e15016345a4521c283c027853616aea0f876c2a931c2eed4,weapon,reviewed,,Lello,2026-04-22T09:28:27+00:00,3
img_00012757,images/img_00012757.jpg,03_google_scraped,google,b276e5eca8713a03cf77434acc18bca30a1d2aab6b5e57a7dde8bfc6ceb26668,weapon,reviewed,,Lello,2026-04-22T09:28:29+00:00,3
img_00012758,images/img_00012758.jpg,03_google_scraped,google,1a02812f927be1e3f86e4f2abaf39a2713ce234808911dfc22e5dc4b2dd0269e,weapon,reviewed,,Lello,2026-04-22T09:28:31+00:00,3
img_00012759,images/img_00012759.jpg,03_google_scraped,google,2fd0b495cb67355d12ec7efcc9a21bc7a2b0133d43bbb914251ed020cfb58e0d,,pending,,,,3
img_00012760,images/img_00012760.jpg,03_google_scraped,google,8fbaed4c7709ca45ebe6944aa68884e78cb699269ee20c1357496ec29d4b0442,,pending,,,,3
img_00012761,images/img_00012761.jpg,03_google_scraped,google,b25b883ae719db45be7ea082e433cc8be2287fc8714bbc1e20cba9548ce50149,,pending,,,,3
img_00012762,images/img_00012762.jpg,03_google_scraped,google,be53a314b85e8a02d7922a3d1fa0cb60af01cb0acd92378b795b1370e006ab92,,pending,,,,3
img_00012763,images/img_00012763.jpg,03_google_scraped,google,a4d100858d0496a31dd10a4efc3b3bfa0f6aa1032323a38c459c00275234b365,,pending,,,,3
img_00012764,images/img_00012764.jpg,03_google_scraped,google,9efa80e9f21af947cbb8aaf69cf653fea0b6b28a38b5e693bfe8ab14f8a61dc1,,pending,,,,3
img_00012765,images/img_00012765.jpg,03_google_scraped,google,aa0576e34d19caab99cb4c084e41ed38a43b8f4674de66dddd08d067aedaf7ce,,pending,,,,3
img_00012766,images/img_00012766.jpg,03_google_scraped,google,f09a97aa895ca08ef99aaa664b3c116f75e366016fdfb4cdce25b0b22be9d8c3,,pending,,,,3
img_00012767,images/img_00012767.jpg,03_google_scraped,google,bfffd253d3bc237d99664b93397644eb6bf39966d0c202b6870732086efb9b8f,,pending,,,,3
img_00012768,images/img_00012768.jpg,03_google_scraped,google,a3d7a00ded9b9614741b4a0f931e8f93b32a6c972ee065b878fa1b66907c25da,,pending,,,,3
img_00012769,images/img_00012769.jpg,03_google_scraped,google,6078f2055ab6f46de8146f1af219003cace120c4a7e2724920e10ba4341325dc,,pending,,,,3
img_00012770,images/img_00012770.jpg,03_google_scraped,google,2bea62240ec95fd530ae192f7b0f58eee5af2891a6ed306bc5a0aa17e0b252c6,,pending,,,,3
img_00012771,images/img_00012771.jpg,03_google_scraped,google,9214e621e3b0c58ecfc18d6990f8ac5d720846fab0bc8c91c58b3ca43af82ee4,,pending,,,,3
img_00012772,images/img_00012772.png,03_google_scraped,google,ed1b7cd4da72ea00ba189974ca7619a2aee04480cdba56f79f5463eccbf91a76,ood,reviewed,,Lello,2026-04-22T09:28:41+00:00,3
img_00012773,images/img_00012773.jpg,03_google_scraped,google,776b7664ae308de6d70550b77e09e9d83c2d3e63e841fd08816410ca7e7faab4,,pending,,,,3
img_00012774,images/img_00012774.jpg,03_google_scraped,google,84e3e9c389bbed4a316db7e5b4644e52ff8971e696ed59bf49eb352654723a9c,,pending,,,,3
img_00012775,images/img_00012775.jpg,03_google_scraped,google,6df6a1242a32ba8722cba869668bd41427e72f5c0a638cd8af87f652de57b24d,,pending,,,,3
img_00012776,images/img_00012776.jpg,03_google_scraped,google,b1b6a459e6950c7427483baab8cf0e9e9dafc8ba9c98d18242453e0f36418675,,pending,,,,3
img_00012777,images/img_00012777.jpg,03_google_scraped,google,dfcf386d6a7b7aa9a88e3a3b479b3df7132ad731f58aa09049fe68200569a392,weapon,reviewed,,Lello,2026-04-22T09:28:35+00:00,3
img_00012778,images/img_00012778.jpg,03_google_scraped,google,96ee9932a8c21e9130df7c1842484f441e5a97d1ce862bcca7348b8caadee1ec,,pending,,,,3
img_00012779,images/img_00012779.jpg,03_google_scraped,google,794a6ee910589242811542cf04a1075489243d90268dee5c7ca010af29b2e132,ood,reviewed,,Lello,2026-04-22T09:28:44+00:00,3
img_00012780,images/img_00012780.jpg,03_google_scraped,google,f2ab9ddc46ba6a99cae028bcea1d918639705452e110366f5f616f4bf9a70361,,pending,,,,3
img_00012781,images/img_00012781.jpg,03_google_scraped,google,1786601a8a3ac4ae0670d9cd9e36375875833361dfe5ad46956ff183500f364d,,pending,,,,3
img_00012782,images/img_00012782.jpg,03_google_scraped,google,686e868ca048c81215268f137b2446dbe559130f754adeef6a61fce2199c2be3,,pending,,,,3
img_00012783,images/img_00012783.jpg,03_google_scraped,google,d2bd619df70c274be4a8b22822740fff9535fdc7a08b456488415b7de1a43dd7,,pending,,,,3
img_00012784,images/img_00012784.jpg,03_google_scraped,google,f5a16aa9f0cbd59cbb56ce4b16684bea35b8d8a81056057b1382519e0ba9a6c0,,pending,,,,3
img_00012785,images/img_00012785.jpg,03_google_scraped,google,1ec154351d485707124125c659bc54aaece5d52d0ddcfc722ba5fa254b560384,,pending,,,,3
img_00012786,images/img_00012786.jpg,03_google_scraped,google,2cc04fe9d1ea39044bbe5d3611cf51675f4f4c63ddcc1bab84c53aadb8506857,,pending,,,,3
img_00012787,images/img_00012787.png,03_google_scraped,google,c87ad92348b7e43c42b12b71e5dc471bef0129667b8cc2bf2aca95729d8fc48a,weapon,reviewed,,Lello,2026-04-22T09:28:56+00:00,3
img_00012788,images/img_00012788.jpg,03_google_scraped,google,83c45a63b91bf484c7f780405409fd118f0ef8a9a261601516afa8538d6db4e3,,pending,,,,3
img_00012789,images/img_00012789.jpg,03_google_scraped,google,29731a1bb6e03f7eab06c22780608c7ce10416d18c2fd446051f97b5ef36e894,,pending,,,,3
img_00012790,images/img_00012790.jpg,03_google_scraped,google,c2ec073af7e301493b755945d0d40c46659a104ede214c1bb783cbe6dfee688f,,pending,,,,3
img_00012791,images/img_00012791.jpg,03_google_scraped,google,5a26422d96f86eece864fc040e91858015c5b89a1881748d38851393c2fdf1e2,weapon,reviewed,,Lello,2026-04-22T09:28:53+00:00,3
img_00012792,images/img_00012792.png,03_google_scraped,google,df830b1fe243360be3aff5aa3d231486d8d1bcf052b7f050df8ffe0d0a7bec67,,pending,,,,3
img_00012793,images/img_00012793.jpg,03_google_scraped,google,72860755734d43a9e3cf3e0ce6fd1d43a80a91a8d57cf820bd10761aeaca7eee,,pending,,,,3
img_00012794,images/img_00012794.jpg,03_google_scraped,google,9c4bc3bcb79b787733767d7767ad0d4b97458fff944ab057192711ed1726ab4b,,pending,,,,3
img_00012795,images/img_00012795.jpg,03_google_scraped,google,06690115a7609647d22cd567f037534f6a4527d0f86441ce0be55c8e91d75978,,pending,,,,3
img_00012796,images/img_00012796.jpg,03_google_scraped,google,ac5e2ca8a5732fd8929df4f22305425c9534b837823d73dfbf7955a911a99581,,pending,,,,3
img_00012797,images/img_00012797.jpg,03_google_scraped,google,27b59a5522e8935efd46236d8b4f65616d5b2cf0d7a5dc6c4f315c72a282b4a3,,pending,,,,3
img_00012798,images/img_00012798.png,03_google_scraped,google,944a6c8c395383cfac189befd02d5a52608c775d03923724ba29ed35c0ed96a0,,pending,,,,3
img_00012799,images/img_00012799.jpg,03_google_scraped,google,1c33b74162ddeca273c6c682a3406b3a79b669ba94c1efe2b5354b84dcbe3cdf,,pending,,,,3
img_00012800,images/img_00012800.jpg,03_google_scraped,google,416ed3e25813e7e1e5ed8e2f571911bff6e9851221f0eff15640c4b504b3218a,,pending,,,,3
img_00012801,images/img_00012801.jpg,03_google_scraped,google,73f6788ee79b525010d42f502833b5a96bbdf31431badb5b2d4e5de444fee5cb,,pending,,,,3
img_00012802,images/img_00012802.jpg,03_google_scraped,google,7337509753de6ddf98502478f92617e6dccd44a5026712f6e41e9ec7a97490b0,,pending,,,,3
img_00012803,images/img_00012803.jpg,03_google_scraped,google,42df64839a31f614302ec2923e1ea19239ecfc9d83ee37f317cb40011921f342,,pending,,,,3
img_00012804,images/img_00012804.jpg,03_google_scraped,google,45017a9c87fbd35a6e8313e1032766e64f51ab5c3cf7010d6a7f0a0476f977cb,,pending,,,,3
img_00012805,images/img_00012805.jpg,03_google_scraped,google,9903b31e04244903dab57c14ec75f6f0838a8af8617553677dcd069ac5dee0d0,,pending,,,,3
img_00012806,images/img_00012806.jpg,03_google_scraped,google,4eace6cae7196881fbf786f527c1da02c4e9901381dd471709306e928624633a,,pending,,,,3
img_00012807,images/img_00012807.jpg,03_google_scraped,google,e67126d04f4afaf8f43b0745f87b7038de797ab0c9967bb55c7a2bce90f6383c,,pending,,,,3
img_00012808,images/img_00012808.jpg,03_google_scraped,google,e85789bb0ef375d46f0cbb6ec98ba1e0e9f3457fba4d1c338e56681601219dbb,,pending,,,,3
img_00012809,images/img_00012809.jpg,03_google_scraped,google,63bf7b6ebf78bfafd7c41fcaf391e625e4cbcb08a96ea4c4033e10dc6835e21c,,pending,,,,3
img_00012810,images/img_00012810.jpg,03_google_scraped,google,3df2cfade0e8f53bd1ec0733a9f3835213326a608b5cd9b7b8c2d89bd7a1fe44,weapon,reviewed,,Lello,2026-04-22T09:29:04+00:00,3
img_00012811,images/img_00012811.png,03_google_scraped,google,281c27ab54dbb905c3d2fc202b7ca14566e494b4ef91a314a3ef06038fca075d,,pending,,,,3
img_00012812,images/img_00012812.jpg,03_google_scraped,google,0c51e5e6a5072d0f5fcaa6bc792dc546bbf24fc45be79fc2dd1e85c4a56742c9,,pending,,,,3
img_00012813,images/img_00012813.jpg,03_google_scraped,google,5d4c9ba8a5f9e69230ca62d497d6d7544bfd7909c28a42b70f70e507498e9ec4,,pending,,,,3
img_00012814,images/img_00012814.jpg,03_google_scraped,google,d08dfa17fd940aed8f5c7c6c61cbfbeb46b9c5c9f6f0a3960291f4d22c7eec09,,pending,,,,3
img_00012815,images/img_00012815.jpg,03_google_scraped,google,a385ab3e94a06ef76e321eb248be98d10e58592d91d89687d53800c1ae695293,,pending,,,,3
img_00012816,images/img_00012816.jpg,03_google_scraped,google,0027d357f728604b880d6a00d159f2dea98dbedd5258482545ae44b28ee31f76,,pending,,,,3
img_00012817,images/img_00012817.jpg,03_google_scraped,google,f29dd716827a63f25b5f7726c8d9fb61e594e9e5d729c4ae4a75ca94e157ed5d,,pending,,,,3
img_00012818,images/img_00012818.jpg,03_google_scraped,google,5173decfdde2ebb69ff85284920bfa3a55fc9eac42415b015cce71030206118d,weapon,reviewed,,Lello,2026-04-22T09:29:09+00:00,3
img_00012819,images/img_00012819.jpg,03_google_scraped,google,5a968adde8040650f2c9f246a608ea368cb51efc13c2a7263aa5de2ad7683189,,pending,,,,3
img_00012820,images/img_00012820.jpg,03_google_scraped,google,17140822bbc51026459c3063b996d9076df649ba056c053c11e3ffc867023382,,pending,,,,3
img_00012821,images/img_00012821.jpg,03_google_scraped,google,c2776bcee1701af012ebf40ec01b9377f162f7bc0c03291f7e7092f82ebf0fe7,,pending,,,,3
img_00012822,images/img_00012822.jpg,03_google_scraped,google,d138cee07e56b6693bd85c66856e2562491122e2bda228c41b29296968d4f032,ood,reviewed,,Lello,2026-04-22T09:35:25+00:00,3
img_00012823,images/img_00012823.jpg,03_google_scraped,google,d4459e3ee6dc57fee5073b4a3bff297b75b99358b0a1e3c1cf5bb3c1220d8aab,ood,reviewed,,Lello,2026-04-22T09:35:29+00:00,3
img_00012824,images/img_00012824.jpg,03_google_scraped,google,581a927cdcbb180dd1452e34b650e06435f688da10ab7023ccd5e88c379b505c,,pending,,,,3
img_00012825,images/img_00012825.jpg,03_google_scraped,google,d367ac7073167545c64a726bba1dc5a942a33e9c9bafc3fdea1788c712357e77,ood,reviewed,,Lello,2026-04-22T09:35:23+00:00,3
img_00012826,images/img_00012826.jpg,03_google_scraped,google,d25d10e67506aa80c4d056917e69cbcf122ba5a884959dc7e56c169f2975eb24,,pending,,,,3
img_00012827,images/img_00012827.jpg,03_google_scraped,google,bf2496abe1532cca921c780670e9829c483810b5e12267110fcd0224cdc99a55,weapon,reviewed,,Lello,2026-04-22T09:29:14+00:00,3
img_00012828,images/img_00012828.jpg,03_google_scraped,google,562b9a92a456f3391be7c06ef7f36831f6d4adf28f50877767829102e853b33a,,pending,,,,3
img_00012829,images/img_00012829.jpg,03_google_scraped,google,f0fc3f8489e970895724f4e3b4acb2f8ab440d1e6dc98a995c1e696716096b61,,pending,,,,3
img_00012830,images/img_00012830.png,03_google_scraped,google,e9c523077cb5f5d5e9e28ad3589296a58b45be3ee40f8e8032edf5736cd4753c,,pending,,,,3
img_00012831,images/img_00012831.jpg,03_google_scraped,google,d6fd7372a3d71fe6391b2ab5c7943e094a57fd45466cf9b8308c6d830a10bf23,,pending,,,,3
img_00012832,images/img_00012832.jpg,03_google_scraped,google,f0f0d9ca7be382915dc9dfa2b87c700263d4d430eddb3bb1b3912e0df467c0db,,pending,,,,3
img_00012833,images/img_00012833.jpg,03_google_scraped,google,b505996a26d93c7b4e6ad5d958c284742d83f989ace326207ff02c55985e0356,,pending,,,,3
img_00012834,images/img_00012834.jpg,03_google_scraped,google,94572a52ac7c3f68e3ee13906a31b615d50c673ff9cc7f3ec745f740385b6946,,pending,,,,3
img_00012835,images/img_00012835.jpg,03_google_scraped,google,d285646045b5efabbbec558fad50bc694a5ce44717eec9a7243bad3fd1a1364f,,pending,,,,3
img_00012836,images/img_00012836.jpg,03_google_scraped,google,39e3e3d6f9f9b5c148edea4223d920406c3a245f1f27670fa44f9bcdeedeaf51,,pending,,,,3
img_00012837,images/img_00012837.jpg,03_google_scraped,google,459b81e2770646023740dc560e558464e4b9f516fdbce70510b296b9f3b74764,,pending,,,,3
img_00012838,images/img_00012838.png,03_google_scraped,google,a83233c4231379892499f3950aec272ab8776f4d6f61f1b48da05ec6f0350063,,pending,,,,3
img_00012839,images/img_00012839.jpg,03_google_scraped,google,c109f853293d91a353a687dafd7931218d7e8538ee35509c5920252d7f61c9bb,,pending,,,,3
img_00012840,images/img_00012840.jpg,03_google_scraped,google,cdf26c7cea5fed2c69e29c5b2970ef3c91b5ff0af72b30dac528e638ce643f2c,,pending,,,,3
img_00012841,images/img_00012841.jpg,03_google_scraped,google,b801308176d393831e64764f513d3721f74ee74c3543cc04c2f0e8a518b28ad0,,pending,,,,3
img_00012842,images/img_00012842.jpg,03_google_scraped,google,31d1e188117aa50776ce1b1cf7b7ca1a47ff11ce1258fb9a9c07f0968c22b005,,pending,,,,3
img_00012843,images/img_00012843.jpg,03_google_scraped,google,5a32958c49165fb73be2bd02aa25921873ecfca644f5184c15f574d72cdef938,,pending,,,,3
img_00012844,images/img_00012844.jpg,03_google_scraped,google,e8b2cd7155ade2ace27ce1ee1b8469f036214d688440879bb8aa472d4d1175cd,,pending,,,,3
img_00012845,images/img_00012845.jpg,03_google_scraped,google,093294292a50ab1284192f872e73705bb9881f9d458c04bdb07bb6030e017ece,,pending,,,,3
img_00012846,images/img_00012846.jpg,03_google_scraped,google,946131d4e813d3edb831775c16f04f5ba43210fc6836d8eed2e6518eab7d2986,,pending,,,,3
img_00012847,images/img_00012847.png,03_google_scraped,google,be4cec5a49ec3e73af328474f1a2fde62d8e4c6bd0653aa3eca683136905afe3,,pending,,,,3
img_00012848,images/img_00012848.jpg,03_google_scraped,google,59b60ba8ca2c53676c48173464e89f05e2f4945339f1e817057f2db96c2980c1,ood,reviewed,,Lello,2026-04-22T09:29:25+00:00,3
img_00012849,images/img_00012849.jpg,03_google_scraped,google,e75d3554320befe4063ca1ef7f5e221ddcd3d83e464616aefd8407b89305a489,,pending,,,,3
img_00012850,images/img_00012850.jpg,03_google_scraped,google,38692874d6a8ce74b72d982e1ac58aa4417465265633982a9273185c6760962e,,pending,,,,3
img_00012851,images/img_00012851.jpg,03_google_scraped,google,da5383792af40b47d08db2cfc7779ba2f8b4df671ca7589d34fd216e38766646,,pending,,,,3
img_00012852,images/img_00012852.jpg,03_google_scraped,google,d0584936122643faf514c2dae7a4da1c6290f9734bb92275631ffbee6c66aff0,,pending,,,,3
img_00012853,images/img_00012853.jpg,03_google_scraped,google,fbc274e058f5fc60e1fffcccddaaaf82ffdfe37e026fa8a162ca9865fe3bad30,,pending,,,,3
img_00012854,images/img_00012854.jpg,03_google_scraped,google,a5bdf26db85e0544fbb4cefe51c7dffbf670fc9b11d301624b95e1f622c9fc69,,pending,,,,3
img_00012855,images/img_00012855.jpg,03_google_scraped,google,63caa5fb7de0a2009b42b73970489d292f56d692c69afe53db9d089b10770d86,,pending,,,,3
img_00012856,images/img_00012856.jpg,03_google_scraped,google,b1f95585179104931a05a65864a875db888d066cb8e9cbc8573c759595a64212,,pending,,,,3
img_00012857,images/img_00012857.jpg,03_google_scraped,google,4df207a2425e1b4b874143677a5872806c28df224dbd16cd02125ba53086a170,,pending,,,,3
img_00012858,images/img_00012858.jpg,03_google_scraped,google,281f274a8f63beff645496c4a36562ac0e6d53cad301d50992deb25ba8260747,,pending,,,,3
img_00012859,images/img_00012859.jpg,03_google_scraped,google,aba9bd6f2fc5f2e3c389a70ae9cd160930494d6492903cc8a3e943157174614b,,pending,,,,3
img_00012860,images/img_00012860.jpg,03_google_scraped,google,ae7c36efa5ed7b9bd2af312097e450e08fa7ff14385cdea071e537d11588435f,,pending,,,,3
img_00012861,images/img_00012861.jpg,03_google_scraped,google,c41cd0b67dd66186064be31a458a677511adb0d60e615a22bf37fbb5280bb25b,,pending,,,,3
img_00012862,images/img_00012862.jpg,03_google_scraped,google,ed2a5604aeede8fd4facbddbc8956bd1c07002e540a9d2c1e4092cdeb5961718,,pending,,,,3
img_00012863,images/img_00012863.jpg,03_google_scraped,google,4df002f318c41f7b10214ce8918b9c373e11fd4298ca3412bf52079ed9aa7e3c,,pending,,,,3
img_00012864,images/img_00012864.jpg,03_google_scraped,google,63a63edb2ed7b8ce467516390545ac5251b1401b7e89f19732cd4972f3980bd5,,pending,,,,3
img_00012865,images/img_00012865.jpg,03_google_scraped,google,c560b3cef519850264ef3f2687dba4b5f1a3198f6558e26ae71c2488012e6b10,,pending,,,,3
img_00012866,images/img_00012866.jpg,03_google_scraped,google,f8f721c52b02bb7340e52c07a67232db801d05633b6a473bf2d8ec118d6eddc1,,pending,,,,3
img_00012867,images/img_00012867.jpg,03_google_scraped,google,29b95a8f3b28824b60ee7dc94b28202119f4979fcd5894748adbb17de32c8f4d,,pending,,,,3
img_00012868,images/img_00012868.jpg,03_google_scraped,google,3b53e5618f921bce5b4050875b3ce2e108370e36c3760388eb1a0cd8e43dd748,,pending,,,,3
img_00012869,images/img_00012869.jpg,03_google_scraped,google,8c4673db76aa48950b3022dcc7786cdf889b79524f8e75dd3086b7885ee2c7c9,,pending,,,,3
img_00012870,images/img_00012870.jpg,03_google_scraped,google,f68b7d4579d2a1b17ed1cee50027a64f77b77944844fe0b458f10f0fca3050e1,,pending,,,,3
img_00012871,images/img_00012871.png,03_google_scraped,google,692b5f85b14d46a0be51bf5ee8f0dcbcaf684d2683e47570961332108f1ab3fc,,pending,,,,3
img_00012872,images/img_00012872.jpg,03_google_scraped,google,7639ba10481f814742de7142bd8677cd7d3557e0175031766f063a39e9f39101,non_weapon,reviewed,,Lello,2026-04-22T09:35:52+00:00,3
img_00012873,images/img_00012873.jpg,03_google_scraped,google,c50bd5dba2916a08b9e9b65af84998c96b15e7e1c614f7ce343208d3cec43c89,,pending,,,,3
img_00012874,images/img_00012874.jpg,03_google_scraped,google,8ffdbef51970db4d1c0c364a08b7cca18c077b1c7fed700bfc19311eca7e55e1,,pending,,,,3
img_00012875,images/img_00012875.jpg,03_google_scraped,google,862b75f3ae302e63db948bb6356e9e339e85a6f34a7059a874bfece630376338,,pending,,,,3
img_00012876,images/img_00012876.jpg,03_google_scraped,google,e17b6c81cc5eea58ea8b132ebe39201af54f17a5b9a0aad853150df8d509b6cd,,pending,,,,3
img_00012877,images/img_00012877.png,03_google_scraped,google,a083e0f3703664d94231fd4f4fc17f991c75b20693efa477faa941766a93cb40,,pending,,,,3
img_00012878,images/img_00012878.jpg,03_google_scraped,google,0a06ceea6926f400641653e87f65362eb0d65d11d50ddc16da5acaa2d8ca784b,,pending,,,,3
img_00012879,images/img_00012879.jpg,03_google_scraped,google,7671f8c748ccaa5c7ec6dbbd31de4652547083d0978d8ced5224da884562ff48,weapon,reviewed,,Lello,2026-04-22T09:29:57+00:00,3
img_00012880,images/img_00012880.jpg,03_google_scraped,google,5411113aa6f5bac0c01fe097e7f5ea7b25fb2878af0063c3392b6dddf029ba8a,,pending,,,,3
img_00012881,images/img_00012881.jpg,03_google_scraped,google,5c737cf8f9b914adb67ff0198ba300bc18cd18da9d1b454924508178fa065dfc,non_weapon,reviewed,,Lello,2026-04-22T09:29:55+00:00,3
img_00012882,images/img_00012882.jpg,03_google_scraped,google,6673ca69af530fe6933683fe018530fcf5869cf12fc391aadc40a0a0b6101cf2,,pending,,,,3
img_00012883,images/img_00012883.jpg,03_google_scraped,google,04b278ec86f276ffd18a5ff501d63ac05526a2ed76f888b1cdaa0dbe927e955c,,pending,,,,3
img_00012884,images/img_00012884.jpg,03_google_scraped,google,953b9d1d817b403d340cbfd61c803aa864aa58545f987a27c64cce91f9f0c59c,non_weapon,reviewed,,Lello,2026-04-22T09:29:46+00:00,3
img_00012885,images/img_00012885.jpg,03_google_scraped,google,6984a34eac1e7d1f7147b634af38fddb01d89236654e10630d8805956a8783f0,non_weapon,reviewed,,Lello,2026-04-22T09:36:08+00:00,3
img_00012886,images/img_00012886.jpg,03_google_scraped,google,3dff5fb565e9f6ebdae679e7ccecceaa66a18d2ec97d37608d501b0970381cac,,pending,,,,3
img_00012887,images/img_00012887.jpg,03_google_scraped,google,842dc475344854234c57db3195c2b5129ffaf9ad6ac58de343a610ac187dbd4b,weapon,reviewed,,Lello,2026-04-22T09:29:51+00:00,3
img_00012888,images/img_00012888.jpg,03_google_scraped,google,dcc479aaaa9665b72737c76658a55add1c07f5323be7f8065cfedf03e4b8e864,,pending,,,,3
img_00012889,images/img_00012889.jpg,03_google_scraped,google,2253120c45d876cacba7dbc8856b3c7bb0f3fd8b6dbb8f6f82d4f1932ccd6a7e,,pending,,,,3
img_00012890,images/img_00012890.jpg,03_google_scraped,google,c64f60711ab030c493f8e01f53cee58a066ffa99e37da625d5b85578ec6e219b,,pending,,,,3
img_00012891,images/img_00012891.jpg,03_google_scraped,google,c1b455d38e0bf5a46258729ee99575d3818ff2c913ac0d9ee3e72070ef2997d8,weapon,reviewed,,Lello,2026-04-22T09:30:00+00:00,3
img_00012892,images/img_00012892.png,03_google_scraped,google,95b6949499f3bba811d783842b0b65c643976453df95372cdb9b0b46278ec2c1,,pending,,,,3
img_00012893,images/img_00012893.jpg,03_google_scraped,google,3846a87f45298820b6b6f706a44325744062f5e41417330346051895ec4e36ef,,pending,,,,3
img_00012894,images/img_00012894.jpg,03_google_scraped,google,4a46670788675a427d89408d7a4fbcb06747b2e073221eb3a75077c662980862,,pending,,,,3
img_00012895,images/img_00012895.jpg,03_google_scraped,google,cdf2d74d76ac6c97207231254791e9358bbf2ea7d776db943b2db027ce8e5fb4,,pending,,,,3
img_00012896,images/img_00012896.jpg,03_google_scraped,google,326f5b69129c3dcfaa0c30dfcf6895e0763cd41e38c7788f0f76c0f4c7e47d9e,,pending,,,,3
img_00012897,images/img_00012897.jpg,03_google_scraped,google,4484f6a5a5f5e3250e0249922944adc1da8346ce7079e1de875535018271ae79,non_weapon,reviewed,,Lello,2026-04-22T09:30:17+00:00,3
img_00012898,images/img_00012898.jpg,03_google_scraped,google,6ec29f353ebcb83a9eb8eec2122757066b9e6968d3e18cf0450f4e8969e4ac7b,weapon,reviewed,,Lello,2026-04-22T09:30:25+00:00,3
img_00012899,images/img_00012899.jpg,03_google_scraped,google,56ad565d7c8183801ef26c3c1e83349b2e16e5a938e68294117a90f9207b0090,,pending,,,,3
img_00012900,images/img_00012900.jpg,03_google_scraped,google,45968d589b0b8a145cf0f37768f475a7c19853fffd23a3ec0e182e56616b368b,weapon,reviewed,,Lello,2026-04-22T09:30:22+00:00,3
img_00012901,images/img_00012901.jpg,03_google_scraped,google,4a3ad76d30a6be8bbb6be459d358c7d937bdecea524e973adccffa5dbc865399,,pending,,,,3
img_00012902,images/img_00012902.jpg,03_google_scraped,google,417262b30be08f0c33e218b4ca98792fa37f86913369753bb43afb9ede93872b,non_weapon,reviewed,,Lello,2026-04-22T09:30:19+00:00,3
img_00012903,images/img_00012903.jpg,03_google_scraped,google,c619fef20dfa97922152422bcde3fbb88b11fde812c8deddc6634c0390f05d9a,,pending,,,,3
img_00012904,images/img_00012904.jpg,03_google_scraped,google,d565a59c1b17a8d3c81bc8bffc719a1dafa754fbc7b8f00fff4ed85f2ec2dd5c,,pending,,,,3
img_00012905,images/img_00012905.jpg,03_google_scraped,google,751d199b775a2c6a0dd57d685934b6ccb2a1d9f05de3ae090c7fa788a64dc169,,pending,,,,3
img_00012906,images/img_00012906.jpg,03_google_scraped,google,3486ae05d6c0162b3b6c65d09dd846d38ed86fa8580fce021685980101bdf87d,,pending,,,,3
img_00012907,images/img_00012907.jpg,03_google_scraped,google,ba3a2b5577e148a0b99ca95c485f321e6be45063ef30d82af8be9f2353e4dfd2,ood,reviewed,,Lello,2026-04-22T09:30:37+00:00,3
img_00012908,images/img_00012908.jpg,03_google_scraped,google,3041224836e1f3ec7033090525fc773737b47764b19402b08a8fff2aeb442cb3,,pending,,,,3
img_00012909,images/img_00012909.jpg,03_google_scraped,google,393a6ca248b654392937f2413de070ecc6319b989e5aa500385194ec07cd732c,weapon,reviewed,,Lello,2026-04-22T09:30:48+00:00,3
img_00012910,images/img_00012910.jpg,03_google_scraped,google,73a051826bf00ff929aa89913ce5cf3e60bcc8f4d9df01f7f604399d8a6789c1,,pending,,,,3
img_00012911,images/img_00012911.jpg,03_google_scraped,google,25f147f0c8340f26b26cc8936ef071fc99dbc6f0debf88793c73c6a3f119b96a,,pending,,,,3
img_00012912,images/img_00012912.jpg,03_google_scraped,google,816497c83a151ded14c6722e3ac562d32b00b85972a6f04cafc00dfe7538608a,,pending,,,,3
img_00012913,images/img_00012913.jpg,03_google_scraped,google,d1e8572608aebc76b67c29abf7f3cb95f5fb4160a1fecc99dca4f8cf0ef6bbac,,pending,,,,3
img_00012914,images/img_00012914.jpg,03_google_scraped,google,0fe5f8dae684234ecef0d83bb3699ef82a0cd2397934861da10a583c044c5164,weapon,reviewed,,Lello,2026-04-22T09:30:43+00:00,3
img_00012915,images/img_00012915.jpg,03_google_scraped,google,0376e7b85a55f27a1e7144b26607a7d888936b806ca01e642a7829a0f8118acf,non_weapon,reviewed,,Lello,2026-04-22T09:36:27+00:00,3
img_00012916,images/img_00012916.jpg,03_google_scraped,google,43c7dd8012788680bbe2905c0a02bcd1827989815ecce090d176c064a7e7f525,ood,reviewed,,Lello,2026-04-22T09:36:37+00:00,3
img_00012917,images/img_00012917.jpg,03_google_scraped,google,a89c181ea95b9b668bdbda26518cf9cbf6ae837c1bbf6d2ede292c414a247694,weapon,reviewed,,Lello,2026-04-22T09:30:46+00:00,3
img_00012918,images/img_00012918.jpg,03_google_scraped,google,ad441d74fc170c04c14ac596922500f2bada0c41534ee5b05c686d559edceb53,weapon,reviewed,,Lello,2026-04-22T09:30:51+00:00,3
img_00012919,images/img_00012919.jpg,03_google_scraped,google,c8af8dd035e7720fb10452fc3b0ec48066c97b52d36cc990ce3423cae5cdd86b,,pending,,,,3
img_00012920,images/img_00012920.jpg,03_google_scraped,google,d17bfce8a0e21a75e12e80182c1f1b6b82ad586d1686dd9bebf723d6c2f0053c,,pending,,,,3
img_00012921,images/img_00012921.jpg,03_google_scraped,google,23a9d2f515a6567f6993801c707482765f535f70299e2a5821a1fbd071fdf262,,pending,,,,3
img_00012922,images/img_00012922.jpg,03_google_scraped,google,29495f52ef4c878c4974db2e904c89e3e1b2bf066c1d686f703973ab1362883f,non_weapon,reviewed,,Lello,2026-04-22T09:31:05+00:00,3
img_00012923,images/img_00012923.jpg,03_google_scraped,google,f295a778cf529ccc3fff4b56e8f3c43248a1a5b9535b0ceb5c0b45c966ef7b5e,,pending,,,,3
img_00012924,images/img_00012924.jpg,03_google_scraped,google,c84bd741b045e22d486c5a7b415b45b652eb1c92ab158c73079c8b0a1cf3b849,,pending,,,,3
img_00012925,images/img_00012925.jpg,03_google_scraped,google,4fd82b32920209eb8c5e1f7cc33da43b72990b947001a4feaa1e7544147fedd2,,pending,,,,3
img_00012926,images/img_00012926.jpg,03_google_scraped,google,02a04ba4f1f879185f82036ef99d855bfa013b856487f08b245e4540dd59d8bf,,pending,,,,3
img_00012927,images/img_00012927.jpg,03_google_scraped,google,f43625812e8913cbd549961b88b8e82a350b3e0acc099c309c4a918d9ddae4b9,,pending,,,,3
img_00012928,images/img_00012928.jpg,03_google_scraped,google,0a4058d211be457335bc8797fb0b30ed3d58b8f184e40b50001b22ba5c1efc38,,pending,,,,3
img_00012929,images/img_00012929.jpg,03_google_scraped,google,3af1083eac86d9a6f13df8c0e9bc4b58c7c3abf1b5d36a0bec3e0f374a0e8cf1,,pending,,,,3
img_00012930,images/img_00012930.jpg,03_google_scraped,google,1bdd427fc030a4242c12723c06ec7ca30f43972ce7241ed1a8266792f68440d8,,pending,,,,3
img_00012931,images/img_00012931.jpg,03_google_scraped,google,5400cde18df4d211ec31aa3eaf5bdd18989eac8daf4f538816f039d0d008b400,,pending,,,,3
img_00012932,images/img_00012932.jpg,03_google_scraped,google,89c4783e4fd11c050ec215e4899a197e9205d4d09a0377527717eb4ba1fafa43,non_weapon,reviewed,,Lello,2026-04-22T09:31:10+00:00,3
img_00012933,images/img_00012933.jpg,03_google_scraped,google,58d030fa6b8202f18b3cb63df8cd500e4f347d62993cb6c4b5b6c30679ffb081,,pending,,,,3
img_00012934,images/img_00012934.jpg,03_google_scraped,google,e0ebee98b129ff56c358979ec9099fe92698d2500c924ffd2f85b0cc9dcdf48d,,pending,,,,3
img_00012935,images/img_00012935.jpg,03_google_scraped,google,f8612d8baf6af33bb18b5ee2e3a8f1c6aa7b52f73901f4831e59cf3213c0faf2,non_weapon,reviewed,,Lello,2026-04-22T09:31:24+00:00,3
img_00012936,images/img_00012936.jpg,03_google_scraped,google,36b767a59e74743568a98a476f1565340b249efe9016a0bd64514c15a4474f0d,non_weapon,reviewed,,Lello,2026-04-22T09:31:21+00:00,3
img_00012937,images/img_00012937.jpg,03_google_scraped,google,765df25fdc750a6628b80b9a0ed21a129a5fa2845932533c9b00ac657e410983,,pending,,,,3
img_00012938,images/img_00012938.jpg,03_google_scraped,google,e750204bb6519919fc0493321568ae37405c787c0ad966751277f22f819de4e4,,pending,,,,3
img_00012939,images/img_00012939.jpg,03_google_scraped,google,97a6a15fdf46c661552853446300053278fe00e3b0ab171872afea37af291a8c,non_weapon,reviewed,,Lello,2026-04-22T09:36:57+00:00,3
img_00012940,images/img_00012940.jpg,03_google_scraped,google,acb1d6fb77d016ce3f35997de5907be12f73acb685a0737f75cd64a1d393ea94,weapon,reviewed,,Lello,2026-04-22T09:31:29+00:00,3
img_00012941,images/img_00012941.jpg,03_google_scraped,google,7010e8a185a14d665f73b73427c5fc1638b1c07d5c174c779ed40531da5dde56,weapon,reviewed,,Lello,2026-04-22T09:31:17+00:00,3
img_00012942,images/img_00012942.jpg,03_google_scraped,google,bc9015037270f5f6a3dba2cee3ecf2dcbbdb9963d0d3004f2456d20f8bec6db3,,pending,,,,3
img_00012943,images/img_00012943.jpg,03_google_scraped,google,4243b83c8f80cec08ab5e4c0cfbef977dcc80b1568aa5db7b2cdfc608a36b4e5,,pending,,,,3
img_00012944,images/img_00012944.jpg,03_google_scraped,google,6061b1d96e1a4462ea4a2668b09b5a94d7f787a6eb34497ada3fbdb216e125aa,,pending,,,,3
img_00012945,images/img_00012945.jpg,03_google_scraped,google,93156e0e776b5dabf230890a77e4c0c946bf0249d7dca052197d1ba692086971,,pending,,,,3
img_00012946,images/img_00012946.png,03_google_scraped,google,c752fd1c467619d99a4784a2c75c3d2f1d924d34d85bfc9416a503d746d2e66c,,pending,,,,3
img_00012947,images/img_00012947.png,03_google_scraped,google,da67b02adfefd6eea52e1e0abe243acee991d93afeb15dd4e0fc90598e095f29,non_weapon,reviewed,,Lello,2026-04-22T09:36:50+00:00,3
img_00012948,images/img_00012948.jpg,03_google_scraped,google,d5995951b610a7195a562798fa38af1bb4b6099e4beb33795ed1d8005ad928a6,non_weapon,reviewed,,Lello,2026-04-22T09:31:33+00:00,3
img_00012949,images/img_00012949.jpg,03_google_scraped,google,dd5d0bd95657c2c79512a540e0e42cbbc234f693fa2b4465d36e7c7902f182d8,non_weapon,reviewed,,Lello,2026-04-22T09:36:55+00:00,3
img_00012950,images/img_00012950.jpg,03_google_scraped,google,df61c1e258dbbbd7389654b9d83e5699d436327ecdaa891447349b4f7dbbc046,weapon,reviewed,,Lello,2026-04-22T09:31:40+00:00,3
img_00012951,images/img_00012951.jpg,03_google_scraped,google,9cc55a84a481727e25bbb1bf1a0e7e14bc82184d83394eac28bc3eadfe34f7f6,weapon,reviewed,,Lello,2026-04-22T09:31:45+00:00,3
img_00012952,images/img_00012952.jpg,03_google_scraped,google,350f9263fdf69784cde491faf3f5042824345331ea3a22fda4839596497ca6b0,weapon,reviewed,,Lello,2026-04-22T09:31:42+00:00,3
img_00012953,images/img_00012953.jpg,03_google_scraped,google,a46d7fd9a6d5a4021126493da396a2503cf20d7d8cf3edae42db23a885ffe7be,weapon,reviewed,,Lello,2026-04-22T09:31:51+00:00,3
img_00012954,images/img_00012954.jpg,03_google_scraped,google,45d48ec52c437f0d27bc46d3fabb15bc8f08c8f51807e4ac3f7db93c0f8f988b,weapon,reviewed,,Lello,2026-04-22T09:31:47+00:00,3
img_00012955,images/img_00012955.jpg,03_google_scraped,google,0c63c3de223a957d9117752f67f33105f4b01989504692a0161857980e454aa7,weapon,reviewed,,Lello,2026-04-22T09:31:49+00:00,3
img_00012956,images/img_00012956.jpg,03_google_scraped,google,e664ec7d151a32119b666b6e474f92d506754cf7d1b086f6f53a74502c117c09,,pending,,,,3
img_00012957,images/img_00012957.png,03_google_scraped,google,11e8efb2154366cbb98ccbcc7eeb0fca8cc1f8cd551382f5189e731de8fbde88,,pending,,,,3
img_00012958,images/img_00012958.jpg,03_google_scraped,google,0b4ecaba4160a8806827adb7c3e2efcd5fdbf09436bbaf4a4ed2237526e2c239,,pending,,,,3
img_00012959,images/img_00012959.jpg,03_google_scraped,google,f9545b5053dc9a67786ae0633bc0edc756eea669b5f49f9aab7bf08fddddaf40,,pending,,,,3
img_00012960,images/img_00012960.jpg,03_google_scraped,google,b2b1be92b707a64a22d1d8760d1727ca97ef29f776e2b268b0efbd06a63ca388,,pending,,,,3
img_00012961,images/img_00012961.jpg,03_google_scraped,google,f862c298951c344415b0fb2d12d77e2105f5086f81d8277bc8a903e341c17d57,,pending,,,,3
img_00012962,images/img_00012962.jpg,03_google_scraped,google,27558bf88480eabbc548cfab8bb2622cdbd73d62c05079bc99fc2a3e6f5bd6c9,,pending,,,,3
img_00012963,images/img_00012963.jpg,03_google_scraped,google,6624a9d1a26e2de934d5a484300ea086f1321a1b3b98d1549a290867528799a3,weapon,reviewed,,Lello,2026-04-22T09:31:54+00:00,3
img_00012964,images/img_00012964.jpg,03_google_scraped,google,c0181d1d6fc9d0728a29a85707370c40fdf0593a558f984afece9d4d4597abf8,,pending,,,,3
img_00012965,images/img_00012965.jpg,03_google_scraped,google,de0f5115bec0a14204d3c10e5cfd9165eee62b42862804cb0ff6b8f6ce11fe0b,weapon,reviewed,,Lello,2026-04-22T09:31:56+00:00,3
img_00012966,images/img_00012966.jpg,03_google_scraped,google,5a4509667256f0c0b7d1a80ee72648864a72e97888595e6f1388d221f7f197ef,,pending,,,,3
img_00012967,images/img_00012967.jpg,03_google_scraped,google,866fab7641ea4019b92d525ccc4baee0c8c843cfbdead1746b547681dc38210f,weapon,reviewed,,Lello,2026-04-22T09:32:01+00:00,3
img_00012968,images/img_00012968.jpg,03_google_scraped,google,8422ed3d51e637d57924b02abeb74362e80321114417bdb617a1ca6b3f7b4d12,,pending,,,,3
img_00012969,images/img_00012969.jpg,03_google_scraped,google,5578dacff7a39ccfa62aed79e1c2d8877caab18fe3d4bbe56c47c7b1a021619a,,pending,,,,3
img_00012970,images/img_00012970.jpg,03_google_scraped,google,ad1ee45ab5eab4350873501140c66d981ff3146140355b7af181bee4cdea985f,non_weapon,reviewed,,Lello,2026-04-22T09:37:08+00:00,3
img_00012971,images/img_00012971.jpg,03_google_scraped,google,383f1646ee6e1ac3f3d1df2828128fced209db791691bdc7d332e4ecf8a67745,,pending,,,,3
img_00012972,images/img_00012972.jpg,03_google_scraped,google,c1e45e97e75ae69e2ef03aedae91b2efc187ff3cc33b613a599ee66d6ca45772,weapon,reviewed,,Lello,2026-04-22T09:32:08+00:00,3
img_00012973,images/img_00012973.jpg,03_google_scraped,google,398830496ff069de7d417df8e007e2aac8a9f01ecb55716cc46236c7462fe789,,pending,,,,3
img_00012974,images/img_00012974.png,03_google_scraped,google,77cb5d7d1c99348dadf0b9870dfc07a47572e27f6571e4fdb9f054bdc150f9ca,weapon,reviewed,,Lello,2026-04-22T09:32:06+00:00,3
img_00012975,images/img_00012975.jpg,03_google_scraped,google,7cfdb7f7521d3e979b759593b6e858db57b4bd1a4595abdfb092fb465cea68b4,,pending,,,,3
img_00012976,images/img_00012976.png,03_google_scraped,google,73588bd99710a8229c1fb5bdd7da2a70222a66d97990bd4cc537b85649d64177,,pending,,,,3
img_00012977,images/img_00012977.jpg,03_google_scraped,google,b69123b67909fd77f9bde4041f0e04471e54240f0ce6e99411c074c6a2808d19,,pending,,,,3
img_00012978,images/img_00012978.jpg,03_google_scraped,google,bbc3a96417eb116ca5e587630c52f58999e6a15a871d8b4cb2965c9a1f792d3e,,pending,,,,3
img_00012979,images/img_00012979.jpg,03_google_scraped,google,65ddda97272c63590b1c7090da5b61710b9ef78bc2c6366041e04e76c5ef743a,,pending,,,,3
img_00012980,images/img_00012980.jpg,03_google_scraped,google,655b6b9106f5b306296a1b1c0cac59afa947e65fe76d894820116ce78feea6e1,,pending,,,,3
img_00012981,images/img_00012981.jpg,03_google_scraped,google,082d8f8bdcdc38820cf67028102f41675fceabd414710bde3f2e4e741c09ff5c,weapon,reviewed,,Lello,2026-04-22T09:32:21+00:00,3
img_00012982,images/img_00012982.jpg,03_google_scraped,google,e0b112960f463417b47edec80d5ff8f61d0b820cd1dcd17130b8dd29c4e33349,weapon,reviewed,,Lello,2026-04-22T09:32:18+00:00,3
img_00012983,images/img_00012983.jpg,03_google_scraped,google,02af2c67461a26840f3f362fafdc5e203556a36a2f55b8a5d30d8310f54772da,,pending,,,,3
img_00012984,images/img_00012984.jpg,03_google_scraped,google,a3a01afcbc9f616e139f3407726588e9df425658b7577e318f63f3f06800ec3e,,pending,,,,3
img_00012985,images/img_00012985.jpg,03_google_scraped,google,ce2840c088c3cd423cfeb19ccb4371e361949576a93e150568d3e679b1446dbc,,pending,,,,3
img_00012986,images/img_00012986.jpg,03_google_scraped,google,62be7c683d990db89f18d33a35b7474c1b64147510aaa63213ed04c0a2032868,,pending,,,,3
img_00012987,images/img_00012987.jpg,03_google_scraped,google,41fa23586d3c691f61701ad6a3d30b6d4efc8acec1011366720e7533ee4f5c3d,non_weapon,reviewed,,Lello,2026-04-22T09:37:42+00:00,3
img_00012988,images/img_00012988.jpg,03_google_scraped,google,a84045602c1695b79dbb25806b10fb94f76b244c1c3bacdbf13f4d055473286e,,pending,,,,3
img_00012989,images/img_00012989.jpg,03_google_scraped,google,30b0bbfcd74db7b1415efa1a0c05369948052caf6cec6386df538cf545c952a5,weapon,reviewed,,Lello,2026-04-22T09:32:13+00:00,3
img_00012990,images/img_00012990.jpg,03_google_scraped,google,d36df8fc761ef7ec81bea1f96fcb235e3894d0f6b46c99b4e58dbe0e08640959,,pending,,,,3
img_00012991,images/img_00012991.jpg,03_google_scraped,google,a139974677c0c367c8a14edda243a36b29f47af2362226096fb9eb20424d9c1f,,pending,,,,3
img_00012992,images/img_00012992.jpg,03_google_scraped,google,e65ddae70cff2c38a6f9c9e5e094a0ab8af537c42ff1268d7461f96feeb3b855,,pending,,,,3
img_00012993,images/img_00012993.jpg,03_google_scraped,google,d4c1156d686908a4c6ef218e0110be5e50ef821e5acac807ab49eb0488e8ba64,,pending,,,,3
img_00012994,images/img_00012994.jpg,03_google_scraped,google,5f329cc0533d7805f46c7417b3954a874b3ba4bbd572b247c8a01edcf17917c3,,pending,,,,3
img_00012995,images/img_00012995.jpg,03_google_scraped,google,7af84534e3aa055ec613bc70cae99061e51af0a6ffa4ff7e9f2f2083759e3e7d,,pending,,,,3
img_00012996,images/img_00012996.jpg,03_google_scraped,google,0dedc8ddebe72d72e963db75c250d9d44b596e9a105df1bb88e67753a45270f0,non_weapon,reviewed,,Lello,2026-04-22T09:37:39+00:00,3
img_00012997,images/img_00012997.jpg,03_google_scraped,google,a6b207f5b358cd1647093d9fd6a079bfa1ab4ab0173edb527b882485a098534f,,pending,,,,3
img_00012998,images/img_00012998.jpg,03_google_scraped,google,503c86ec7fe9efa0d3129a43da798f9911b4a7a517872fd2e92bb108ffa60ca2,,pending,,,,3
img_00012999,images/img_00012999.jpg,03_google_scraped,google,2a66d390f4e925a7412f8045bd05bb1f60cbf43670c238ec8272edb80ee2f065,,pending,,,,3
img_00013000,images/img_00013000.jpg,03_google_scraped,google,affc5779a6b50ad4378b49811087fdae90ac41d07c8cb229f559f4543fe3cdd6,,pending,,,,3
img_00013001,images/img_00013001.jpg,03_google_scraped,google,2d2e43f6ea0c80f909c48faf666105038b6453077c1e44c3d52645d624f204a0,,pending,,,,3
img_00013002,images/img_00013002.jpg,03_google_scraped,google,6feb6617ae998d176fd8a374a33612c6b1e2765e74fbec74206dfd3c515fedef,,pending,,,,3
img_00013003,images/img_00013003.jpg,03_google_scraped,google,c3b554fa818b83092ec53d389edf29683540c567cacd2b1ad28f1df8eb7a142a,,pending,,,,3
img_00013004,images/img_00013004.jpg,03_google_scraped,google,df3099d830c4de6bb1b86fad9574e538c50ef89c7e53fce1915862f99ab060cf,,pending,,,,3
img_00013005,images/img_00013005.jpg,03_google_scraped,google,bd6f7dd61d536be982adfc2864958dbcf5fb8b4f69faf0a94f92125a549bb3f0,,pending,,,,3
img_00013006,images/img_00013006.jpg,03_google_scraped,google,0d6726507429e40547f8625e86117744b6cbdab669ce4def1d1d939c1bb600b4,,pending,,,,3
img_00013007,images/img_00013007.jpg,03_google_scraped,google,098877400d057fe228f2896c34a4af0c156b71711f143f39502d7f36818d1149,,pending,,,,3
img_00013008,images/img_00013008.jpg,03_google_scraped,google,610ffcf0958cf405410a8c7bcf4b1440e3d37bff301f6af231746ffd68680478,,pending,,,,3
img_00013009,images/img_00013009.jpg,03_google_scraped,google,cf4ab04ff0d659f870d69d647d48151204c70cd28999c29fb6419d58629d4e28,,pending,,,,3
img_00013010,images/img_00013010.jpg,03_google_scraped,google,e633a006985cdae43413f7a432f2286ef6cf38279d6fac8da038652a1bff2059,,pending,,,,3
img_00013011,images/img_00013011.jpg,03_google_scraped,google,fefb5ca5a6d4c8d0b6b97bca1a2e1d1e1c4ba6457805140b4f3467c57bc8fa6b,,pending,,,,3
img_00013012,images/img_00013012.jpg,03_google_scraped,google,d943503f8998d72689c18cf3d28b6cb8fd671dcc5ceb1186f51851197b5d858f,weapon,reviewed,,Lello,2026-04-22T09:32:34+00:00,3
img_00013013,images/img_00013013.jpg,03_google_scraped,google,d1da76b05f6190574d1786a6c44c8e1eb26c2b10fc858f986f896b11419084fe,,pending,,,,3
img_00013014,images/img_00013014.jpg,03_google_scraped,google,dc7a7f665f46147cf4d9bf6ce755bc99742be3cfc43fa0e14252dd7719093964,weapon,reviewed,,Lello,2026-04-22T09:32:37+00:00,3
img_00013015,images/img_00013015.jpg,03_google_scraped,google,92c16d12f874259de7287fed18be47b0dbb4cf5341eccaabaeaf90c7f082ac64,weapon,reviewed,,Lello,2026-04-22T09:32:40+00:00,3
img_00013016,images/img_00013016.png,03_google_scraped,google,dc314380f3a697430821bbf46000f16ef21806a1d86903dce0f244b96837860a,,pending,,,,3
img_00013017,images/img_00013017.jpg,03_google_scraped,google,671641398690d6296de11a99335c4a9303808ce782125fcfc680d57934c4eaf8,,pending,,,,3
img_00013018,images/img_00013018.jpg,03_google_scraped,google,eae24744a99dfb50da2324a5e8a6ae04cf6e3cb8f7f86632148d68754388c28a,,pending,,,,3
img_00013019,images/img_00013019.jpg,03_google_scraped,google,98bdb381ecf0e57667fce4bf103d758a4eeb3bbddadbb429f5660d2d57944f54,,pending,,,,3
img_00013020,images/img_00013020.jpg,03_google_scraped,google,f970e09bbed813eca459cf25160f8544fb823df6e346a2b25cc9aedc6708177d,,pending,,,,3
img_00013021,images/img_00013021.jpg,03_google_scraped,google,c67e305ce1eec4b6c5c9ff0b04032c5cd211d1754f5fb5c73bc29809bf6b1597,,pending,,,,3
img_00013022,images/img_00013022.jpg,03_google_scraped,google,bdaa4cecd4679e60df8208529972eac36dd4d4824dacbd1fad4a110f2d6bdfd8,,pending,,,,3
img_00013023,images/img_00013023.jpg,03_google_scraped,google,e1f4d61ea532668804047fbb27251a2367f0da82cd00f2eb16dc1b85fd195daf,,pending,,,,3
img_00013024,images/img_00013024.jpg,03_google_scraped,google,6b4529c667a64fb6fad54e09c6ecbb2f8682572d30b7224e48058b0902e59e09,,pending,,,,3
img_00013025,images/img_00013025.jpg,03_google_scraped,google,e95b2f0798438a15bb996f4b1a9b341bca781004502d338a42bb1c88699d41b8,,pending,,,,3
img_00013026,images/img_00013026.jpg,03_google_scraped,google,6296b89fab6529a0dbd6d700fe404b583cb764463d5715f7e25c3fb702ea7e28,,pending,,,,3
img_00013027,images/img_00013027.jpg,03_google_scraped,google,fa632cffdac820566dbfb72c6d3f16f46838341e9b6ba6c8383a34a70a263a3c,,pending,,,,3
img_00013028,images/img_00013028.jpg,03_google_scraped,google,3a9ca4beecdcbb355cd9c18aa70e73af9d57f7b64469e762e1e8bee3d613b8e2,,pending,,,,3
img_00013029,images/img_00013029.jpg,03_google_scraped,google,bb0e0fbdfb831433d697c34656c9dac882f777d1fb28001cd0d2b25b29c845f2,,pending,,,,3
img_00013030,images/img_00013030.jpg,03_google_scraped,google,73e1d81b1377c2e65d568038f4cf083963ebb61a92fb7ef9dbdd904ce086b9b3,,pending,,,,3
img_00013031,images/img_00013031.jpg,03_google_scraped,google,c83ac25f6c8651d3f49040216412d0db07934fceee4ee78e6157a07dcca6f2b9,,pending,,,,3
img_00013032,images/img_00013032.jpg,03_google_scraped,google,51af5c4d512253b0cc13d17be8ecb9ac60a7bdc06d40bdeb7ece5bd059ce7267,,pending,,,,3
img_00013033,images/img_00013033.jpg,03_google_scraped,google,0797faa237ab2de290b9a584a61496fad6dc5c7c8d309b1c767d65ebe27f1b48,,pending,,,,3
img_00013034,images/img_00013034.jpg,03_google_scraped,google,260bae33abba3fc42135ccd7ff10d6aad6ea398b0cbd3cbe8d7e69a0d262bd06,,pending,,,,3
img_00013035,images/img_00013035.jpg,03_google_scraped,google,ef22b51440c46372a3dd4961123f6d0372df0a88cf66fca3fee8ab328f8c81c6,,pending,,,,3
img_00013036,images/img_00013036.jpg,03_google_scraped,google,7f99982aa2312653b9748a0ebd42761b3c7013e683f77d22a7ee3b03e44a2282,,pending,,,,3
img_00013037,images/img_00013037.jpg,03_google_scraped,google,bb2ebc3d0ac32a36e62bc14ca25c29d89d2519350716b51f795f325627e8525e,,pending,,,,3
img_00013038,images/img_00013038.jpg,03_google_scraped,google,fcd93e125ae04dbf7755114b8917346a24092abb4d5ebf37487441bfae717bd9,,pending,,,,3
img_00013039,images/img_00013039.jpg,03_google_scraped,google,c766f778dc6eaf96f555c97aaeaf15e48dd24ab8c445faa4ef72babc72d04465,,pending,,,,3
img_00013040,images/img_00013040.png,03_google_scraped,google,0d0754cb8e5011a6873944dafcfa5393ebecc3e0d125e86e1a25c3f579c1624c,,pending,,,,3
img_00013041,images/img_00013041.jpg,03_google_scraped,google,f644481d7708709dc745215df7c802f2c936ebaa523d0a87d756bed1286e8556,,pending,,,,3
img_00013042,images/img_00013042.jpg,03_google_scraped,google,0a445bc38a0131e1d352f144a8bb0fd76724a27ea4881e5688ef640aac0c228d,,pending,,,,3
img_00013043,images/img_00013043.jpg,03_google_scraped,google,5e0040bac034ef58810a62dd3fa4bc800bb0ceca78e32c527e99fa15ef9a2207,,pending,,,,3
img_00013044,images/img_00013044.jpg,03_google_scraped,google,2c1134cf4a505e687097c67982ef60d4e41fa42e2fec8f1f99f0d15ed7af8e78,,pending,,,,3
img_00013045,images/img_00013045.jpg,03_google_scraped,google,28b64b10e196cfe345370a0ec1b66837c7f282009d1610951c104f865a85e277,,pending,,,,3
img_00013046,images/img_00013046.jpg,03_google_scraped,google,e620e460433339840b6a22816701c51cffbf714923588d1071698c2115593114,,pending,,,,3
img_00013047,images/img_00013047.jpg,03_google_scraped,google,aca73f6e3392f433960dbbdfcb5a4c7e95e9cf9a1c8087af76e1356ff5c160c2,,pending,,,,3
img_00013048,images/img_00013048.jpg,03_google_scraped,google,e7a638c712d590244687f4ad44d3721fbbc760056501a1dfd0ded8a8b6f6ed27,,pending,,,,3
img_00013049,images/img_00013049.jpg,03_google_scraped,google,b227d44fa29ea93a18ecff9ad6b29e3cb19b6afd92dd7ed38efdbf5372678f49,,pending,,,,3
img_00013050,images/img_00013050.jpg,03_google_scraped,google,752c4338027c951a3433ff6ae8f9199b3066dabafa446d4fecc7df66d20bc723,,pending,,,,3
img_00013051,images/img_00013051.jpg,03_google_scraped,google,dbe297f89f0c39cfe488714fc4e2e6531257e98dd6acc62e764d708c05299d89,,pending,,,,3
img_00013052,images/img_00013052.jpg,03_google_scraped,google,0a38ffe0769925c2b94a84704f5b9f90a8867c6add41ad243296dd8557216c3e,,pending,,,,3
img_00013053,images/img_00013053.jpg,03_google_scraped,google,0712643107c41bd89d70fe476673c18b174b4290221e9744b692d35d682f6f36,,pending,,,,3
img_00013054,images/img_00013054.jpg,03_google_scraped,google,0e6cd659b522696c26dc7ffa4f8584311796bb0d164342fbf192d116f6251004,,pending,,,,3
img_00013055,images/img_00013055.jpg,03_google_scraped,google,f67de291dfee5c9a97ea5a0061fe8ba258e172ac40d4144c8d07f8d92dd92344,,pending,,,,3
img_00013056,images/img_00013056.jpg,03_google_scraped,google,5db0c30e575de8f091df750fcab8c05bbbbe30aaca146998f1410aa47767cda6,,pending,,,,3
img_00013057,images/img_00013057.jpg,03_google_scraped,google,b7dbd4da2f3f4a15f8fd33e2135a432510b6b44c3e6532eaf8521e41ebe06854,,pending,,,,3
img_00013058,images/img_00013058.jpg,03_google_scraped,google,a4397edf631c37d2ca05d47f4762d2d8cda811d640bef09c7bb5cbabfd3e93ee,,pending,,,,3
img_00013059,images/img_00013059.jpg,03_google_scraped,google,4bd3559ad067451e542cb7591a2fc72fe9f8df48e1383e0a61bfa473e11aa447,,pending,,,,3
img_00013060,images/img_00013060.jpg,03_google_scraped,google,f264a86bcccc47cb90a3c05dd6cf1921817455d53be496dbc3c24e9acfb80d42,,pending,,,,3
img_00013061,images/img_00013061.png,03_google_scraped,google,574aa6d912bddb3efc10eed0920cad617372f87f07e7dbcacb4347dfb2f202b8,,pending,,,,3
img_00013062,images/img_00013062.jpg,03_google_scraped,google,4423da25152ceb75f6c71bb85224185c97b65f9929bc12d8a091aa8a309cc7d3,,pending,,,,3
img_00013063,images/img_00013063.jpg,03_google_scraped,google,6b0eb06d221c195030bb27d5fa45ae41194d3f8d35249a272e2d69fdbc63a8c5,,pending,,,,3
img_00013064,images/img_00013064.jpg,03_google_scraped,google,284ec99aebd850a9282d9426e136a7e838b794d205c11977554e8e39df75f45d,,pending,,,,3
img_00013065,images/img_00013065.jpg,03_google_scraped,google,7288150a069b69154428bb691985516fdae39f1e9d4dd32283b7f2b28a7b44a7,,pending,,,,3
img_00013066,images/img_00013066.jpg,03_google_scraped,google,f4b012c03cdd16afef7e62f40bd5ac94aa16000b645cf19c083f1c038313cb45,,pending,,,,3
img_00013067,images/img_00013067.jpg,03_google_scraped,google,f55dd6de3b60e00f3cc0110959eea74607fb7559f8e8a3457d2bff1a64b5754d,,pending,,,,3
img_00013068,images/img_00013068.jpg,03_google_scraped,google,3b2a2b48624920393afdb90fdd54a2d28292dbef748082910f8fd1a2ce2f6101,,pending,,,,3
img_00013069,images/img_00013069.jpg,03_google_scraped,google,bc435c8f7e7bcd930df732372f8516024b41bcac8283babe7578120febfb0411,,pending,,,,3
img_00013070,images/img_00013070.jpg,03_google_scraped,google,21249ba2b5e0f6f3d3ad7d3baccea23e7da40f382b4d8f9095df567da81eeca8,,pending,,,,3
img_00013071,images/img_00013071.jpg,03_google_scraped,google,98f94508deb4bb25912dff2408f3cf997e5e0c06f2b0f451a4aa6f57adad53fc,,pending,,,,3
img_00013072,images/img_00013072.jpg,03_google_scraped,google,8e72690b028473a3dcacea566f60b52e6401f57b8cbd1e810fd3b28b725290c3,,pending,,,,3
img_00013073,images/img_00013073.jpg,03_google_scraped,google,d5ab86981aaddd926aa99d13592217e78cc7dba3fa64c4f9573a81babacde07f,,pending,,,,3
img_00013074,images/img_00013074.jpg,03_google_scraped,google,0e01ec0f34644b5e1b03d5d63e7529f96521a788aa7d829a3008c6df6e2cdbb0,,pending,,,,3
img_00013075,images/img_00013075.jpg,03_google_scraped,google,01ee77d2ee6ee3a631ceb7bf6adaadb8b5c8542c570b999ac851128fe9a659cd,,pending,,,,3
img_00013076,images/img_00013076.jpg,03_google_scraped,google,b1c6e77d866018d6a2d88479faf68f263d5d6e6b9c8b1d45f969c72052c82032,,pending,,,,3
img_00013077,images/img_00013077.jpg,03_google_scraped,google,3335a1899cc236646436109d028684bf346adaaf7869f4ee26c408419334034c,,pending,,,,3
img_00013078,images/img_00013078.jpg,03_google_scraped,google,d26c3db5fd2e79594beec6f205b3822d8ffb1f2cd581bcd861d56b66a171c844,,pending,,,,3
img_00013079,images/img_00013079.jpg,03_google_scraped,google,b1f2847577221640c5202e253d43ccca5705240d2dd2b84c1f87362525d4e758,,pending,,,,3
img_00013080,images/img_00013080.jpg,03_google_scraped,google,6c1c5aa1e96d95ac4ed9bde22428cc7eb1fb0e837aae990fee5efeebac444f32,non_weapon,reviewed,,Lello,2026-04-22T09:38:20+00:00,3
img_00013081,images/img_00013081.jpg,03_google_scraped,google,f3ad54cf5d3d4129586d4fb7c1c6649688d63b9694fb6f308d9a7f9383798ba4,,pending,,,,3
img_00013082,images/img_00013082.jpg,03_google_scraped,google,1bf683bb318b85a61fae5f54c963f862465d4d8b850779b9e29851d55d896066,,pending,,,,3
img_00013083,images/img_00013083.jpg,03_google_scraped,google,afca8208a467d91f549877093fd3022df071e055a484a75a6fd21cd95f6b9083,,pending,,,,3
img_00013084,images/img_00013084.png,03_google_scraped,google,90cf58f748a284235b78b5ca689028dbebca161d75bc39e384e580d9d4ca5d9f,,pending,,,,3
img_00013085,images/img_00013085.jpg,03_google_scraped,google,034cbbabb20f0110c32f7715c451c7b746612e110df840f4117c1638ce83ad66,,pending,,,,3
img_00013086,images/img_00013086.jpg,03_google_scraped,google,3eedc6d4b9f9be3ce53a9a7ed5df444d963d62e771c677d30f0791252bf44fb8,non_weapon,reviewed,,Lello,2026-04-22T09:38:33+00:00,3
img_00013087,images/img_00013087.jpg,03_google_scraped,google,476d118e242cb3734d50a51cacd53ad6bae6d2c6d9f4e0cb035bc8deec296740,non_weapon,reviewed,,Lello,2026-04-22T09:38:35+00:00,3
img_00013088,images/img_00013088.jpg,03_google_scraped,google,ba628fd0953040e5c131844c8d0d95bde1cfe5ac0f91ffd3ecf5427b7e9dfbfd,non_weapon,reviewed,,Lello,2026-04-22T09:38:27+00:00,3
img_00013089,images/img_00013089.png,03_google_scraped,google,c8308ad89746328531b2bf0ddf9b672f5304c02a93dbd958b2cab0c3ece87d98,non_weapon,reviewed,,Lello,2026-04-22T09:38:29+00:00,3
img_00013090,images/img_00013090.jpg,03_google_scraped,google,1261ee568e8ee92daed23f26312295e63c6269c74b3637823b7fa0bf6a7b4920,,pending,,,,3
img_00013091,images/img_00013091.jpg,03_google_scraped,google,2c2ff137d6c54d2545f031309c830457a481de25785813d8444c1dbc6de17f40,,pending,,,,3
img_00013092,images/img_00013092.jpg,03_google_scraped,google,a92faf81212c371efd804779940671e110289110e1f5cf809ff23787dad09929,,pending,,,,3
img_00013093,images/img_00013093.jpg,03_google_scraped,google,64b31b67cea89a91e58fec44a32391b622f825b81d88dccd8a621a16df8abd40,,pending,,,,3
img_00013094,images/img_00013094.jpg,03_google_scraped,google,8d2f85fe76621d680dc6e1c1bd0a59c24e0534e4cd6a48a8977fdf890f058c93,,pending,,,,3
img_00013095,images/img_00013095.jpg,03_google_scraped,google,e531563546cf584e4f2153acdffbf401360507ec5706db4eaeda98b80caab90d,,pending,,,,3
img_00013096,images/img_00013096.jpg,03_google_scraped,google,52027290c285325f200de4a50932e73e742a4927f5e8463feab5882407da0145,,pending,,,,3
img_00013097,images/img_00013097.jpg,03_google_scraped,google,ec725d505c74f0aa9642fc03c5f2f11eecd6ac19ed50633f06d172f7c2c2f0be,,pending,,,,3
img_00013098,images/img_00013098.jpg,03_google_scraped,google,3254c1867c966a96067e7049b3d7cdf4fc2e7d7a02126024a2940e2ac4cc29c3,non_weapon,reviewed,,Lello,2026-04-22T09:38:44+00:00,3
img_00013099,images/img_00013099.jpg,03_google_scraped,google,75ff6855efeb3f9cebcf35b8517e4508ca57cdee2289aaa08dc0bf4995547357,non_weapon,reviewed,,Lello,2026-04-22T09:38:42+00:00,3
img_00013100,images/img_00013100.jpg,03_google_scraped,google,976c8e0b8fde89636ea58bf1a34f0f353f1570407e118602b63ff36b842d143b,,pending,,,,3
img_00013101,images/img_00013101.jpg,03_google_scraped,google,7be0a5fad73d1d8064353710b91e200e9e74bbdbdeb70435e7191323b71ce848,ood,reviewed,,Lello,2026-04-22T09:38:48+00:00,3
img_00013102,images/img_00013102.jpg,03_google_scraped,google,a0b37e6407779e65acd8227da0e537a1fdea4d5a3cd72a095236e180adb29082,non_weapon,reviewed,,Lello,2026-04-22T09:47:38+00:00,3
img_00013103,images/img_00013103.jpg,03_google_scraped,google,f49151d8f2a33cc8bdc692d2a9935d11a0e087d89b354b766dafb7ba0ba2a4ad,,pending,,,,3
img_00013104,images/img_00013104.jpg,03_google_scraped,google,43fd93d2c18c5314b5394a175cc0eb28dc36e793da8ffc38482aa1719f360bc1,,pending,,,,3
img_00013105,images/img_00013105.jpg,03_google_scraped,google,8f6ae2f045940d04abb7661f51530c813a534c01bb9778d04eac2d51242bde96,,pending,,,,3
img_00013106,images/img_00013106.png,03_google_scraped,google,3a7c9b723378972d8d2f6f66b7ccc6cabb9a29986c4f4a7ee2faea9594b7a4c7,ood,reviewed,,Lello,2026-04-22T09:38:51+00:00,3
img_00013107,images/img_00013107.jpg,03_google_scraped,google,7a1116dd78e13d0de8e2004edd39edaa20fbf0d27a80e44f9fe49960fc0be11f,ood,reviewed,,Lello,2026-04-22T09:47:35+00:00,3
img_00013108,images/img_00013108.jpg,03_google_scraped,google,3bb3e301000e525ce553213bc255d45d494c617dd78a7a0ef7027e903d81578d,non_weapon,reviewed,,Lello,2026-04-22T09:47:44+00:00,3
img_00013109,images/img_00013109.jpg,03_google_scraped,google,fa5c59cb0c0d09783203825a06d7a33ea1c8f48096360e7bac2d7f189db067eb,,pending,,,,3
img_00013110,images/img_00013110.jpg,03_google_scraped,google,4449a23bbae211ba1e80e1ac6f2e30a485cafd5fb6d1701931ab5b86f10f0b05,,pending,,,,3
img_00013111,images/img_00013111.jpg,03_google_scraped,google,00403c2a60a7ad5a26a53f1ba890cf00afd9b451a51386f66548e33025a0470c,,pending,,,,3
img_00013112,images/img_00013112.jpg,03_google_scraped,google,9b2e39b181b4697d3dd835625a99c58ddd7a5a09ac4859a547bc453a6957b3f1,non_weapon,reviewed,,Lello,2026-04-22T09:47:41+00:00,3
img_00013113,images/img_00013113.jpg,03_google_scraped,google,9508f91ea983336c6cd2b28d03dc609a620615a17dfcf6c09eed6bc783ba8fec,,pending,,,,3
img_00013114,images/img_00013114.jpg,03_google_scraped,google,c5337d2f1ab404d3ec1de8e0a138d8c2af22982ef650a44abc31e09fd6c792ae,non_weapon,reviewed,,Lello,2026-04-22T09:47:49+00:00,3
img_00013115,images/img_00013115.png,03_google_scraped,google,f5dad4b70dcbe67d7a771523099348f671579517276a065b673bce7b82fd052a,,pending,,,,3
img_00013116,images/img_00013116.jpg,03_google_scraped,google,5548da3a9e8f94ee6e8be249c8bdec304ac7fbde998222477155544913bb1731,,pending,,,,3
img_00013117,images/img_00013117.jpg,03_google_scraped,google,49982d8f1bfe4072e632e3d6bbc944e4eb5b25088ca2377d88470d1d249c560c,,pending,,,,3
img_00013118,images/img_00013118.jpg,03_google_scraped,google,74cbf4d1e16089744b4add769592c505e84289aee5dcf43e26ba2df71bb76e9f,weapon,reviewed,,Lello,2026-04-22T09:33:08+00:00,3
img_00013119,images/img_00013119.jpg,03_google_scraped,google,58c230f3dc3add7a6c08dcca570f39ea849525b70827b9f0903fbb2c8cfd56b0,weapon,reviewed,,Lello,2026-04-22T09:33:10+00:00,3
img_00013120,images/img_00013120.jpg,03_google_scraped,google,5555da4d7cfc4ef93f129738604288969455b12deab730f18c1d86ea30158947,,pending,,,,3
img_00013121,images/img_00013121.jpg,03_google_scraped,google,39f7f43a45cda1f32f7889c20a7d18eb6f9acfd6202e0db064457598a930d99c,,pending,,,,3
img_00013122,images/img_00013122.jpg,03_google_scraped,google,a2b87df171acbb6ea46b8b9386f9b818db0e4aca15978274db8c2bb16ffddcdb,,pending,,,,3
img_00013123,images/img_00013123.jpg,03_google_scraped,google,9d59eae6c8bc601615befda4ebfca35372308c96df28f928df35521c04be5ace,weapon,reviewed,,Lello,2026-04-22T09:33:14+00:00,3
img_00013124,images/img_00013124.jpg,03_google_scraped,google,94b85c27f25b8bd540009550a399acb32ecd5f5a7b678a28600e1d262adc7e8a,,pending,,,,3
img_00013125,images/img_00013125.jpg,03_google_scraped,google,53b8d2401bce06ed0052df3c288b1498437456920a3bd4f488e583f44108bbbd,,pending,,,,3
img_00013126,images/img_00013126.jpg,03_google_scraped,google,70e5f5b8830857c95fc1802b3fc625fa44dd76504f6e2cf75589f9815215991e,weapon,reviewed,,Lello,2026-04-22T09:33:12+00:00,3
img_00013127,images/img_00013127.jpg,03_google_scraped,google,d668b2362bb46a52c68639dd7dc9ae6893665aababaa52c81ea70cc98254891b,,pending,,,,3
img_00013128,images/img_00013128.jpg,03_google_scraped,google,2c822a51af7d0c6f29022758fd19b29afe4a26b09b544c29fe4d5fdeb4e1fc96,,pending,,,,3
img_00013129,images/img_00013129.jpg,03_google_scraped,google,cd222689b5d0cd4facb16d411c064be74985d27ae17290656d92379082c13319,,pending,,,,3
img_00013130,images/img_00013130.jpg,03_google_scraped,google,1604c1e2096ad92d4aa57ad777b8ae7136924f3747fe52a923646286068f4f46,weapon,reviewed,,Lello,2026-04-22T09:33:16+00:00,3
img_00013131,images/img_00013131.jpg,03_google_scraped,google,9d7cf64131c803c82865e85c982c78a494d44ca7447f3163a752d0c70590345f,,pending,,,,3
img_00013132,images/img_00013132.jpg,03_google_scraped,google,f3ad3303a97b8f803955faa91742b600876ed62948a56516dfc3f249b61bc6b1,weapon,reviewed,,Lello,2026-04-22T09:33:21+00:00,3
img_00013133,images/img_00013133.jpg,03_google_scraped,google,680dc85319510f58bc1f806c4e8fe8f9fc66097ee9a3879ed7ec1174a6289f2a,weapon,reviewed,,Lello,2026-04-22T09:33:23+00:00,3
img_00013134,images/img_00013134.jpg,03_google_scraped,google,3752e33cec391f16ccb0e2fa3b1f869b8530d38a28bd802c943285fbfa9ce22c,,pending,,,,3
img_00013135,images/img_00013135.png,03_google_scraped,google,c92ac3ba7604a7456f59ab05c301ce7a3ebd15068ad847669185cfaa29b36070,,pending,,,,3
img_00013136,images/img_00013136.jpg,03_google_scraped,google,bfc937e7e92e904b713d17d82afc7404e2b3ef05d9b2fca17eca84cd5d5ab73e,,pending,,,,3
img_00013137,images/img_00013137.jpg,03_google_scraped,google,5679b410fa7216a30cdb3b487d7e49c877d7f75d55566616dd053fe89def0f38,,pending,,,,3
img_00013138,images/img_00013138.jpg,03_google_scraped,google,ac3657c03fc7f2020d1602287ea49b84086673d8f9753672789fe606de596626,,pending,,,,3
img_00013139,images/img_00013139.jpg,03_google_scraped,google,394e66f5152a855b34efea203b554a6c50b718d98e383288192f4ffa573beeb3,weapon,reviewed,,Lello,2026-04-22T09:33:33+00:00,3
img_00013140,images/img_00013140.jpg,03_google_scraped,google,eeec590e2ba7051c283f707e16739347c06d9860d7772e9a83d3451e8999f644,weapon,reviewed,,Lello,2026-04-22T09:33:19+00:00,3
img_00013141,images/img_00013141.jpg,03_google_scraped,google,41626305b936d5219bcd415779e80de647b67d52bb7027960ff3b0e454240503,,pending,,,,3
img_00013142,images/img_00013142.jpg,03_google_scraped,google,a1cc487c5bc63421054f38b13be81f4e05f90062fe32a6d0144f58ffa072861d,weapon,reviewed,,Lello,2026-04-22T09:33:25+00:00,3
img_00013143,images/img_00013143.jpg,03_google_scraped,google,d9cdbfccf85624233bb4366eddac48215ea5fe0a40d04aa0c8887d1eb4e862c6,weapon,reviewed,,Lello,2026-04-22T09:33:28+00:00,3
img_00013144,images/img_00013144.jpg,03_google_scraped,google,747ade9701ac68d130009835a504d405377a2f5d1ce2f73f715667cb1107feee,weapon,reviewed,,Lello,2026-04-22T09:33:30+00:00,3
img_00013145,images/img_00013145.jpg,03_google_scraped,google,83f6282b2cf815fc9b4b8b860d941d5cfc717f3b6931e7d081c75f25d574a380,,pending,,,,3
img_00013146,images/img_00013146.jpg,03_google_scraped,google,136c22bc8f0a0406e8cf665bd6f1fa7ee50d1b978697fd0934f111dec81c99e0,weapon,reviewed,,Lello,2026-04-22T09:33:35+00:00,3
img_00013147,images/img_00013147.jpg,03_google_scraped,google,39f7545be32c7563d51c609588bf7103aa53ef2b1c32da4dedee4458f1c780ad,,pending,,,,3
img_00013148,images/img_00013148.jpg,03_google_scraped,google,1765d325ee1dd1b763ceffe52432fdcfca532019c1d2c53e0ff16f63a9c8530b,,pending,,,,3
img_00013149,images/img_00013149.jpg,03_google_scraped,google,51aead203883b1753d327b3258259407b8b8a3f9df5bdada717547cc77bee840,,pending,,,,3
img_00013150,images/img_00013150.png,03_google_scraped,google,6621c91ddc13fad10c8f99a2df07e185939a128950cbeaefc01b2cb99d2985d1,,pending,,,,3
img_00013151,images/img_00013151.jpg,03_google_scraped,google,294a40f28b0f81f64fad836601ab2afad49876b3d30c22a31bbcbe3a6bb0e6e0,,pending,,,,3
img_00013152,images/img_00013152.jpg,03_google_scraped,google,2ae89ea6bf03adea6f9a9b0a12d677396f21ed130d3200117a2c305cc00866cd,,pending,,,,3
img_00013153,images/img_00013153.jpg,03_google_scraped,google,3bc98ac2f0930ccce2d507310d19065c0a0d614aecb706d9f3ea59793f8ea66a,,pending,,,,3
img_00013154,images/img_00013154.jpg,03_google_scraped,google,05a746ca23d06b43b4040cd0a00a59d6b2537403111c61364f04113321d36b1c,,pending,,,,3
img_00013155,images/img_00013155.jpg,03_google_scraped,google,87013bafa6875f969f3db34daf41f39f36730f3fec99ca90750b177f6abed150,,pending,,,,3
img_00013156,images/img_00013156.jpg,03_google_scraped,google,ccfca88bf2066801e502919716a12759e0ac2b046a9b57a06dbe01e3b3c6c7f1,,pending,,,,3
img_00013157,images/img_00013157.jpg,03_google_scraped,google,e9bc915843ffccda3be47f2594292f86ddc1f4c7c4bf4df6ccaa58d22048af14,,pending,,,,3
img_00013158,images/img_00013158.jpg,03_google_scraped,google,ffea559a0b9923f0869abcae2a3f008f8f80d64ac57225aaa58b3a4d96dae47a,,pending,,,,3
img_00013159,images/img_00013159.jpg,03_google_scraped,google,b56e29f6ab8e55223f28ef8bef13451e249df29adf6e0474619ffb6d04562c62,,pending,,,,3
img_00013160,images/img_00013160.jpg,03_google_scraped,google,6352a93205318b4ee68940035b53dbacd2316f70b591b2734730f68a8965b6cb,,pending,,,,3
img_00013161,images/img_00013161.jpg,03_google_scraped,google,dfac41162595e7cec4e8e9784772761582cf3e03a1466d7370fb39e1b4581c65,,pending,,,,3
img_00013162,images/img_00013162.jpg,03_google_scraped,google,e7574e8b27fb6543432f2f1fa60cb9ff9efc76025e8da63ae76b67cc9eb8a91c,,pending,,,,3
img_00013163,images/img_00013163.jpg,03_google_scraped,google,7eb7627e4ce6d7b1ceadc920dc3d56ff1f61804abff4db2e200c0c580f15ed8c,,pending,,,,3
img_00013164,images/img_00013164.jpg,03_google_scraped,google,b6208e73727db45a465b9f028bc3b4b1de8b3de38d9293fbed3f49b6d3a46f67,,pending,,,,3
img_00013165,images/img_00013165.jpg,03_google_scraped,google,3f130a505a0b9ce511ddb962a41994f8cc0eac9d24ed915fa073f9e044d601f9,,pending,,,,3
img_00013166,images/img_00013166.jpg,03_google_scraped,google,50a363185d4d325284ed623b37fc41fe9889d49633e09f44c17e85b4b1bbc302,,pending,,,,3
img_00013167,images/img_00013167.jpg,03_google_scraped,google,626f9c61c152828b2d6e3b5e026618509be665afaecef272bc6a7b09b9af910e,,pending,,,,3
img_00013168,images/img_00013168.jpg,03_google_scraped,google,3f07f22647f6006a450c6bf6fe5f01aa3820138e9701e8f749210374ab2f1e20,,pending,,,,3
img_00013169,images/img_00013169.jpg,03_google_scraped,google,3cbd9e40f49fe4f4657996381e85ffc00c90480f043632bb3f82890314256b5f,,pending,,,,3
img_00013170,images/img_00013170.jpg,03_google_scraped,google,43cb38d85bfc4a83b405fd80ac3813d14144af38e0d07b221877124d1d2e200d,,pending,,,,3
img_00013171,images/img_00013171.jpg,03_google_scraped,google,e8c37a8c7d69e2e6d58479b8f4b7c21e76d12ee2fc08fe7eeef53981c509b492,,pending,,,,3
img_00013172,images/img_00013172.jpg,03_google_scraped,google,47c9c6eafb68f818b484dbba674c9606d610d37cf00e1b6d09dae20209668d93,,pending,,,,3
img_00013173,images/img_00013173.jpg,03_google_scraped,google,523c3ed766fa09dbd7cee8ecbcbbb1f779c4e30b65243a7ba1ed8e7f8e711594,,pending,,,,3
img_00013174,images/img_00013174.jpg,03_google_scraped,google,3dcc41c9a1f2a56892046b5724cf3fe89b058571dcacb8962fe0da3f76192e45,,pending,,,,3
img_00013175,images/img_00013175.jpg,03_google_scraped,google,fce416dd4ca980690121752350809740339addab002cbd468241ea4a4a87d4e7,,pending,,,,3
img_00013176,images/img_00013176.jpg,03_google_scraped,google,ee313a42f1a6fe94fce916bd89a7f756a53736dfc6b8357d642f842c79db1544,,pending,,,,3
img_00013177,images/img_00013177.jpg,03_google_scraped,google,6f38b551b195cc055335d64890eb497c8fd418ce2e98bee5ca97c357bdf5ce08,,pending,,,,3
img_00013178,images/img_00013178.jpg,03_google_scraped,google,e3296dd95d2fae28f4ff5e449c5c1e378c14ecd50f6715d81170b4982cd966bb,,pending,,,,3
img_00013179,images/img_00013179.jpg,03_google_scraped,google,a8f1287cfc686a3eed053abe94dbf749a9df03504c491d2b0c1813233af526f5,,pending,,,,3
img_00013180,images/img_00013180.jpg,03_google_scraped,google,a56a120aace48f0e9ca7db98a45a5fe3d2e202d401a1af10f0e2bad7f26e764c,,pending,,,,3
img_00013181,images/img_00013181.jpg,03_google_scraped,google,414cd0aa553685f808f9840c7fbf86a5561f247240c4c7eb35fb9f564a3d9cb4,,pending,,,,3
img_00013182,images/img_00013182.jpg,03_google_scraped,google,28599c78ebed8c5855b0f3c34ce001fee659476639ea5e3313665b431f4fde9e,,pending,,,,3
img_00013183,images/img_00013183.jpg,03_google_scraped,google,e084a91c446c81b683eb3f0924e2e8f7f220de7fd1939657148d8d5e3cf59edd,,pending,,,,3
img_00013184,images/img_00013184.jpg,03_google_scraped,google,7bb5bc4694dc2b069710bd8d0401944c5ff4fc58bb2e551648fa04658ed5d1e0,,pending,,,,3
img_00013185,images/img_00013185.jpg,03_google_scraped,google,230b3c3e2e299007694c031ffb2d073dd6642ec0c7275a4bd0c7667bcddcd1d9,,pending,,,,3
img_00013186,images/img_00013186.jpg,03_google_scraped,google,776d1079f042f755aa6bfe70f248653ecb42c3efd343848f76ae44c5b00153da,,pending,,,,3
img_00013187,images/img_00013187.jpg,03_google_scraped,google,cd253b8f0f65e8acc1891e18c4f9e4387983c2119409708bd4c8d797e5f215d7,,pending,,,,3
img_00013188,images/img_00013188.jpg,03_google_scraped,google,0894259b1a35e3016353f89a9b2f1f582c3fc78f9e875089af5c8a47a7705226,,pending,,,,3
img_00013189,images/img_00013189.jpg,03_google_scraped,google,79ff2ebf6080eaf186f18db3537aaf11862a7bd857cc3960228ebd82434d1c7e,,pending,,,,3
img_00013190,images/img_00013190.jpg,03_google_scraped,google,45ecf771db04fc7fe9149528fe0de31a4825c6fea70ea696102d83f61bd32e38,,pending,,,,3
img_00013191,images/img_00013191.jpg,03_google_scraped,google,278fecbdfc5bc648c33c265a6fc97a519915153534660cfd85ad2e894e1a49e1,,pending,,,,3
img_00013192,images/img_00013192.jpg,03_google_scraped,google,f06f75f55121f6cba800b6b7a3ad6e2ef07991395ce56d335470c87a179bbacb,,pending,,,,3
img_00013193,images/img_00013193.jpg,03_google_scraped,google,80994874fa70489253fa038268fdc744096cc3fbfd6cbbd16d578aedbed983f3,,pending,,,,3
img_00013194,images/img_00013194.jpg,03_google_scraped,google,5cd8d0c903d0b23e60e1ee89502c0ccac644c6fe30d5a5f4786edd7d90c5610a,,pending,,,,3
img_00013195,images/img_00013195.jpg,03_google_scraped,google,0566bf0880680f62883420a252860a6f8089b5ab2150aa5a63c112fff1f65ed0,,pending,,,,3
img_00013196,images/img_00013196.jpg,03_google_scraped,google,ab6cf1d2fba36fae13559f89eb992f52af2f286d2c34663712dd7ab92fe24e45,,pending,,,,3
img_00013197,images/img_00013197.jpg,03_google_scraped,google,a2f36dd6a7f14bd257cb2cefea8d42e988808e245f5baf23dd1e06cd6d5f1c18,,pending,,,,3
img_00013198,images/img_00013198.jpg,03_google_scraped,google,4fec6cbcbfb05c2da50ddb3370ce0d8db77a606f6ca7ea84d26b04b95d18b71f,,pending,,,,3
img_00013199,images/img_00013199.jpg,03_google_scraped,google,f796e5878ed39b04eeefa841632f199ee31ee181e1f3a7a05c34afe687ee5c0b,,pending,,,,3
img_00013200,images/img_00013200.png,03_google_scraped,google,c223850e1adda713fa630265d075ac740809c90bfbf36d28714d6a9e302be6d6,,pending,,,,3
img_00013201,images/img_00013201.jpg,03_google_scraped,google,f0b5267eaf9064eb505bcbe9207d394230a51f804fed25f42b07962bada1b299,,pending,,,,3
img_00013202,images/img_00013202.jpg,03_google_scraped,google,bf97503c3887ca1e4923c5572dde922bb04fc854ca8059136c26c2ccf825a6ef,,pending,,,,3
img_00013203,images/img_00013203.jpg,03_google_scraped,google,3c828073ddebf18c8ff52976b755c1696ca14ea7a60238717b58eb0e9183c2ed,,pending,,,,3
img_00013204,images/img_00013204.jpg,03_google_scraped,google,d120f51f6407f93cc9fa01ed02943a1f34089ae2e502619ea0dee841b76172b1,,pending,,,,3
img_00013205,images/img_00013205.jpg,03_google_scraped,google,ca7e9b3de65d31660c51988667b282a9bc20a6f57bb5c03664a80d4cd5e82606,,pending,,,,3
img_00013206,images/img_00013206.jpg,03_google_scraped,google,ab9e645d5379c6dde5a064099fc804b5114bec70905e6fd49f0692e7cea3c652,,pending,,,,3
img_00013207,images/img_00013207.jpg,03_google_scraped,google,4a487ce37fd3234909d0f09917e771f99093a5977affb4fe0e7cc70501675148,,pending,,,,3
img_00013208,images/img_00013208.jpg,03_google_scraped,google,b2840d77b41304fd3e67014ddf42a8ccddee73081f75bcc041829e006dd8eba2,,pending,,,,3
img_00013209,images/img_00013209.jpg,03_google_scraped,google,3a2f3818be4567c22f09ab17904d124eac22a631eabdcd047f983e4a0e8cf1ef,,pending,,,,3
img_00013210,images/img_00013210.png,03_google_scraped,google,02f7dd664b1635f571ac163dedf2d7b9f10f5556fe04df97d011f502c8631e75,weapon,reviewed,,Lello,2026-04-22T10:53:05+00:00,3
img_00013211,images/img_00013211.jpg,03_google_scraped,google,1c29356c0a2ec50e2d89296d3515952d7d8182e8e669b02c45db4c912a973744,,pending,,,,3
img_00013212,images/img_00013212.jpg,03_google_scraped,google,3a778b9df964060697ff3a98b1ed3815209f5daa40ecf441e3684acbe9125434,,pending,,,,3
img_00013213,images/img_00013213.jpg,03_google_scraped,google,c1b4311aad78d014f81781e31c8d4573a125b05d11669d8d39b8f31384bbe865,,pending,,,,3
img_00013214,images/img_00013214.jpg,03_google_scraped,google,e19e5bed1bcd5551a621a0d2f7b5a9014c0cc0dd890495c806c1e2df3be29a23,,pending,,,,3
img_00013215,images/img_00013215.jpg,03_google_scraped,google,5fdf8e1c82d697b73f02f122220d237b8eeb772cbf3fcab72fb86b1f87912822,,pending,,,,3
img_00013216,images/img_00013216.jpg,03_google_scraped,google,ebfa155a794671deec7ff7b51632a8f12e8b22dade22d75000f67417f7b36020,,pending,,,,3
img_00013217,images/img_00013217.jpg,03_google_scraped,google,7436770d839883d88bd066a954ded644a041a56b92109a483d79d2e53a301d44,,pending,,,,3
img_00013218,images/img_00013218.jpg,03_google_scraped,google,d6e05f2b337707e6cc7cda17ebfef6e84936cafec4e3af68c207f9094f7e2bf9,,pending,,,,3
img_00013219,images/img_00013219.png,03_google_scraped,google,17a4e4d0b01aadfe702539727802829eea1d7058483c6f1351f79bdc79ac90b9,,pending,,,,3
img_00013220,images/img_00013220.jpg,03_google_scraped,google,192071a5b6364d842970960797ad8efc579af2fc1831edebf4a2f6ca08100378,,pending,,,,3
img_00013221,images/img_00013221.jpg,03_google_scraped,google,ef4747130fa5c70a8604926c6672dcc6ec45d50e9d60e0022ec34c46d6753284,,pending,,,,3
img_00013222,images/img_00013222.jpg,03_google_scraped,google,870bd6ff310cde85ed399aa96f1a0ac757bf6ca92ea2a9f95c83b006f15e5375,,pending,,,,3
img_00013223,images/img_00013223.png,03_google_scraped,google,841acaad47a0c5a11f2dbb90f09e3b185c9f8d2f0455e64000e815bb9e66dc05,,pending,,,,3
img_00013224,images/img_00013224.jpg,03_google_scraped,google,c5860b5511f4e15ad5b4ec558664437251cde595cb33ca002b0df00da3204ea6,,pending,,,,3
img_00013225,images/img_00013225.jpg,03_google_scraped,google,849dcf739a1b545d2858270b448b2fd9c3653a4f0b3165e10bc9805e3b07ff61,,pending,,,,3
img_00013226,images/img_00013226.jpg,03_google_scraped,google,bbf3fb08fcf4a0fca9cd07182b40a336b38e85786fba65cb5fd371b2e888178c,,pending,,,,3
img_00013227,images/img_00013227.jpg,03_google_scraped,google,9a3a7d31ec4001c61dd292ddef669509cb08439faa9b74667dbf65b7cde002d3,,pending,,,,3
img_00013228,images/img_00013228.jpg,03_google_scraped,google,098bf53876068d432e259d0fee47ae5ff6b16ca75c6522bcc16c96d982ac7458,,pending,,,,3
img_00013229,images/img_00013229.jpg,03_google_scraped,google,3a2b0eb6e8a82dd6be046c085972f8f4c1e13fa2780de6f5b12dc12f68ea88af,,pending,,,,3
img_00013230,images/img_00013230.jpg,03_google_scraped,google,c36fa08fb2d106ae4a5728c9a644d14fb2131fb61eab1ca5749c8335a43047bd,,pending,,,,3
img_00013231,images/img_00013231.jpg,03_google_scraped,google,75131f505f46b30d4d5f3cf1e559acae6737ab586dee840d0f88a6113e38fdc0,,pending,,,,3
img_00013232,images/img_00013232.jpg,03_google_scraped,google,4a37a45c470032099253cc35797cafbecb0538bfe5c8175dea7031b9faf183a1,,pending,,,,3
img_00013233,images/img_00013233.jpg,03_google_scraped,google,c126f4aa8150739ad581ffb2beb92a14b07b6b76c1f84e111bfe679b049d12b8,,pending,,,,3
img_00013234,images/img_00013234.jpg,03_google_scraped,google,19c9694deb4b162554b68513129a2115c7c79f7998f8f69e7513a219dc007319,,pending,,,,3
img_00013235,images/img_00013235.jpg,03_google_scraped,google,af9be2af998539db2983c73a3d8ec769305fe01b4e54dbb5de2ad4c9b7d69ea1,,pending,,,,3
img_00013236,images/img_00013236.jpg,03_google_scraped,google,d7480d0e1dec745f0dc00a9630bab1e29f7fe2353c0f691a0cd0afab9682312d,,pending,,,,3
img_00013237,images/img_00013237.jpg,03_google_scraped,google,fca333489b6583af97ee975d7a6e4529d267db54dad30a23d736f3b1b5f83539,,pending,,,,3
img_00013238,images/img_00013238.png,03_google_scraped,google,c62b5845b2c9bf1b77f5a786e1abfe34aa69da4dcadc419d481052bc6033c9d5,,pending,,,,3
img_00013239,images/img_00013239.jpg,03_google_scraped,google,211022ae86179600efefd4e4dffb557ade85459228f37189feb2024a35f1dd4b,,pending,,,,3
img_00013240,images/img_00013240.jpg,03_google_scraped,google,c7916e2eaad8631c438dabf211163aa71bf3f50afcb718bea33cef788a148ff0,,pending,,,,3
img_00013241,images/img_00013241.jpg,03_google_scraped,google,4c11fccbd0d9632b73897ddb72cd9bc819c903357935afe61a4138789e3ce282,,pending,,,,3
img_00013242,images/img_00013242.jpg,03_google_scraped,google,411cb42837b60ec6925040829ee15e7aefb634d4df069dfcc8f060953fd5f706,,pending,,,,3
img_00013243,images/img_00013243.jpg,03_google_scraped,google,4d9ac44a367d40cdb9c117345af9b01edf35f5f8d87929028239a934a8161449,,pending,,,,3
img_00013244,images/img_00013244.jpg,03_google_scraped,google,cec3e900f579a9922bacb06d5f010aeacb1c69aeb3b0a782356347a3f838a451,,pending,,,,3
img_00013245,images/img_00013245.png,03_google_scraped,google,1ef440fdb9d42e49ab523aab2252cd253e5e8ddf518ad1205b15faf2047e6cf6,,pending,,,,3
img_00013246,images/img_00013246.jpg,03_google_scraped,google,3a9fed375932cc62fe10728aab065c08cb82093c0b7842de325e0ee4fd1519db,,pending,,,,3
img_00013247,images/img_00013247.jpg,03_google_scraped,google,7c6f67a2bbdc14e4c5306fe90d94d767c42f2c47bff058af2f286b9b5f4fcd7d,,pending,,,,3
img_00013248,images/img_00013248.png,03_google_scraped,google,b9fe2cd598f2bf395058dd35400f6ac80cdc155ffb9f8f41401e03d41b66e883,,pending,,,,3
img_00013249,images/img_00013249.jpg,03_google_scraped,google,f2a01e291551827f86e744243ee6f7a59133ac82053eaf26c2c91611a44ad098,,pending,,,,3
img_00013250,images/img_00013250.jpg,03_google_scraped,google,959b97117c32dc50952fd5644722db9be5be5c24b29617288bda9ee77af3837c,,pending,,,,3
img_00013251,images/img_00013251.jpg,03_google_scraped,google,e554feb9d5b6e5a45579ea38bd5f3422d6ddeac90b1154bc0b84f76a6ba3f63e,ood,reviewed,,Lello,2026-04-22T11:24:15+00:00,3
img_00013252,images/img_00013252.jpg,03_google_scraped,google,1d2b595ea1c0ea57c34d0677ca1c5adb8dc047b9f0f389ba19162355f7aec5f1,,pending,,,,3
img_00013253,images/img_00013253.png,03_google_scraped,google,d67aee50469f24254dd65e90a5d1a2c8a2a58009bf0ca48a0a849e80e2dc81a6,,pending,,,,3
img_00013254,images/img_00013254.png,03_google_scraped,google,23cf8195347a2dfecb85c63edf56aad0c42807cff53a381f3faaeba2837eb525,,pending,,,,3
img_00013255,images/img_00013255.jpg,03_google_scraped,google,c3988db3d3e61f71ad342c65ac2cb301a2ef648d039b2d15c286f0d3f3f8035a,,pending,,,,3
img_00013256,images/img_00013256.jpg,03_google_scraped,google,b7d236a6ccac7746ea701e8c70c9b89e632f103d09e75da2ad84e76f7cca0943,,pending,,,,3
img_00013257,images/img_00013257.jpg,03_google_scraped,google,42e4f1d85a8e07f813064045735d4c802d84d1ddba4e7f610f2e9fe6a749d144,,pending,,,,3
img_00013258,images/img_00013258.jpg,03_google_scraped,google,551dcb41dd05cd7540d5229ea884e2c6cddafa047569723dd0d73b012acef32f,,pending,,,,3
img_00013259,images/img_00013259.jpg,03_google_scraped,google,c7b6a6063645c099e1a1678608f53e2134cbb505753d9db1c58a95f44beffaf7,,pending,,,,3
img_00013260,images/img_00013260.jpg,03_google_scraped,google,e0f0002f2e382a29afb9bf489c81d4f5cccd64e4c07ede4a7fad31bc4eb8222a,,pending,,,,3
img_00013261,images/img_00013261.jpg,03_google_scraped,google,bb611bf80aba4a19083172352206ee029b6e111be2d67da1ff3dc263947c28df,,pending,,,,3
img_00013262,images/img_00013262.jpg,03_google_scraped,google,4498f5d3124031a2ded3a429f20ab89f322e05a278f929740d0127cf0fe2f27e,,pending,,,,3
img_00013263,images/img_00013263.jpg,03_google_scraped,google,9bc8f0406a8ca9fb5a63926ae31ca2d0907654df0710c2be200401330a773541,,pending,,,,3
img_00013264,images/img_00013264.jpg,03_google_scraped,google,b48124d5cf9a831aa0c6d813c2ae7dc9735879e310ae79ba0e44a3aa263cabd9,,pending,,,,3
img_00013265,images/img_00013265.jpg,03_google_scraped,google,8cb3aa1a290a69a4a75b1e05eee31fdb824bc819ce874f740147f34f352f2608,,pending,,,,3
img_00013266,images/img_00013266.jpg,03_google_scraped,google,c837c2a7e1e0022721e91c0823500165c6b7f173c3c2c613a339019d486ad7a0,,pending,,,,3
img_00013267,images/img_00013267.jpg,03_google_scraped,google,3f4a590b47348d7db358e67c74f50cd1d7fe68518a778b497b3e664bc1a542ca,,pending,,,,3
img_00013268,images/img_00013268.jpg,03_google_scraped,google,c8d0e00d150405979b0ac6ce03354956d950146161b4ac63e3da3a368d5faa84,,pending,,,,3
img_00013269,images/img_00013269.jpg,03_google_scraped,google,e8249601fc6fd860808d2897e4d1c43ae2f646d366b6cb3af7390d63d21cd4e7,,pending,,,,3
img_00013270,images/img_00013270.jpg,03_google_scraped,google,bc6f2dd8c72ffd7fa7897b5f2ebcdfe61750f17b572d5d5800e61cd19f576d11,,pending,,,,3
img_00013271,images/img_00013271.jpg,03_google_scraped,google,65e9ef6ae358904710ac38c837ff91060c2c06bf2f0c84d8a523b979ece0fd0e,,pending,,,,3
img_00013272,images/img_00013272.jpg,03_google_scraped,google,37e20aee2bbc1a486ef3aa7f56edd0fe5255dadd392386115789e9770a649884,,pending,,,,3
img_00013273,images/img_00013273.jpg,03_google_scraped,google,40c85f1b303dbd10c664e567ea8bee9e4ff6796bc49979e786e909bd922eaf67,,pending,,,,3
img_00013274,images/img_00013274.png,03_google_scraped,google,d6d1874d6cd8d1ea59230b836b6d626d42d6dd857047149e055ebf729a506209,,pending,,,,3
img_00013275,images/img_00013275.jpg,03_google_scraped,google,2879bbe09496dd61eeaa31f1f0d372444a149732fcdcaff3bfd32eaf44498a22,,pending,,,,3
img_00013276,images/img_00013276.png,03_google_scraped,google,658b8fa67c614a65ec18999dcfd4ddbf8a8620b05f8e33029706c3630cba0484,,pending,,,,3
img_00013277,images/img_00013277.jpg,03_google_scraped,google,68d52fe81d9c83ae9af0bd6a8a521b14efe81ea9a62c5868355ff16dc318f97e,,pending,,,,3
img_00013278,images/img_00013278.jpg,03_google_scraped,google,b551e30609d7ec0f45e9a8462e73d6904399d5a295d16bee48f3189ed1151c12,,pending,,,,3
img_00013279,images/img_00013279.png,03_google_scraped,google,575f8d50e9f7988e7c8b9925ebfabb984f0a0c805b478ac47fbd052b393f4813,,pending,,,,3
img_00013280,images/img_00013280.jpg,03_google_scraped,google,e7de7cdb7e2352954ae350da78f0b54d09acbad0c4089d84e63c35926583e5a4,,pending,,,,3
img_00013281,images/img_00013281.png,03_google_scraped,google,0985d393f4a9a7119f9db78f5b9a20eae3ee190601c0745b50a4cbc047eb32f0,,pending,,,,3
img_00013282,images/img_00013282.jpg,03_google_scraped,google,6766d8d4c7ceaa5bc235ce6238ddb0aed4108278609fcd924830152854ff762e,,pending,,,,3
img_00013283,images/img_00013283.jpg,03_google_scraped,google,1062c23778a52c32eda7a583a746efaf04a09ecda5e9db65332d77e4af9c487e,,pending,,,,3
img_00013284,images/img_00013284.jpg,03_google_scraped,google,f314bd118defb1263bc6b2d65f54d0953ced4bd3bb6d63d39274fe1f59732f04,,pending,,,,3
img_00013285,images/img_00013285.jpg,03_google_scraped,google,6815a2915275e2ae837594bbda6988e08c25bf299ec31c23a124f9486cfaebc6,,pending,,,,3
img_00013286,images/img_00013286.jpg,03_google_scraped,google,7225763ba30e5a73cdfb430f8494cbc94f32e9df2fb27cd82bf097c7aee70f8f,,pending,,,,3
img_00013287,images/img_00013287.jpg,03_google_scraped,google,dff8b8b79dbd3e382f781914b54a7c3fb8f91be18805966f008bb6a83d730784,,pending,,,,3
img_00013288,images/img_00013288.jpg,03_google_scraped,google,c4d52830189f5406896cc86d9a28842a5f75e321c38f1097333694ec4e003eb3,,pending,,,,3
img_00013289,images/img_00013289.png,03_google_scraped,google,3cc31c97a9b69b6ee056d3fedf6e4ffdd595f087ba61c1870eee18ed78213386,,pending,,,,3
img_00013290,images/img_00013290.jpg,03_google_scraped,google,b6f9a66904fc4cd20d0d03a98e106047978166133f648c38300151a04b97479d,,pending,,,,3
img_00013291,images/img_00013291.jpg,03_google_scraped,google,ff58fafbdc19ec19443e5f33529149705c05e3849fc5f1045629a03895205db0,,pending,,,,3
img_00013292,images/img_00013292.jpg,03_google_scraped,google,79d7a10cdb2db1e80bc1e05791527bdda86df2ee2a46378c73e94eb5e9d3aab0,,pending,,,,3
img_00013293,images/img_00013293.jpg,03_google_scraped,google,4065437c3fb8a68a9221a494330f35b4da4e3621021d9f8a8fed8b889180b85b,,pending,,,,3
img_00013294,images/img_00013294.jpg,03_google_scraped,google,ec530aaf59a5add0eb50df7d5c4966532648b86e5d008558b56ce1e67cf60fe6,,pending,,,,3
img_00013295,images/img_00013295.jpg,03_google_scraped,google,869b39fcf4afdfa31bdb082e9174693cb99a327df76ca23d7542afbd55c91afc,,pending,,,,3
img_00013296,images/img_00013296.png,03_google_scraped,google,58f409a7f55c0d1db528575fce6f790638e3e9dc5c0050110fe49f6c6102dad1,,pending,,,,3
img_00013297,images/img_00013297.jpg,03_google_scraped,google,3903ffcfb1fc0cf9b92e038842e299f0bfc2d636ce31d9638f21052b2a40671b,,pending,,,,3
img_00013298,images/img_00013298.jpg,03_google_scraped,google,c637ed94c7177769452d95b9c699f5d9166b5416f718d24d6b900737e452db70,,pending,,,,3
img_00013299,images/img_00013299.jpg,03_google_scraped,google,fc02d3d3bc47e084978bc48fd1b637adef4198527d282580a903a5b1a34daef7,,pending,,,,3
img_00013300,images/img_00013300.jpg,03_google_scraped,google,3ca9911a1ba60ae613321352be6681862e081f428371c05a74b81be802b758f4,,pending,,,,3
img_00013301,images/img_00013301.jpg,03_google_scraped,google,20b18bf9cf48775b77ed1e7a26c3fd93a74ee905d3924cf4d5090eb9d2371fb0,,pending,,,,3
img_00013302,images/img_00013302.jpg,03_google_scraped,google,1c625d995c3ff9785962aa245617c2fe2d155a86d80f13ee886d5cc16a47dc98,,pending,,,,3
img_00013303,images/img_00013303.jpg,03_google_scraped,google,1f6bdb8d2586f28f7e73500da90c2cc3d679f6f3548b416ea1b4c1ac1dfc5564,,pending,,,,3
img_00013304,images/img_00013304.jpg,03_google_scraped,google,9a5689905aa8293759c0f74a538abd15674a6941bdb6ddf8c44bf385c5bd26e6,,pending,,,,3
img_00013305,images/img_00013305.jpg,03_google_scraped,google,962043839c0fd7ab2b82dcc9260bacf5549189e81da2bb54e5cf7b95ef19893d,,pending,,,,3
img_00013306,images/img_00013306.jpg,03_google_scraped,google,e2880057151331a9c8f1a716565c8328546192d3f2e2766d459d652ddfffed3d,,pending,,,,3
img_00013307,images/img_00013307.jpg,03_google_scraped,google,7af378225506085dc2e0e2f1844fdccebaec47448748f6331d3607b5667c4560,,pending,,,,3
img_00013308,images/img_00013308.jpg,03_google_scraped,google,493b6464c45fa0511d576416a284bad17853585634984ffd4714aea2a1854aed,,pending,,,,3
img_00013309,images/img_00013309.jpg,03_google_scraped,google,2ed853e74a91569d3bf3654937c280bb8a056ef2408868f1ecfadc885ab8c3cb,,pending,,,,3
img_00013310,images/img_00013310.jpg,03_google_scraped,google,1cc7fe1e89a4917c71028707db58313458f4d8d473eeeaa1d66a0d9134c1388d,,pending,,,,3
img_00013311,images/img_00013311.jpg,03_google_scraped,google,b46f0b5fb4e03db4fef515ba78f543d3339a2591389671a7987b1342302b7c11,,pending,,,,3
img_00013312,images/img_00013312.jpg,03_google_scraped,google,4663e949595d10bff4d3b94ca6bf86af9c72ce99c598587a5d0f397aa713291c,,pending,,,,3
img_00013313,images/img_00013313.jpg,03_google_scraped,google,0f0cb11d02dd5000f62e6ae935a7270929db3d73b3e55cc2619f51d9e0d20f8a,,pending,,,,3
img_00013314,images/img_00013314.jpg,03_google_scraped,google,46975137517efdb5c0df0c0bfabf59dc8e5753d07777f87b41ec3c37019d6ff0,,pending,,,,3
img_00013315,images/img_00013315.jpg,03_google_scraped,google,5481ed954845bd21ce9073a156d06796eb600f7ba922f722c31494911236e0e0,,pending,,,,3
img_00013316,images/img_00013316.jpg,03_google_scraped,google,6c051384a8b1ff7c0ae270653ed2201fc266e1654d1332026aa4a65eef578c3c,,pending,,,,3
img_00013317,images/img_00013317.jpg,03_google_scraped,google,c0c1ece28c04a5eb1a0dd04d46faee7dd383c66a209172025f0828588be01abb,,pending,,,,3
img_00013318,images/img_00013318.jpg,03_google_scraped,google,ed7dfbadca103e633c54b76730549f1bc4220c51b72b26841f3cbc8654581521,,pending,,,,3
img_00013319,images/img_00013319.jpg,03_google_scraped,google,14afedbf753aed65f60d3a42ed3eac40032866091bd309c467f772c9392513a1,,pending,,,,3
img_00013320,images/img_00013320.jpg,03_google_scraped,google,fa36098ff7bea9de2b421883e038acbd58c711171d58c052888cace838af5c4b,,pending,,,,3
img_00013321,images/img_00013321.jpg,03_google_scraped,google,3de3fa58d258ba789bf70336dd8cc1aeaea9530828811cb885490fa7eee70498,,pending,,,,3
img_00013322,images/img_00013322.jpg,03_google_scraped,google,68a0bd71edc97d346902cd619d471d12914905dfbd38583a803d83764d292e9d,,pending,,,,3
img_00013323,images/img_00013323.jpg,03_google_scraped,google,f0a44b828b5ae0a5aa9cad5e736424db1e1332cb175998c10b7915b96b70c224,ood,reviewed,,Lello,2026-04-22T09:49:06+00:00,3
img_00013324,images/img_00013324.jpg,03_google_scraped,google,5f04cf7412384c1579b9fdcdf8345984f53d530db0df279288243c47a08eee95,,pending,,,,3
img_00013325,images/img_00013325.jpg,03_google_scraped,google,4863f26227085c6d3b813433cbc7492ff30c79a0dea91b945ae7456187f46da4,,pending,,,,3
img_00013326,images/img_00013326.jpg,03_google_scraped,google,0df3eb7a248554e7035f25ede03b9ddce1bcaaa8c22b0f96f70dffd75bdc89e8,,pending,,,,3
img_00013327,images/img_00013327.jpg,03_google_scraped,google,bfdd1ea074ecb98c74d01ff7ed95d2e4ced1aff66a810db1fc9862ccfb1ca869,,pending,,,,3
img_00013328,images/img_00013328.jpg,03_google_scraped,google,702bb4f1c307ae489e66d81ec83cb8bf18a25814fa79597567961e22cd8854c5,,pending,,,,3
img_00013329,images/img_00013329.jpg,03_google_scraped,google,6ec37b3a7ee9718850a00ae25d8375c9b52c0877da6d1fee336088e986a5c36c,,pending,,,,3
img_00013330,images/img_00013330.jpg,03_google_scraped,google,8570c677e4e584334a946a09bc66c0680d8ce756e8445c81ea43265c9ab58695,,pending,,,,3
img_00013331,images/img_00013331.jpg,03_google_scraped,google,56d8eb0d77b7fd7d69ee8cc9086913892c5f823b47363ca7b59ad6f2d3b65177,,pending,,,,3
img_00013332,images/img_00013332.jpg,03_google_scraped,google,7878bee47f7aca9c415d3fda1566f99b1aed7fbfd01e765df61f5e86295a382e,,pending,,,,3
img_00013333,images/img_00013333.jpg,03_google_scraped,google,482737469100c65afc44ebf4df52b668cc6c2107e065798aed582873c6811297,,pending,,,,3
img_00013334,images/img_00013334.jpg,03_google_scraped,google,86777da14d4e8ef10bf50cc71145b31d1928a8b82d908a6f4e4df8ca736f0789,,pending,,,,3
img_00013335,images/img_00013335.jpg,03_google_scraped,google,54b3bf97b0cff88ac47fc2bbb934ef30da6f9cd39e0b1a70ef028acdfd2bcd0e,,pending,,,,3
img_00013336,images/img_00013336.jpg,03_google_scraped,google,b9ae0709dbe54569d412d1a7cba5df09beb35ecb7d49e1724bb7f5aa45288675,,pending,,,,3
img_00013337,images/img_00013337.jpg,03_google_scraped,google,dc72fe363b0957a0f1b2513de95b930ee7a0314c8270147a23ddff3b6cb224f3,,pending,,,,3
img_00013338,images/img_00013338.jpg,03_google_scraped,google,f501e5fb5921f756e6b1d95053cd0665958defdc4fb44dbeed84e2f7f6753d3f,,pending,,,,3
img_00013339,images/img_00013339.jpg,03_google_scraped,google,b6f0f830ae7840349f59ecf2f8f19094c5240093a95a69feb925a97687a3df4d,,pending,,,,3
img_00013340,images/img_00013340.jpg,03_google_scraped,google,7ec97480596c404567410f6e7512bd3fd2d71f3d5dbce8fb9b6d92c034df0de2,,pending,,,,3
img_00013341,images/img_00013341.jpg,03_google_scraped,google,c0635f5ca503a40c84b60fc1508dbc452fa7cf6e307fbca1d07decce0541a1b3,ood,reviewed,,Lello,2026-04-22T09:49:14+00:00,3
img_00013342,images/img_00013342.jpg,03_google_scraped,google,230ecdaa09111e95662fbe781a6ae1b413321318ca7f2c677e4437a918d9593e,,pending,,,,3
img_00013343,images/img_00013343.jpg,03_google_scraped,google,5a92c83709777c45e9da9a858a4ee1d2b90a7856098fe8cb3938a53e03faa6ee,,pending,,,,3
img_00013344,images/img_00013344.jpg,03_google_scraped,google,ec18f74bf8d6f61f23fcb9d743b4aba5c3e1978d83b0ea5d628c2a8c65c2f4b4,,pending,,,,3
img_00013345,images/img_00013345.jpg,03_google_scraped,google,b2e09384d819d4786466b2712f0e53b3db88f0cfdec8e78392c5eeb9420c430b,,pending,,,,3
img_00013346,images/img_00013346.jpg,03_google_scraped,google,35a73c6c799c8a34a1ebcab86c23fbc1fa2edcb4482d916c8c41915bbf4e06cb,,pending,,,,3
img_00013347,images/img_00013347.jpg,03_google_scraped,google,6ddffa4cbe437aaab24e98152f88b2c2b4e3f036c6962a10d48d6266f4e4c925,,pending,,,,3
img_00013348,images/img_00013348.jpg,03_google_scraped,google,ac50f0f3919f5b8a77529b2d7ef7db4a2f18f60f307d3536abf79cb597e895cc,,pending,,,,3
img_00013349,images/img_00013349.jpg,03_google_scraped,google,53ebba5f3bd0a4b280f1d64f44803b14102cd21d045dc2d666a0cab1497ff927,ood,reviewed,,Lello,2026-04-22T09:49:23+00:00,3
img_00013350,images/img_00013350.jpg,03_google_scraped,google,925a083eaae48355cef11ecb73440cf7ce0c8cbd14cdb0301972ae6b0f5d1160,,pending,,,,3
img_00013351,images/img_00013351.jpg,03_google_scraped,google,1f9fd5a1d5bd7f3fad1e6db1c952ebd447063f2431e8da3f8d100020eee625f7,,pending,,,,3
img_00013352,images/img_00013352.jpg,03_google_scraped,google,b0a4fc41c253ad3863e3e548ed17e9d417eb889353f61935f411dbdf0b9999a4,,pending,,,,3
img_00013353,images/img_00013353.jpg,03_google_scraped,google,1c3f6eb4217369b4724ae83782e816607b74305842ff415d6fc1edb3ac1c2945,non_weapon,reviewed,,Lello,2026-04-22T09:49:33+00:00,3
img_00013354,images/img_00013354.jpg,03_google_scraped,google,85348bf55858d72bfd2758fbf04494bdbb91528fe13b4af95554926c0cb823f8,,pending,,,,3
img_00013355,images/img_00013355.jpg,03_google_scraped,google,41ee9c7b302fc699dcdc5fe438ff6272b878fb822c3a35e94309901214af0160,,pending,,,,3
img_00013356,images/img_00013356.jpg,03_google_scraped,google,4763a89aa4d491456f4a7f1d070b108495253e6576689cc5205de60bf203099a,,pending,,,,3
img_00013357,images/img_00013357.jpg,03_google_scraped,google,ee494a3efca1aaff23716e66cc46d49cb82efbfa48692f4635178055c160859e,,pending,,,,3
img_00013358,images/img_00013358.jpg,03_google_scraped,google,bf33d777f4ee6c4cd61ae24fb8c631144e911a09a1ce2bf7a04f9ff84bd0968a,,pending,,,,3
img_00013359,images/img_00013359.jpg,03_google_scraped,google,17834cda61f0b89f719f5177283c97278f6d9c35f742b3a3d2558b98fefa4fd6,,pending,,,,3
img_00013360,images/img_00013360.jpg,03_google_scraped,google,f9874cfede5ab4ae99b92d1d21346e99bc334a0af869561ecfec76d28f0350b4,,pending,,,,3
img_00013361,images/img_00013361.jpg,03_google_scraped,google,100504a469e2a8b99d26d79b3f1864c668167cb19f7ef84872dfc7fda33ba4d9,,pending,,,,3
img_00013362,images/img_00013362.jpg,03_google_scraped,google,788698422ce1ace0199f21150ad2ea9744dea5ff3ae1ff07e96111484463e0cc,,pending,,,,3
img_00013363,images/img_00013363.jpg,03_google_scraped,google,565f4a3d3c666d5b17fa34cfd908bff8527761b3b83a7cd20d4a896540472c2e,,pending,,,,3
img_00013364,images/img_00013364.jpg,03_google_scraped,google,48864f6e9ae16f6eba633f6d938f7d0adf2396b90aa168393f526f2d6b225498,,pending,,,,3
img_00013365,images/img_00013365.jpg,03_google_scraped,google,da954f4b2e630b479eb5d70b19f6aabf131fdfb289a66ceda04f8a661a86324c,,pending,,,,3
img_00013366,images/img_00013366.jpg,03_google_scraped,google,4b69da3728fd95a5d8c096be0422d06730043944856521bc33ac7ebb876d4f8d,,pending,,,,3
img_00013367,images/img_00013367.jpg,03_google_scraped,google,cae1988a784d40c823ca7e944b10198eba77c6b083665e5aa1f5ca8ae986a8df,,pending,,,,3
img_00013368,images/img_00013368.jpg,03_google_scraped,google,3b161add80d7d2ceaffd3e69ea3ca961e41cf5d3e7056639004d52755b1c03d2,,pending,,,,3
img_00013369,images/img_00013369.jpg,03_google_scraped,google,61f9fe25361f4536d60b1c26a055ee17d4e844580f592803097fa9c332ca4539,,pending,,,,3
img_00013370,images/img_00013370.jpg,03_google_scraped,google,f394879151a5d39b3be886235cd1fd7b5930320c9ba45f93f3c3b000bba85826,,pending,,,,3
img_00013371,images/img_00013371.jpg,03_google_scraped,google,f6388243f33fef0ebcfd6856204fab841e4871afa086175400144698ed9dff85,,pending,,,,3
img_00013372,images/img_00013372.jpg,03_google_scraped,google,369b131f78790d2a38f729d7d4c5a932474e73e7dcc2bb75db3e3fa99197fa37,,pending,,,,3
img_00013373,images/img_00013373.jpg,03_google_scraped,google,8a50a5fb4b6ad0c2ac3c836482d4c8fe1911effedaf4dd58fdca5dcc102f6c29,,pending,,,,3
img_00013374,images/img_00013374.jpg,03_google_scraped,google,d82c53b9e8d8607bbe149ce5ed22775a5412f8f4e9b947aa6c0357ea44f5ea2f,,pending,,,,3
img_00013375,images/img_00013375.jpg,03_google_scraped,google,08e3742a4f15d0803fecabdb36e69b5971f1913f1338c5ec99c0cd8275ac2334,,pending,,,,3
img_00013376,images/img_00013376.jpg,03_google_scraped,google,23b0aacabbbf2ebaa60af50b56213999376532adb412f9f2fe44bec3cd3f084a,,pending,,,,3
img_00013377,images/img_00013377.jpg,03_google_scraped,google,d3c312d921d54e8bd1a584a372d5e93afb694981436deaa9c606c43ef5cb8101,,pending,,,,3
img_00013378,images/img_00013378.jpg,03_google_scraped,google,5871f991640be7524f5e69c8a9bb431646ef65065d592c1568a0d5a9da7357cb,,pending,,,,3
img_00013379,images/img_00013379.jpg,03_google_scraped,google,4f0017e8ad34fede699a1b56a216f18fd77c9e8f42a0f3f494540ae3f910963f,,pending,,,,3
img_00013380,images/img_00013380.jpg,03_google_scraped,google,9b7dcf2953f6f89a044f910504d464da1ab0d97a9c9d13c73c976be2b077ce27,,pending,,,,3
img_00013381,images/img_00013381.jpg,03_google_scraped,google,295c3bf78eedda99ff771319a9c2a86afc70798974c1500f1f282ade06d8ac25,,pending,,,,3
img_00013382,images/img_00013382.jpg,03_google_scraped,google,ae95d7cc62640c730e7a2f5882f0d319d0da2a7f57665e1acbbb2027f6a4d677,,pending,,,,3
img_00013383,images/img_00013383.jpg,03_google_scraped,google,6ad3664dcdb2cd6ef26a164a776e810fb598d7e40382f7ab7c081f4b409f6ff6,,pending,,,,3
img_00013384,images/img_00013384.jpg,03_google_scraped,google,110b357a630e2f6d927a9ab0c32de34f09344a76d9851413c3dbce987cfa2d0f,,pending,,,,3
img_00013385,images/img_00013385.jpg,03_google_scraped,google,d08c74d245b4f4504e6ad2091a619218a5f8e8fdc270641cceafdcab9500e4f6,,pending,,,,3
img_00013386,images/img_00013386.jpg,03_google_scraped,google,ad99874015840100bab147f854c7fa3d8d0528a4a433b72d1f52edbe21679878,,pending,,,,3
img_00013387,images/img_00013387.jpg,03_google_scraped,google,d28cc30ea3732cc7ea507cf5784f949f11c24b8fd5f1a830d97bf89424d44db1,,pending,,,,3
img_00013388,images/img_00013388.jpg,03_google_scraped,google,2721db58c72c3a75d18e8ee94b1404e88f9397f5f2ea11eeaf0255c41bd02cc4,,pending,,,,3
img_00013389,images/img_00013389.jpg,03_google_scraped,google,2dbd861fb56341cfe211d485f039e811ecb3a6daed954b8798c149caaa474cdf,,pending,,,,3
img_00013390,images/img_00013390.png,03_google_scraped,google,9167f6428276bea817913e3963ea662a9e7f2f19a653a492b660ba57d03986e8,ood,reviewed,,Lello,2026-04-22T09:49:53+00:00,3
img_00013391,images/img_00013391.jpg,03_google_scraped,google,6533f4a17c54ffb488e6f6e9427c4f31df30d01ebf9ca541d6da7fabd93bf368,,pending,,,,3
img_00013392,images/img_00013392.jpg,03_google_scraped,google,40a25505699875017dabc81fff3ebd3990d81aa770da61c25cf0728c3fd32f9a,,pending,,,,3
img_00013393,images/img_00013393.jpg,03_google_scraped,google,9264dc6f857ff1d35f468e1a99e84fd6facc8d5102e7890f4c3ff7fc9d0f9ff6,,pending,,,,3
img_00013394,images/img_00013394.jpg,03_google_scraped,google,dc2e35893f2439f242d9a83d6bb921947a35263fef7c5a7caf9b18548f35d725,ood,reviewed,,Lello,2026-04-22T09:49:59+00:00,3
img_00013395,images/img_00013395.jpg,03_google_scraped,google,11177aa1e553b3e855ea6c15c060ddf40a5f56cafd55b05f1c6032a9ecb32a8c,,pending,,,,3
img_00013396,images/img_00013396.jpg,03_google_scraped,google,4828df4cdfbf116f497d705528feb01ec3c464304dfcc2eeb729af22095b1553,ood,reviewed,,Lello,2026-04-22T09:50:02+00:00,3
img_00013397,images/img_00013397.jpg,03_google_scraped,google,809240499da1c9642dfaba004d904cee15ffcc3fc5b13648e38571a495dd3bb1,,pending,,,,3
img_00013398,images/img_00013398.jpg,03_google_scraped,google,3fda495f5d4aa663b8d3ccd930318c10f22e33b7c49d2431d3e017035b0bfd23,,pending,,,,3
img_00013399,images/img_00013399.jpg,03_google_scraped,google,040d4be6f732bc099913d8bd96a11a53f465712beb1f0542a283ae820569958b,,pending,,,,3
img_00013400,images/img_00013400.jpg,03_google_scraped,google,244429b8975e5f7e7a2648dbfe96b58bb088a797599c3852e66ea5c19eaac653,,pending,,,,3
img_00013401,images/img_00013401.jpg,03_google_scraped,google,cb6972fd37314b0a271e1d88a5c33228f79b7d5943139b00047795721cb8357f,,pending,,,,3
img_00013402,images/img_00013402.jpg,03_google_scraped,google,ad1e2f2caa794041e1f57c9451df696961fbd52387de63837f4cd1a0e0af1c1e,,pending,,,,3
img_00013403,images/img_00013403.jpg,03_google_scraped,google,83f846fd6ccd026f22b1c4d6c850619174acb30a180438a3605faded3c787fbf,,pending,,,,3
img_00013404,images/img_00013404.jpg,03_google_scraped,google,ac3da53e521c1e1254c5943d18462634c0f98552850779369095e60a8911460e,,pending,,,,3
img_00013405,images/img_00013405.jpg,03_google_scraped,google,7432e9f11b94e3434767264d1ed51ad46696c0f038be6938f8b66517bf1393b0,,pending,,,,3
img_00013406,images/img_00013406.jpg,03_google_scraped,google,2424a3d662e62eb708a5f20ac95d55b7a820932875141ea9947703992195ff53,,pending,,,,3
img_00013407,images/img_00013407.jpg,03_google_scraped,google,c4d5028150a4f5803fcb0f202f1df09d8e4fc134a0e912357310467c9685e989,,pending,,,,3
img_00013408,images/img_00013408.jpg,03_google_scraped,google,050f141862cbc4a8685d7d978535bc6eba22e0b41f30a540b1072d72a4cadb53,,pending,,,,3
img_00013409,images/img_00013409.jpg,03_google_scraped,google,d390dc67f4a090889d1e97f4969cac92b980fa1dda992b84cde1cc8fe0f39bb5,,pending,,,,3
img_00013410,images/img_00013410.jpg,03_google_scraped,google,6bcc3b66d91a4227b83e82317cd3f4aec1340f68e4ce82400e9e739df0d00b6e,ood,reviewed,,Lello,2026-04-22T09:50:11+00:00,3
img_00013411,images/img_00013411.jpg,03_google_scraped,google,d20e1872dd71c1c06a5ec236e21264b913bed1b7ede67b6de398d35042122016,ood,reviewed,,Lello,2026-04-22T09:50:08+00:00,3
img_00013412,images/img_00013412.jpg,03_google_scraped,google,c3b913bcf8944b698b8c1d812ebfbdec9410b69797efed048a1c1c0dcde8951e,ood,reviewed,,Lello,2026-04-22T09:50:19+00:00,3
img_00013413,images/img_00013413.jpg,03_google_scraped,google,afe235015400555c7ac8173997c78f9b7dccf381c420b043240536c47ba1e9a1,ood,reviewed,,Lello,2026-04-22T09:50:14+00:00,3
img_00013414,images/img_00013414.jpg,03_google_scraped,google,c3ea4753d793db6fd1412fe14e7d18bb68761d140b9863cba4b26ba157f5daef,ood,reviewed,,Lello,2026-04-22T09:50:17+00:00,3
img_00013415,images/img_00013415.jpg,03_google_scraped,google,3629f8888f6adfd40ff5751258462407ac461569ce8f348e68043490ab05ccd6,ood,reviewed,,Lello,2026-04-22T09:51:03+00:00,3
img_00013416,images/img_00013416.jpg,03_google_scraped,google,265835c0ae05f76b15550640b8ace124e589c3668ff21ffc206d1aeed807473a,ood,reviewed,,Lello,2026-04-22T09:50:22+00:00,3
img_00013417,images/img_00013417.jpg,03_google_scraped,google,83aaabf14e7d68ec9b2cbf63c340a649cf59d50d7765275a64e965b484620c2f,ood,reviewed,,Lello,2026-04-22T09:50:25+00:00,3
img_00013418,images/img_00013418.png,03_google_scraped,google,de3c4e5c744b920cfd4e56486f1b9f573a07d46a49543447f40191181556af2c,,pending,,,,3
img_00013419,images/img_00013419.jpg,03_google_scraped,google,3725ef5886e51d42f49e7b61c63d7ca8d195d8f4dd3e978891500e5cc98989a3,ood,reviewed,,Lello,2026-04-22T09:50:29+00:00,3
img_00013420,images/img_00013420.jpg,03_google_scraped,google,0f8126fc74ccb48e25889adc610560647ceca32e5fa8614e55691158e6f9d5dc,ood,reviewed,,Lello,2026-04-22T09:50:32+00:00,3
img_00013421,images/img_00013421.jpg,03_google_scraped,google,6682cfbd18217900fdb092d640f686d8895b62a082030b2204d889493c979ca2,ood,reviewed,,Lello,2026-04-22T09:50:34+00:00,3
img_00013422,images/img_00013422.jpg,03_google_scraped,google,7e1bba5586204c6e39dc62f3844143f149d5f4f8c730f6901518cf8bf6200e17,ood,reviewed,,Lello,2026-04-22T09:50:37+00:00,3
img_00013423,images/img_00013423.jpg,03_google_scraped,google,d1e3aef7ea9d4a7b9d47180f606c8b82d4126b301312d6efd4018b2bad47f986,ood,reviewed,,Lello,2026-04-22T09:50:39+00:00,3
img_00013424,images/img_00013424.jpg,03_google_scraped,google,d69d77c75fa47a576f1ee7bb5936879143b79c531a8591e5964e049ae227c8b2,ood,reviewed,,Lello,2026-04-22T09:50:42+00:00,3
img_00013425,images/img_00013425.jpg,03_google_scraped,google,3d371ae4e50d6b0c398218bb8379710fe18084ec8e601f615a407d9ecfd6b9ac,ood,reviewed,,Lello,2026-04-22T09:50:55+00:00,3
img_00013426,images/img_00013426.jpg,03_google_scraped,google,d10fa4c53bf1868172f090a4edd94be25dc9b244c7b97bc8b45d0ff7cb43e166,ood,reviewed,,Lello,2026-04-22T09:50:58+00:00,3
img_00013427,images/img_00013427.png,03_google_scraped,google,536ee52db138e9dd283de866d007a6022ccc811250140f2d7c4e552334eda662,,pending,,,,3
img_00013428,images/img_00013428.png,03_google_scraped,google,c1735f02ca2469c75830444fbb9084fea79c514ecd024d654844f819a81cae91,,pending,,,,3
img_00013429,images/img_00013429.jpg,03_google_scraped,google,47caa3258176ef9eba4d4ccca98c6a4f7cf67f56173170c5487083df4b0b3411,ood,reviewed,,Lello,2026-04-22T09:51:01+00:00,3
img_00013430,images/img_00013430.jpg,03_google_scraped,google,1e291e1b87f6bbe1d7f74d4c61ff13d5b95bccec55f1cda5207dc76897eb94ea,ood,reviewed,,Lello,2026-04-22T09:51:06+00:00,3
img_00013431,images/img_00013431.jpg,03_google_scraped,google,baef88db73f476496df380b565252a4874b9e23e241dc94306627c8e3804c3eb,ood,reviewed,,Lello,2026-04-22T09:51:09+00:00,3
img_00013432,images/img_00013432.jpg,03_google_scraped,google,f38eec5449eca99c149159d663c97f9dd1eb64808edbf07e88de2e3449a56cd9,ood,reviewed,,Lello,2026-04-22T09:51:12+00:00,3
img_00013433,images/img_00013433.jpg,03_google_scraped,google,552453f1151d53c6c8c27330f004611c9a7089ba549c6b5600727b2ee66076cf,ood,reviewed,,Lello,2026-04-22T09:51:14+00:00,3
img_00013434,images/img_00013434.png,03_google_scraped,google,f8b0e3fc384a45d722301bfcf2b09f6cc713b956ae451d42f169481e8372b2d8,ood,reviewed,,Lello,2026-04-22T09:51:17+00:00,3
img_00013435,images/img_00013435.jpg,03_google_scraped,google,98e6e04392ad686ecac76c36f704eca941e05519612bba54ad4fbf9c1c084f3e,ood,reviewed,,Lello,2026-04-22T09:51:19+00:00,3
img_00013436,images/img_00013436.png,03_google_scraped,google,dd2eb709ccaafcb6e78b76f2664d4bfb532632fe100d3a2b63c1098858ef98f3,ood,reviewed,,Lello,2026-04-22T09:51:21+00:00,3
img_00013437,images/img_00013437.jpg,03_google_scraped,google,f0b62422c1894503599c2eb03c7a8fc99cb9ab0b645e2c61f3687881af6a94ba,ood,reviewed,,Lello,2026-04-22T09:51:24+00:00,3
img_00013438,images/img_00013438.jpg,03_google_scraped,google,72e721530accdd38b452fde44d8389646d832dbc84dd1064c2ea4c6c366a1935,ood,reviewed,,Lello,2026-04-22T09:51:27+00:00,3
img_00013439,images/img_00013439.jpg,03_google_scraped,google,866b5d035388f8af3ea8bf260c4539ee918a6937d4cfb81d31b14b2a14fc384a,ood,reviewed,,Lello,2026-04-22T09:51:31+00:00,3
img_00013440,images/img_00013440.jpg,03_google_scraped,google,930568be92fcaef4ce3544aed907b8a7f3510a2ca15b38d9f40403224e80589c,ood,reviewed,,Lello,2026-04-22T09:51:40+00:00,3
img_00013441,images/img_00013441.jpg,03_google_scraped,google,ee6248cddc1a387b679e7320ce337f47942186cb56105940051819b1cd4fa474,,pending,,,,3
img_00013442,images/img_00013442.jpg,03_google_scraped,google,82020ffc65c1c5e4d0fd90275750d872bfdf7d9a046495e5227b8d6106153b2f,ood,reviewed,,Lello,2026-04-22T09:51:37+00:00,3
img_00013443,images/img_00013443.jpg,03_google_scraped,google,bb7e252365dd47d1fcb24c0a7921a04926e818e37ff45c1eeca3c62d76cbc575,ood,reviewed,,Lello,2026-04-22T09:51:43+00:00,3
img_00013444,images/img_00013444.jpg,03_google_scraped,google,3a82661ec0f43944d7216cb1cb44b8060234c46c115e82e49362bcefcace6807,ood,reviewed,,Lello,2026-04-22T09:51:47+00:00,3
img_00013445,images/img_00013445.jpg,03_google_scraped,google,ae37500e850222563e8de426bcc6dfd750bdef579a1344455a37ecb6db1ac6c5,ood,reviewed,,Lello,2026-04-22T09:51:49+00:00,3
img_00013446,images/img_00013446.jpg,03_google_scraped,google,e805c26e74b376510f4995c5e8e5e4f8e19f6d10ef2997680c3f95cba11e8220,ood,reviewed,,Lello,2026-04-22T09:51:53+00:00,3
img_00013447,images/img_00013447.jpg,03_google_scraped,google,b7f9031ae8dbcfed1d2c2056e6cbfacc248e415c02c8e8f4d6e53ba26e8677b5,,pending,,,,3
img_00013448,images/img_00013448.jpg,03_google_scraped,google,c24cb4cee9dc8210d53b322a618567d61f1fdfd99cf7dced42938d7f58a19245,ood,reviewed,,Lello,2026-04-22T09:51:56+00:00,3
img_00013449,images/img_00013449.jpg,03_google_scraped,google,10707a0797b92d7c0c92354cc85202a9772857f32ddbea2b001b3f084ee30995,,pending,,,,3
img_00013450,images/img_00013450.jpg,03_google_scraped,google,b2593eed471d2faabba90b0b4b941091326b6ff1043b3228f2db141fe43e7bb8,ood,reviewed,,Lello,2026-04-22T09:52:03+00:00,3
img_00013451,images/img_00013451.png,03_google_scraped,google,033bb095e5f3f05d7afc4eb30a90bbb8edd036fe498a700c5600095166b6e9e0,ood,reviewed,,Lello,2026-04-22T09:52:06+00:00,3
img_00013452,images/img_00013452.jpg,03_google_scraped,google,b1fa541af8c7ba893545298ff75ccb66f09b9588724e5b414447723cfde6ce02,ood,reviewed,,Lello,2026-04-22T09:52:08+00:00,3
img_00013453,images/img_00013453.jpg,03_google_scraped,google,1db796152eb7844d3d26cd8566db7b9313cb5cfa528938d1ce52c5ccb71991ce,,pending,,,,3
img_00013454,images/img_00013454.jpg,03_google_scraped,google,748741f5dd6b2e7864ba142b7a6a947794238383252d019eea9a85075a0c50f0,,pending,,,,3
img_00013455,images/img_00013455.jpg,03_google_scraped,google,2dd0b6a0c9efc6260eaeeec8602e7c83fefad5c622617163eb129e86378b3a02,,pending,,,,3
img_00013456,images/img_00013456.jpg,03_google_scraped,google,ea5382003fcf37558d008aff63b78f47e04c5ce91ee05ca0ed3f59472144f3f5,ood,reviewed,,Lello,2026-04-22T09:52:15+00:00,3
img_00013457,images/img_00013457.jpg,03_google_scraped,google,bf12eb89810f175e9e5b9433deb884960df4747869340382e4eb10e3f48e7d86,ood,reviewed,,Lello,2026-04-22T09:52:17+00:00,3
img_00013458,images/img_00013458.jpg,03_google_scraped,google,0fb56f49c9e43a31b59ae2fa8d980d094bfedf5f073801c88aa3d2fe49ca8856,,pending,,,,3
img_00013459,images/img_00013459.jpg,03_google_scraped,google,3c9a21567f9327ac14677b8160845e51c51bec6d977f3c7028ac79553eed4a2a,ood,reviewed,,Lello,2026-04-22T09:52:20+00:00,3
img_00013460,images/img_00013460.jpg,03_google_scraped,google,8fc911aba8e427fdeaf8412288d83c0130c8f8aff7fdbc739a3b902bf92b15da,ood,reviewed,,Lello,2026-04-22T09:52:22+00:00,3
img_00013461,images/img_00013461.jpg,03_google_scraped,google,d2205f18432e213f58ccded0c1082da7082a6be8724ac4b087e6025e15704bce,ood,reviewed,,Lello,2026-04-22T09:52:24+00:00,3
img_00013462,images/img_00013462.png,03_google_scraped,google,fda0539e57d6c6d301f1238caa52c12ed046ba62f9170ae970749a8c87cbedf2,ood,reviewed,,Lello,2026-04-22T09:52:30+00:00,3
img_00013463,images/img_00013463.jpg,03_google_scraped,google,94cdb29a2e6b569e37006c3431452707e37e1fb7f25ce123050ca2d445759570,,pending,,,,3
img_00013464,images/img_00013464.jpg,03_google_scraped,google,1bd5e36a52b3b12b0e5a5c709770f84a4c8f5875eeb44abeb3fe845aa81e14d1,ood,reviewed,,Lello,2026-04-22T09:52:33+00:00,3
img_00013465,images/img_00013465.jpg,03_google_scraped,google,f91a39881397b1ed92a7d7e6e8b4dc56cd91565762fb9bc5990f14aac0a57b93,ood,reviewed,,Lello,2026-04-22T09:52:34+00:00,3
img_00013466,images/img_00013466.jpg,03_google_scraped,google,897314c9982ea86c0464b54af0bdf5c812b06e4a014194e7725d682db96e93f0,ood,reviewed,,Lello,2026-04-22T09:52:36+00:00,3
img_00013467,images/img_00013467.jpg,04_telegram_youtube,telegram_youtube,9c0c3bd55f946aecf6955356b50e156e82c2240d04093ca9e8824d3762aa4dee,ood,reviewed,,Lello,2026-04-22T09:53:54+00:00,1
img_00013468,images/img_00013468.jpg,04_telegram_youtube,telegram_youtube,b9d4be585ea8582d923c19fd4990178acb203fd5a81e1a863faaeb398ec77798,ood,reviewed,,Lello,2026-04-22T09:53:56+00:00,1
img_00013469,images/img_00013469.jpg,04_telegram_youtube,telegram_youtube,a61f374a0217d277ad0308318cdca7762ffff4ea0e02e9da093d953be92d0de4,ood,reviewed,,Lello,2026-04-22T09:53:57+00:00,1
img_00013470,images/img_00013470.jpg,04_telegram_youtube,telegram_youtube,fcd8eaad7c59ffe2e7d0becfb76649f07100432440649e307aa5885dda779deb,,pending,,,,1
img_00013471,images/img_00013471.jpg,04_telegram_youtube,telegram_youtube,0a6f7f434c1dea31d3d291324be490ea13bd09b4e19f4bccb7fa6574705fed35,,pending,,,,1
img_00013472,images/img_00013472.jpg,04_telegram_youtube,telegram_youtube,88bce20c13ef7b7e1f3f13234fd833731b9b46c78476028b5e28c13c286ea101,,pending,,,,1
img_00013473,images/img_00013473.jpg,04_telegram_youtube,telegram_youtube,851a6c637b9eb2122534eb8e84b4b4242ea974022e5b05ee0c0a703a7c2b8564,,pending,,,,1
img_00013474,images/img_00013474.jpg,04_telegram_youtube,telegram_youtube,2afa48534d2ef80dd34df15742f9431dc1be84e9eed7c7aed6b34922cbc82a0a,weapon,reviewed,,Lello,2026-04-22T09:54:07+00:00,1
img_00013475,images/img_00013475.jpg,04_telegram_youtube,telegram_youtube,3c8c202cbd59f457f678b39ad0f1d37b256e50a4028215995045a609a735e2d9,ood,reviewed,,Lello,2026-04-22T09:54:16+00:00,1
img_00013476,images/img_00013476.jpg,04_telegram_youtube,telegram_youtube,8cec8405a0ab898c5849f4b39b548adf229363e54d2427e241d9dd54fd60da0b,non_weapon,reviewed,,Lello,2026-04-22T09:54:34+00:00,1
img_00013477,images/img_00013477.jpg,04_telegram_youtube,telegram_youtube,dc56419d12774799e1db0374dd138d7109c9315f266bce7142d0db2bbb45b156,non_weapon,reviewed,,Lello,2026-04-22T09:54:36+00:00,1
img_00013478,images/img_00013478.jpg,04_telegram_youtube,telegram_youtube,254e8331ea84a3a96a8fdcbfd42cb2354d21493259212dc62ca467cf3dcd14de,weapon,reviewed,,Lello,2026-04-22T09:54:38+00:00,1
img_00013479,images/img_00013479.jpg,04_telegram_youtube,telegram_youtube,42389432fdd39b8b3f9bea4bfdf89fb9791d99c543909c4447823ccc87905372,ood,reviewed,,Lello,2026-04-22T09:54:40+00:00,1
img_00013480,images/img_00013480.jpg,04_telegram_youtube,telegram_youtube,ace7c8dee31e455f3d73f7c75d7a2e290f1601e4114b56bf01e729408de66358,ood,reviewed,,Lello,2026-04-22T09:54:41+00:00,1
img_00013481,images/img_00013481.jpg,04_telegram_youtube,telegram_youtube,f8841d93b0dc3ec630a54a72ceaa6ffc0371a1d154ff991ceed02201d639e7a8,ood,reviewed,,Lello,2026-04-22T09:54:47+00:00,1
img_00013482,images/img_00013482.jpg,04_telegram_youtube,telegram_youtube,f03017222e8aa9d24e57dceb89e5ce93237c302ccc2942fb9b4a58aaa686d473,,pending,,,,1
img_00013483,images/img_00013483.jpg,04_telegram_youtube,telegram_youtube,4d8d06415d6c81c17a8442c3c72a1a63884294c566fe8da523ffc57d1d43d1c5,ood,reviewed,,Lello,2026-04-22T09:54:51+00:00,1
img_00013484,images/img_00013484.jpg,04_telegram_youtube,telegram_youtube,c7bc96d979351a0a71e38545cd0d4f9cbf2623ecd83edf1c87ba7548756f13de,,pending,,,,1
img_00013485,images/img_00013485.jpg,04_telegram_youtube,telegram_youtube,3dbd095300faeb1270e672e3c386aa38815596bf7fc2cc74e082f3836b7191a6,ood,reviewed,,Lello,2026-04-22T09:54:54+00:00,1
img_00013486,images/img_00013486.jpg,04_telegram_youtube,telegram_youtube,7d76ca253582b9c3a254dcde0900e5cae20f4d9dc2f4f28036207ed8736114c9,ood,reviewed,,Lello,2026-04-22T09:54:56+00:00,1
img_00013487,images/img_00013487.jpg,04_telegram_youtube,telegram_youtube,07bbe8b3c7451fe984a87eef456777f2883f3ba5e91c830b08cc278039224295,ood,reviewed,,Lello,2026-04-22T09:54:58+00:00,1
img_00013488,images/img_00013488.jpg,04_telegram_youtube,telegram_youtube,4f882b22fb3847fb253e663ead412342f4427384208e8cc0d02c35888f8b1a10,,pending,,,,1
img_00013489,images/img_00013489.jpg,04_telegram_youtube,telegram_youtube,46d32f034d18e798b913a773c1f086b907eeff6bdbdeb55703d41597abbdc2af,,pending,,,,1
img_00013490,images/img_00013490.jpg,04_telegram_youtube,telegram_youtube,a62a4afd33292aa5965a59f8d256c5b5032031d78f98d93d3b0065a13c1e8b74,,pending,,,,1
img_00013491,images/img_00013491.jpg,04_telegram_youtube,telegram_youtube,33127354c249cc2d366444e0d2f5c23809832d309089df7d3dd8cc5a87372db8,ood,reviewed,,Lello,2026-04-22T11:16:28+00:00,1
img_00013492,images/img_00013492.jpg,04_telegram_youtube,telegram_youtube,005428ae51984f89b5ab317bfc0803a8890ff2cfbdc6567110e99e75f0d9815d,non_weapon,reviewed,,Lello,2026-04-22T09:55:42+00:00,1
img_00013493,images/img_00013493.jpg,04_telegram_youtube,telegram_youtube,1ce31806685b013d8914d69524ee31e826659198e3fb4153d0c468140002579f,ood,reviewed,,Lello,2026-04-22T09:55:35+00:00,1
img_00013494,images/img_00013494.jpg,04_telegram_youtube,telegram_youtube,65f9d5746f02cdca89e91ba2b5fe3eadeca3575e0375f25aad04cfc888ac31d0,non_weapon,reviewed,,Lello,2026-04-22T09:55:43+00:00,1
img_00013495,images/img_00013495.jpg,04_telegram_youtube,telegram_youtube,cb15ee1589d42247c35911ae203808925e6d9ce2947f45ddb4c643f6d40b6c0a,non_weapon,reviewed,,Lello,2026-04-22T09:55:45+00:00,1
img_00013496,images/img_00013496.jpg,04_telegram_youtube,telegram_youtube,d5a61ebe715f2fac121ec1d7dfdac86a2e34455a52eeef70b4354fcd4502ad71,ood,reviewed,,Lello,2026-04-22T09:55:47+00:00,1
img_00013497,images/img_00013497.jpg,04_telegram_youtube,telegram_youtube,6e117a30d128fc5a95b7527025ea1a39070aef05bdb32a51fabd589b6e244afc,non_weapon,reviewed,,Lello,2026-04-22T11:17:17+00:00,1
img_00013498,images/img_00013498.jpg,04_telegram_youtube,telegram_youtube,1655241aa3e757c8037de03de8b0b3aad8d86faea82d8636c6fbf6ffbc7b6cf5,ood,reviewed,,Lello,2026-04-22T09:55:51+00:00,1
img_00013499,images/img_00013499.jpg,04_telegram_youtube,telegram_youtube,619cd60fb5968714adf4dbf2127fcd471bc217ab8316a1e9a874f187d263feab,ood,reviewed,,Lello,2026-04-22T09:55:54+00:00,1
img_00013500,images/img_00013500.jpg,04_telegram_youtube,telegram_youtube,0c91d4d0f7b837fe3533c154f156376f6aa2c006c80aa20a78305025b1e64d3c,non_weapon,reviewed,,Lello,2026-04-22T09:55:55+00:00,1
img_00013501,images/img_00013501.jpg,04_telegram_youtube,telegram_youtube,b7bee8e4021d9b68f22d3e9c7079ceff57681a936a4e3467f5f61c9f1304d795,ood,reviewed,,Lello,2026-04-22T09:55:57+00:00,1
img_00013502,images/img_00013502.jpg,04_telegram_youtube,telegram_youtube,55cde12b2bf09ca2a63f54b018a2b8e0b085322cce404a08029e776b486590b4,ood,reviewed,,Lello,2026-04-22T09:55:59+00:00,1
img_00013503,images/img_00013503.jpg,04_telegram_youtube,telegram_youtube,c0b08d8290e6e6d6f7943c665b2b99f694d4d697ef64a3c88c0d83633dd8a973,,pending,,,,1
img_00013504,images/img_00013504.jpg,04_telegram_youtube,telegram_youtube,2213ffb3f95be127bb876b41409f5021014c27f349906398b9bd2b038282f9d1,weapon,reviewed,,Lello,2026-04-22T09:56:03+00:00,1
img_00013505,images/img_00013505.jpg,04_telegram_youtube,telegram_youtube,d65c02746440bf439eaf4c0d40a2c731cee76987cdb0208542271a6b2ad07491,non_weapon,reviewed,,Lello,2026-04-22T11:17:25+00:00,1
img_00013506,images/img_00013506.jpg,04_telegram_youtube,telegram_youtube,7597bd1fa1c4d06fc36f5f4a3efc42011288d277eab6c1e92028cf6e21c34d1c,non_weapon,reviewed,,Lello,2026-04-22T11:17:27+00:00,1
img_00013507,images/img_00013507.jpg,04_telegram_youtube,telegram_youtube,29e28ebf3bdeea6da39bf84e22ffdf95cb821c07c4ed31df2cded2089a612599,weapon,reviewed,,Lello,2026-04-22T09:56:07+00:00,1
img_00013508,images/img_00013508.jpg,04_telegram_youtube,telegram_youtube,c8e603f44e8f00b38f3a427b354bd493a1de03f9f441f42b3e89a9a8568fbcd3,weapon,reviewed,,Lello,2026-04-22T09:56:30+00:00,1
img_00013509,images/img_00013509.jpg,04_telegram_youtube,telegram_youtube,6e55aac45a45e7add4acc910052e5509ef7465b6fab8fd251f2ddf6feb2f3b94,weapon,reviewed,,Lello,2026-04-22T09:56:34+00:00,1
img_00013510,images/img_00013510.jpg,04_telegram_youtube,telegram_youtube,7cdc77007790fbbaa93caed887d8db4d5ebe885a93c4e4f034611945005206d2,weapon,reviewed,,Lello,2026-04-22T09:56:50+00:00,1
img_00013511,images/img_00013511.jpg,04_telegram_youtube,telegram_youtube,998d5cf6e500713b35310e0319b921f25007471aca7c8d6762a14c9e62e65016,ood,reviewed,,Lello,2026-04-22T09:56:53+00:00,1
img_00013512,images/img_00013512.jpg,04_telegram_youtube,telegram_youtube,60f08728f4ad5026400af0fe1fd396d41822f5f99386e1c40bec968b8d2f5b46,ood,reviewed,,Lello,2026-04-22T09:56:55+00:00,1
img_00013513,images/img_00013513.jpg,04_telegram_youtube,telegram_youtube,403a55d50e83f0e7a6984868c50c761d56b1aee04d97af00d807b41f954137fa,,pending,,,,1
img_00013514,images/img_00013514.jpg,04_telegram_youtube,telegram_youtube,b623fdb594b9b5362f88a06ce49d7959a55149863228d586be1403dc12019796,,pending,,,,1
img_00013515,images/img_00013515.jpg,04_telegram_youtube,telegram_youtube,5a69d6d291b99bcc7e6ac6e3f192603eb9c434a7261cdb764346bdb32e3795cb,ood,reviewed,,Lello,2026-04-22T11:16:37+00:00,1
img_00013516,images/img_00013516.jpg,04_telegram_youtube,telegram_youtube,ca809952c0c772096bd515735b97b61e2336da8d9fde8e9116db87f860e51cc7,ood,reviewed,,Lello,2026-04-22T11:16:38+00:00,1
img_00013517,images/img_00013517.jpg,04_telegram_youtube,telegram_youtube,51082500f981657bab1c7de9ad4436e92a7f2add3ef0772dea8e5ed9f1fe9d89,,pending,,,,1
img_00013518,images/img_00013518.jpg,04_telegram_youtube,telegram_youtube,cd8f900b9c77a5ad44ff88dc8f73d800370d19365023df441cad965c2fc924ef,non_weapon,reviewed,,Lello,2026-04-22T09:57:18+00:00,1
img_00013519,images/img_00013519.jpg,04_telegram_youtube,telegram_youtube,a75efbb5b12e4f9a9253fbe345aaeab20f2a669b19823a55b768fc39ae127e9a,non_weapon,reviewed,,Lello,2026-04-22T09:58:15+00:00,1
img_00013520,images/img_00013520.jpg,04_telegram_youtube,telegram_youtube,809c8ccfcd738b42dc577ee8dd1e7ea435daa889b161904c6ea3f035e614ae5b,weapon,reviewed,,Lello,2026-04-22T09:57:08+00:00,1
img_00013521,images/img_00013521.jpg,04_telegram_youtube,telegram_youtube,3e8c11fde73afe59acf299a2d1d7831343001eec6ec7fdb74868ce304554d863,non_weapon,reviewed,,Lello,2026-04-22T09:57:22+00:00,1
img_00013522,images/img_00013522.jpg,04_telegram_youtube,telegram_youtube,18f338d68e26bacc00c7378ceaa3f1deda3330b6fdaf64fdb46cd61043b5a6f1,weapon,reviewed,,Lello,2026-04-22T09:57:10+00:00,1
img_00013523,images/img_00013523.jpg,04_telegram_youtube,telegram_youtube,d71e5a9c85f2e75e17e3d0ead0270bb890d60cc9e8396ca08017b0159bff89c5,non_weapon,reviewed,,Lello,2026-04-22T09:57:25+00:00,1
img_00013524,images/img_00013524.jpg,04_telegram_youtube,telegram_youtube,8e9256f3638e7f031736fc949f442fdc31fddff92c22ee4b6be82281ec3fea0e,non_weapon,reviewed,,Lello,2026-04-22T09:57:27+00:00,1
img_00013525,images/img_00013525.jpg,04_telegram_youtube,telegram_youtube,b58d7c85fa706619bc6d4db40567b53cb3def451a6708a120872f57c443c62c5,,pending,,,,1
img_00013526,images/img_00013526.jpg,04_telegram_youtube,telegram_youtube,84411a24420aad56434fa15cea35ff086809af727902e00355459b788b98a687,weapon,reviewed,,Lello,2026-04-22T09:57:31+00:00,1
img_00013527,images/img_00013527.jpg,04_telegram_youtube,telegram_youtube,5c3518d52771263f61a25ccc86ea8fe274e9a64b33489ca6238c9e49f250232d,weapon,reviewed,,Lello,2026-04-22T09:57:33+00:00,1
img_00013528,images/img_00013528.jpg,04_telegram_youtube,telegram_youtube,6efe3af96090c8beb321d970b572dfc5f68f3c86f7666d471b6f00c2179a3a58,weapon,reviewed,,Lello,2026-04-22T09:57:34+00:00,1
img_00013529,images/img_00013529.jpg,04_telegram_youtube,telegram_youtube,66287582789707b08bde9c3318432a02e26a24d65084e6d9cd697c7a30ca3f18,weapon,reviewed,,Lello,2026-04-22T09:57:36+00:00,1
img_00013530,images/img_00013530.jpg,04_telegram_youtube,telegram_youtube,7dc3b527e0f8c89c702f1a52d6220328ba661ee7a7b72ad8f3a5650afcbd56fe,weapon,reviewed,,Lello,2026-04-22T09:57:37+00:00,1
img_00013531,images/img_00013531.jpg,04_telegram_youtube,telegram_youtube,9981e909424b630f56872193992c6daf7648b7632e20451a55c786e6cb2d8f60,weapon,reviewed,,Lello,2026-04-22T09:57:39+00:00,1
img_00013532,images/img_00013532.jpg,04_telegram_youtube,telegram_youtube,26df4361476fa29321a24bbea6e957d5c7d9d2db7c7dbc15f4491c8f9fc85db6,ood,reviewed,,Lello,2026-04-22T09:57:40+00:00,1
img_00013533,images/img_00013533.jpg,04_telegram_youtube,telegram_youtube,81cde293c50a1fd1edae353b662b272431666c73abfb7b1dca6b7004b9d0e6e4,weapon,reviewed,,Lello,2026-04-22T09:57:42+00:00,1
img_00013534,images/img_00013534.jpg,04_telegram_youtube,telegram_youtube,b20fffff1716f17c2155b10bd38fade760efc17fd80eea67077d1e3cb76e7008,weapon,reviewed,,Lello,2026-04-22T09:57:43+00:00,1
img_00013535,images/img_00013535.jpg,04_telegram_youtube,telegram_youtube,f66fa9e13b607807eeacbcc3def6906b5eb1278d521a11091706c6c04cbd82b5,weapon,reviewed,,Lello,2026-04-22T09:57:45+00:00,1
img_00013536,images/img_00013536.jpg,04_telegram_youtube,telegram_youtube,dcce5fda180f2433afca672b30d9c4ee13216de4bbd48835d9cded5026b6ed4f,weapon,reviewed,,Lello,2026-04-22T09:57:46+00:00,1
img_00013537,images/img_00013537.jpg,04_telegram_youtube,telegram_youtube,41e65c3bf79ad520b23d91d5dc1accb886bf07ff2b09efdb4bd8f259116559d5,weapon,reviewed,,Lello,2026-04-22T09:57:48+00:00,1
img_00013538,images/img_00013538.jpg,04_telegram_youtube,telegram_youtube,a9546f32b8500eeeff24c6860a04041c59f4ac538fb386d1a49b83e772532b74,weapon,reviewed,,Lello,2026-04-22T09:57:49+00:00,1
img_00013539,images/img_00013539.jpg,04_telegram_youtube,telegram_youtube,8126145c145351bcdd53eaff61acdbf2751e240b2d1600abdc3a8e98f2935bb5,weapon,reviewed,,Lello,2026-04-22T09:57:51+00:00,1
img_00013540,images/img_00013540.jpg,04_telegram_youtube,telegram_youtube,8afe2a7c65b35f2b46226db28e0b09bdfbf07c2a943e0b46addec85552c01579,weapon,reviewed,,Lello,2026-04-22T09:57:53+00:00,1
img_00013541,images/img_00013541.jpg,04_telegram_youtube,telegram_youtube,afdd9050e99b84b5d8696aa33296699cb59db7a48834ff01b9455f6332544b06,weapon,reviewed,,Lello,2026-04-22T09:57:54+00:00,1
img_00013542,images/img_00013542.jpg,04_telegram_youtube,telegram_youtube,1052f080279fc66abf385a039e9ac03bb868030774e1a642f784644178fddfef,weapon,reviewed,,Lello,2026-04-22T09:57:56+00:00,1
img_00013543,images/img_00013543.jpg,04_telegram_youtube,telegram_youtube,a126695ba48ce25f954e22cee3022ecbe8acbe74b33720a38effbe83900187bc,ood,reviewed,,Lello,2026-04-22T09:57:57+00:00,1
img_00013544,images/img_00013544.jpg,04_telegram_youtube,telegram_youtube,6763dee99be7c0851aaaedeb7bad1b3fcd1d0c6e1afc47f854f77a02e1a673fe,weapon,reviewed,,Lello,2026-04-22T09:57:59+00:00,1
img_00013545,images/img_00013545.jpg,04_telegram_youtube,telegram_youtube,5be0a33694259a447bdc5d648545a3ec85fb67b36dfa1b878b7d8e6aad80f507,weapon,reviewed,,Lello,2026-04-22T09:58:01+00:00,1
img_00013546,images/img_00013546.jpg,04_telegram_youtube,telegram_youtube,3c939d4f435aa05d31d508a25382a23ef4579dcc38ef5a7c59949ac698e02e57,weapon,reviewed,,Lello,2026-04-22T09:58:02+00:00,1
img_00013547,images/img_00013547.jpg,04_telegram_youtube,telegram_youtube,702f3da42d10ba698bdc7bd987a35771211d67847ebcb288b732c87774c5d520,weapon,reviewed,,Lello,2026-04-22T09:58:11+00:00,1
img_00013548,images/img_00013548.jpg,04_telegram_youtube,telegram_youtube,b3eaf0db3cc866af477aecf4e5e8cf26778a9bcce34c497f143119278571a635,,pending,,,,1
img_00013549,images/img_00013549.jpg,04_telegram_youtube,telegram_youtube,f98fdaba586e792d57ed4169736625778ab981a7a6481aaa09836ca2c68506b2,,pending,,,,1
img_00013550,images/img_00013550.jpg,04_telegram_youtube,telegram_youtube,a00969a1d1723ec1a464ffb2eaa28038f26fa1917d749eb86c29385dce85583c,,pending,,,,1
img_00013551,images/img_00013551.jpg,04_telegram_youtube,telegram_youtube,42fce9f6607e9a408732f6139ff4ac752a0156edb8f5d40ce43f0d9fbc67c606,non_weapon,reviewed,,Lello,2026-04-22T09:58:17+00:00,1
img_00013552,images/img_00013552.jpg,04_telegram_youtube,telegram_youtube,c7dd4fe28e5033173a5de5d6553a1f532c2f68b0274076cca995ee2ef097e438,weapon,reviewed,,Lello,2026-04-22T09:58:19+00:00,1
img_00013553,images/img_00013553.jpg,04_telegram_youtube,telegram_youtube,ce199d0d12f83e19fc8ca8452aff9e536f4f30cea392cd28b97ee7035ce9294d,weapon,reviewed,,Lello,2026-04-22T09:58:21+00:00,1
img_00013554,images/img_00013554.jpg,04_telegram_youtube,telegram_youtube,f01ba594db1254b79ee447363f388ba44132370e5ee2ee877e2ccb8a6669b6e2,ood,reviewed,,Lello,2026-04-22T09:58:23+00:00,1
img_00013555,images/img_00013555.jpg,04_telegram_youtube,telegram_youtube,4436fa2dddbd9b02cdeea8494c6a6d8bf66a2a8956a7587fd5f1f167ba042753,weapon,reviewed,,Lello,2026-04-22T09:58:25+00:00,1
img_00013556,images/img_00013556.jpg,04_telegram_youtube,telegram_youtube,db695e54ff740677d6c924f1e9bc4c5939e2f292205fc65fd9893c3dfa9dbc5a,non_weapon,reviewed,,Lello,2026-04-22T09:58:26+00:00,1
img_00013557,images/img_00013557.jpg,04_telegram_youtube,telegram_youtube,67e888fe925ed66f6cdb47325bc387035b9bb13d44ad86dbfaec9bf14cf43f62,weapon,reviewed,,Lello,2026-04-22T09:58:27+00:00,1
img_00013558,images/img_00013558.jpg,04_telegram_youtube,telegram_youtube,c68148d30b32490378d503eda965a5700f807e2b5e58a14392faa77213424d9a,non_weapon,reviewed,,Lello,2026-04-22T09:58:29+00:00,1
img_00013559,images/img_00013559.jpg,04_telegram_youtube,telegram_youtube,df290a5954444c3f70070f7a7ad59454913198bbe81153b779f6d9ccec9c1a51,non_weapon,reviewed,,Lello,2026-04-22T09:58:31+00:00,1
img_00013560,images/img_00013560.jpg,04_telegram_youtube,telegram_youtube,e6dccc3ab82d4514b080df331228d686d7caf1ef4cdf50693b6c8fa4ba7253e1,non_weapon,reviewed,,Lello,2026-04-22T09:58:32+00:00,1
img_00013561,images/img_00013561.jpg,04_telegram_youtube,telegram_youtube,be32286e48cd7ddbc9662721380a6687c54f7d647510c4ada3b704da710a0c79,non_weapon,reviewed,,Lello,2026-04-22T09:58:34+00:00,1
img_00013562,images/img_00013562.jpg,04_telegram_youtube,telegram_youtube,4cefac58bba7344fbe34179980872659638b3ea62e396a18396bb5b0b411b485,weapon,reviewed,,Lello,2026-04-22T09:58:36+00:00,1
img_00013563,images/img_00013563.jpg,04_telegram_youtube,telegram_youtube,dd5e3e29a99ede3cad2472d2c969c30f240abce7f703c8c491f012cc7e689a60,weapon,reviewed,,Lello,2026-04-22T09:58:37+00:00,1
img_00013564,images/img_00013564.jpg,04_telegram_youtube,telegram_youtube,6e22d84a7c66592d1d75850d91b0505038c32dcc098ddf543477acb9c76900d9,ood,reviewed,,Lello,2026-04-22T09:58:39+00:00,1
img_00013565,images/img_00013565.jpg,04_telegram_youtube,telegram_youtube,abe731eaaded6d9ab18483f78843bce6baf10bbb638c791a8e1f42031c340948,weapon,reviewed,,Lello,2026-04-22T09:58:40+00:00,1
img_00013566,images/img_00013566.jpg,04_telegram_youtube,telegram_youtube,d063916765fe92803578e8da76c181e6bac03c81dc48724022cfcfcb88a5d488,weapon,reviewed,,Lello,2026-04-22T09:58:42+00:00,1
img_00013567,images/img_00013567.jpg,04_telegram_youtube,telegram_youtube,c138637612d9dacc667b9de9f145711ae9ab820d1a63818375280d2719789120,weapon,reviewed,,Lello,2026-04-22T09:58:43+00:00,1
img_00013568,images/img_00013568.jpg,04_telegram_youtube,telegram_youtube,35065c85fd3bc880da0fd36a3938786c0609224518b58cb67d3d6e28c637f6a0,weapon,reviewed,,Lello,2026-04-22T09:58:45+00:00,1
img_00013569,images/img_00013569.jpg,04_telegram_youtube,telegram_youtube,6aa10e9972a41f7ecf2a60bddbfe3d5793e38257269cdcfef295fce86e9b7ff0,weapon,reviewed,,Lello,2026-04-22T09:58:48+00:00,1
img_00013570,images/img_00013570.jpg,04_telegram_youtube,telegram_youtube,deda6ec2cf8cb51f569ee8043ec6ffa98a0a241386ab1e93a279b0bf512c2f06,weapon,reviewed,,Lello,2026-04-22T09:58:49+00:00,1
img_00013571,images/img_00013571.jpg,04_telegram_youtube,telegram_youtube,b0b4dba9b1177024a8aba196764112047b1b6225a125c82ad6b4b818879d41ff,weapon,reviewed,,Lello,2026-04-22T09:58:51+00:00,1
img_00013572,images/img_00013572.jpg,04_telegram_youtube,telegram_youtube,2139c2e6d3e4c8c14c58074b51793099709a6092029dec666b0979ee687cc4b1,weapon,reviewed,,Lello,2026-04-22T09:58:53+00:00,1
img_00013573,images/img_00013573.jpg,04_telegram_youtube,telegram_youtube,c82b8a0d649b6cec96658f655b859ab9176399083bf294eccdceb0a18be4afb2,weapon,reviewed,,Lello,2026-04-22T09:58:54+00:00,1
img_00013574,images/img_00013574.jpg,04_telegram_youtube,telegram_youtube,6b1725acfc1c4e67662a0e899f4dde0b522a55e68a2a63219c3eacd29cc3d0fc,weapon,reviewed,,Lello,2026-04-22T09:58:56+00:00,1
img_00013575,images/img_00013575.jpg,04_telegram_youtube,telegram_youtube,389a2e074eb31e14b6b1fe923c49eed765aea439dbd102d2dd2156d1b78c29aa,weapon,reviewed,,Lello,2026-04-22T09:58:57+00:00,1
img_00013576,images/img_00013576.jpg,04_telegram_youtube,telegram_youtube,0913510166105aa2cd2030d1c27d0aaa81bae1fd530738f457636ab302586186,weapon,reviewed,,Lello,2026-04-22T09:58:58+00:00,1
img_00013577,images/img_00013577.jpg,04_telegram_youtube,telegram_youtube,927e40fd09ed287c94707128a031d3ed893b0da7a09baf65030f207f95814dc1,weapon,reviewed,,Lello,2026-04-22T09:59:00+00:00,1
img_00013578,images/img_00013578.jpg,04_telegram_youtube,telegram_youtube,3c081df04cd6e01f07fa8bc06b17c1468b43d838c02c29d394afba55b023f342,weapon,reviewed,,Lello,2026-04-22T09:59:01+00:00,1
img_00013579,images/img_00013579.jpg,04_telegram_youtube,telegram_youtube,78f2458a0bcf4e03a50e80ed2017149d28396ade08970d8226741240b9fe54bc,weapon,reviewed,,Lello,2026-04-22T09:59:03+00:00,1
img_00013580,images/img_00013580.jpg,04_telegram_youtube,telegram_youtube,2f181bfe6704e82ea90dddc76eae2f38308f165af69ec25f8c2df8af23bd4bef,weapon,reviewed,,Lello,2026-04-22T09:59:05+00:00,1
img_00013581,images/img_00013581.jpg,04_telegram_youtube,telegram_youtube,2af856f48860f568d302109f84d29e2181975abbe554334f4ef17be2c59cd1c5,weapon,reviewed,,Lello,2026-04-22T09:59:06+00:00,1
img_00013582,images/img_00013582.jpg,04_telegram_youtube,telegram_youtube,ceae891696ba543da243f642b8049ea9a4a6c7c03798b1e2854c7a52c3b296db,weapon,reviewed,,Lello,2026-04-22T09:59:08+00:00,1
img_00013583,images/img_00013583.jpg,04_telegram_youtube,telegram_youtube,2c612531556932f86973676aa249e1500e6c449eac175d8ad6cb8ab5e06f6ca5,weapon,reviewed,,Lello,2026-04-22T09:59:09+00:00,1
img_00013584,images/img_00013584.jpg,04_telegram_youtube,telegram_youtube,16fa3dd2f7454309ebc11e34367c9ec769de5aefd98bbd89fef341891223360e,weapon,reviewed,,Lello,2026-04-22T09:59:11+00:00,1
img_00013585,images/img_00013585.jpg,04_telegram_youtube,telegram_youtube,2bf440ef8a9c241e86345b38da386e71afdf2175567851271af3a4925104ac35,weapon,reviewed,,Lello,2026-04-22T09:59:12+00:00,1
img_00013586,images/img_00013586.jpg,04_telegram_youtube,telegram_youtube,ce9532fb0efa696e2be685425f99c3e68f7ad0d584f50b2216652a4273fb98f8,weapon,reviewed,,Lello,2026-04-22T09:59:13+00:00,1
img_00013587,images/img_00013587.jpg,04_telegram_youtube,telegram_youtube,90e59a649994140e752227ba227dd54fc45c5acd82f7bc1de94495bd39896d7a,weapon,reviewed,,Lello,2026-04-22T09:59:15+00:00,1
img_00013588,images/img_00013588.jpg,04_telegram_youtube,telegram_youtube,1857259125d2e2ec13522dff2daaed2aee95f3e2a316408b66b2a2d3f344dd40,weapon,reviewed,,Lello,2026-04-22T09:59:16+00:00,1
img_00013589,images/img_00013589.jpg,04_telegram_youtube,telegram_youtube,2b79323650f7625e46914d2b27a6697efbade529ce360b3c25208d8da7c9ada2,weapon,reviewed,,Lello,2026-04-22T09:59:18+00:00,1
img_00013590,images/img_00013590.jpg,04_telegram_youtube,telegram_youtube,affbe657a011b1c4d92554a9c0f15b58645bec94d2b2b70a3546c8be9d568da3,weapon,reviewed,,Lello,2026-04-22T09:59:19+00:00,1
img_00013591,images/img_00013591.jpg,04_telegram_youtube,telegram_youtube,77b7418b1c365803b8a722e77f16a247c27199c7478734bec75a182f4d31f907,weapon,reviewed,,Lello,2026-04-22T09:59:21+00:00,1
img_00013592,images/img_00013592.jpg,04_telegram_youtube,telegram_youtube,5181dd129cd016c5556499f895b49a83f293ddc52f0755e8f8a314523416bc34,weapon,reviewed,,Lello,2026-04-22T09:59:23+00:00,1
img_00013593,images/img_00013593.jpg,04_telegram_youtube,telegram_youtube,a3126d1bff4831bfcc2b9b0cd57360241ea76d957623780b38ff94d44f659db2,weapon,reviewed,,Lello,2026-04-22T09:59:24+00:00,1
img_00013594,images/img_00013594.jpg,04_telegram_youtube,telegram_youtube,eaa7c000413ab51f2fb4405ee4cd68962d8be25009deb4c648f9f1e9205c8cbf,weapon,reviewed,,Lello,2026-04-22T09:59:26+00:00,1
img_00013595,images/img_00013595.jpg,04_telegram_youtube,telegram_youtube,21d924e3d41e544e093bf1904138b748d416eaac12347d775b4632c250e1ca45,non_weapon,reviewed,,Lello,2026-04-22T09:59:28+00:00,1
img_00013596,images/img_00013596.jpg,04_telegram_youtube,telegram_youtube,49797de8b7b037f83c8f6092e266b55cc4cc673448ad85b006361d20ab70b939,weapon,reviewed,,Lello,2026-04-22T09:59:30+00:00,1
img_00013597,images/img_00013597.jpg,04_telegram_youtube,telegram_youtube,3b796de78e45b2ab17cbd063d9b315f9e963d469a0cadae1c6285a8cb0d35cd8,weapon,reviewed,,Lello,2026-04-22T09:59:31+00:00,1
img_00013598,images/img_00013598.jpg,04_telegram_youtube,telegram_youtube,326ad2a52065f359cf0ac52b3a0422d56fd9dd1310525005d98628b501adcc38,weapon,reviewed,,Lello,2026-04-22T09:59:33+00:00,1
img_00013599,images/img_00013599.jpg,04_telegram_youtube,telegram_youtube,09067789f07467a29a1ad4f7b00779785d1e02d59d581e55e891c0c951e1aae9,weapon,reviewed,,Lello,2026-04-22T09:59:34+00:00,1
img_00013600,images/img_00013600.jpg,04_telegram_youtube,telegram_youtube,9fc7cbd228b55c617b2ac00e28dff6f8caf621368a34a337656eb85a23e8e010,non_weapon,reviewed,,Lello,2026-04-22T09:59:36+00:00,1
img_00013601,images/img_00013601.jpg,04_telegram_youtube,telegram_youtube,dcd5e64630c3b8bd2a52af3d23af96d58bd5ebd47d5e858e098dde45c35f4271,weapon,reviewed,,Lello,2026-04-22T09:59:38+00:00,1
img_00013602,images/img_00013602.jpg,04_telegram_youtube,telegram_youtube,a1ac5cc04f85f31c3cf83615c7456ec5190cbc0d6de33ad3537b3da70b25ae71,weapon,reviewed,,Lello,2026-04-22T09:59:39+00:00,1
img_00013603,images/img_00013603.jpg,04_telegram_youtube,telegram_youtube,02f5d00cfff218768dbe116c25d12bac71d8f57a88896b99657d2cabf3d9c3cd,weapon,reviewed,,Lello,2026-04-22T09:59:41+00:00,1
img_00013604,images/img_00013604.jpg,04_telegram_youtube,telegram_youtube,1c5f03bed7b125ef82df211dafd4c2dda034593326e44961448f5009b48e69fe,weapon,reviewed,,Lello,2026-04-22T09:59:43+00:00,1
img_00013605,images/img_00013605.jpg,04_telegram_youtube,telegram_youtube,2ba711ac1924f9200b462a1ffbc4beb052f8d510460d9fbdd6b816baa71c19da,weapon,reviewed,,Lello,2026-04-22T09:59:44+00:00,1
img_00013606,images/img_00013606.jpg,04_telegram_youtube,telegram_youtube,2f0626219aa6bdd667b618dfeaa77947ec2bfe255b857c2e84c7baa9d71442e3,weapon,reviewed,,Lello,2026-04-22T09:59:46+00:00,1
img_00013607,images/img_00013607.jpg,04_telegram_youtube,telegram_youtube,385cb7b800e2c424f7786d154c9fb0d250b3f0f8e6b429fc5cbc941fba9707e1,weapon,reviewed,,Lello,2026-04-22T09:59:47+00:00,1
img_00013608,images/img_00013608.jpg,04_telegram_youtube,telegram_youtube,7b2ffa2c621639b8f6a4e1388cf4946299dffc63e1c919b5d6649402d01735b3,weapon,reviewed,,Lello,2026-04-22T09:59:49+00:00,1
img_00013609,images/img_00013609.jpg,04_telegram_youtube,telegram_youtube,6ee0bb9aba2477748ffba27a16ec35de0b503c949adb8a670b2a170b1472ef8c,weapon,reviewed,,Lello,2026-04-22T09:59:50+00:00,1
img_00013610,images/img_00013610.jpg,04_telegram_youtube,telegram_youtube,c18992962feab3f3cdf044a1385f6b86f9bc8ba5755c2393248e158dddc7ed53,weapon,reviewed,,Lello,2026-04-22T09:59:52+00:00,1
img_00013611,images/img_00013611.jpg,04_telegram_youtube,telegram_youtube,4df9732d9c760a249356fe9f12bc8dfe57ab045e79119b96a250b29ed213a2e3,weapon,reviewed,,Lello,2026-04-22T09:59:53+00:00,1
img_00013612,images/img_00013612.jpg,04_telegram_youtube,telegram_youtube,aa9050a3907b71d3ec6f4aac61a42243011e9d3d22aa9b5b7f043a941f13cba6,,pending,,,,1
img_00013613,images/img_00013613.jpg,04_telegram_youtube,telegram_youtube,33d26c69201fda9fd336f5e444070d53c4c6633be73cdce564cc9116099dbbfc,non_weapon,reviewed,,Lello,2026-04-22T09:59:57+00:00,1
img_00013614,images/img_00013614.jpg,04_telegram_youtube,telegram_youtube,37ada87f72c7005e37edd8ccb95d4dcbc2a55753f970ce68c96288cf360f8141,non_weapon,reviewed,,Lello,2026-04-22T10:00:09+00:00,1
img_00013615,images/img_00013615.jpg,04_telegram_youtube,telegram_youtube,67238c60be16c2a2b9c90564c27d9f4007de9abb030f2a7d1f601a45ba9b337c,non_weapon,reviewed,,Lello,2026-04-22T10:00:12+00:00,1
img_00013616,images/img_00013616.jpg,04_telegram_youtube,telegram_youtube,305e650fec941222bd775c322cf3e9ab346dffbe289611862fd8f958c9bc0287,non_weapon,reviewed,,Lello,2026-04-22T10:00:19+00:00,1
img_00013617,images/img_00013617.jpg,04_telegram_youtube,telegram_youtube,1f872da4d9f0a0bcac3dcf76ccfb61802872cd624fbc64251ab713339ebd0f95,non_weapon,reviewed,,Lello,2026-04-22T10:00:21+00:00,1
img_00013618,images/img_00013618.jpg,04_telegram_youtube,telegram_youtube,e45b9ed249f0332e096a7c626c18051a7f60db2f64df4221296275a9ed46ee0e,non_weapon,reviewed,,Lello,2026-04-22T10:00:23+00:00,1
img_00013619,images/img_00013619.jpg,04_telegram_youtube,telegram_youtube,f68b0aa2dbda07e831e6aa8a46560e1791c1bdeb55f040f6471b178c048e5a5f,weapon,reviewed,,Lello,2026-04-22T10:00:25+00:00,1
img_00013620,images/img_00013620.jpg,04_telegram_youtube,telegram_youtube,07ee63ddf750ab70f4cc7dc64903fcbcce15b4be24eaf114930683eac6251d35,weapon,reviewed,,Lello,2026-04-22T10:00:26+00:00,1
img_00013621,images/img_00013621.jpg,04_telegram_youtube,telegram_youtube,7f83c9960b3bba02d466d625dbe19f13713744ff36fbc60b5c0fee9d8b7bd192,weapon,reviewed,,Lello,2026-04-22T10:00:28+00:00,1
img_00013622,images/img_00013622.jpg,04_telegram_youtube,telegram_youtube,057d7a0faba708b80621be5a83987a534dfea122e31d39729a5e847850aa3ce5,weapon,reviewed,,Lello,2026-04-22T10:00:30+00:00,1
img_00013623,images/img_00013623.jpg,04_telegram_youtube,telegram_youtube,42c38f7af78c1cae657719cacf0e1a1b9f674e4eb58ba0a81a890dd670154faa,weapon,reviewed,,Lello,2026-04-22T10:00:32+00:00,1
img_00013624,images/img_00013624.jpg,04_telegram_youtube,telegram_youtube,138c340e8fcc1fc993ecc183e9c0e0569276dedaa59d96b1aa5d9b76afbdbd3b,weapon,reviewed,,Lello,2026-04-22T10:00:34+00:00,1
img_00013625,images/img_00013625.jpg,04_telegram_youtube,telegram_youtube,dc16b328577c188de5d87582cc28fba547d8f0df67d281192c0e2a3de4db05e9,weapon,reviewed,,Lello,2026-04-22T10:00:36+00:00,1
img_00013626,images/img_00013626.jpg,04_telegram_youtube,telegram_youtube,bf8f5fc00dc46603dfb28cd66b911833e1d4f933b9e4be20f2a93dfda96c6830,,pending,,,,1
img_00013627,images/img_00013627.jpg,04_telegram_youtube,telegram_youtube,ded307069914066eb27b2f7a397e5ac7c8c7e66e95f9b567963c1a59858f7a0a,weapon,reviewed,,Lello,2026-04-22T10:00:43+00:00,1
img_00013628,images/img_00013628.jpg,04_telegram_youtube,telegram_youtube,4b28dc69d320987cfad36521b21142f90d2f88bb9d0f507f5d3203345acc02b2,weapon,reviewed,,Lello,2026-04-22T10:00:45+00:00,1
img_00013629,images/img_00013629.jpg,04_telegram_youtube,telegram_youtube,51543a43330c00d42cdea1bcbb7493e82ecfa430b339af904a86da3de9ee5515,weapon,reviewed,,Lello,2026-04-22T10:00:47+00:00,1
img_00013630,images/img_00013630.jpg,04_telegram_youtube,telegram_youtube,1f806c47afcf8264f9077f6548c0f59526ad40488945e739e3b4cb137bac68f9,weapon,reviewed,,Lello,2026-04-22T10:00:48+00:00,1
img_00013631,images/img_00013631.jpg,04_telegram_youtube,telegram_youtube,0ce96ecd5fdcd3e344e9a63105340441aaa4f2a9f387f41bd4a7c5c08cd6787e,,pending,,,,1
img_00013632,images/img_00013632.jpg,04_telegram_youtube,telegram_youtube,6ce45d0d6fad4cf55d3eb9b6cc9bfce78c4e679c336e7ea801a1d780e7c1fcad,,pending,,,,1
img_00013633,images/img_00013633.jpg,04_telegram_youtube,telegram_youtube,4faa4c1dfeb8fe2e8d80414eaaf059e8b0f2dd640e677d0fbf01904de7a041f7,,pending,,,,1
img_00013634,images/img_00013634.jpg,04_telegram_youtube,telegram_youtube,bab4015db728a81729ef1f8e4f4c8d8d7b9c8e0f0e44533b6ac15133bc7db699,,pending,,,,1
img_00013635,images/img_00013635.jpg,04_telegram_youtube,telegram_youtube,b7a9a6002a479ea25618feb8b6ca1df85a2887f300054dfde53a5842ea1b0554,weapon,reviewed,,Lello,2026-04-22T10:00:53+00:00,1
img_00013636,images/img_00013636.jpg,04_telegram_youtube,telegram_youtube,d80bcea444cff48cf9062fa2db11e72c8a4f4ae48ad2ef8b6ba19e2679cdebd8,,pending,,,,1
img_00013637,images/img_00013637.jpg,04_telegram_youtube,telegram_youtube,2a7cb7ace20608193574e7f9a685bbe0b221918f34006bfabb198ddfdf3b70df,,pending,,,,1
img_00013638,images/img_00013638.jpg,04_telegram_youtube,telegram_youtube,d4170fe19c0e804882179bfd9e820724fe2837124672d8c0eb002b7df3ed4aa4,weapon,reviewed,,Lello,2026-04-22T10:00:51+00:00,1
img_00013639,images/img_00013639.jpg,04_telegram_youtube,telegram_youtube,3bf5e21bfe2880669b605af3e7296fc6721bfa62b80dcb1f071ab11c98b7813d,,pending,,,,1
img_00013640,images/img_00013640.jpg,04_telegram_youtube,telegram_youtube,abd46207fea7e9b7ff69894b992d1c1e674a8ecbe84b5127ee018c1940cbdf07,,pending,,,,1
img_00013641,images/img_00013641.jpg,04_telegram_youtube,telegram_youtube,4a70129189430a1377a8cba46db35d2c1160b4c53eafa13bb31330db22eeefce,weapon,reviewed,,Lello,2026-04-22T10:00:56+00:00,1
img_00013642,images/img_00013642.jpg,04_telegram_youtube,telegram_youtube,ea3aaf6811629aeac99da449bef618bfbfa1ff3ebcdce9bbb1dc82e303cb55ee,,pending,,,,1
img_00013643,images/img_00013643.jpg,04_telegram_youtube,telegram_youtube,08a3c0f55ede56426e242bdbe75a14a836f903521fb8f7d39c3dfeedb4b4e71c,weapon,reviewed,,Lello,2026-04-22T10:01:00+00:00,1
img_00013644,images/img_00013644.jpg,04_telegram_youtube,telegram_youtube,7dc86a8df0a01e3c6f8a9c3c8c5ea29e34eecfec9fa7a5a47dc6a325b6b1fadf,weapon,reviewed,,Lello,2026-04-22T10:56:27+00:00,1
img_00013645,images/img_00013645.jpg,04_telegram_youtube,telegram_youtube,2b19e217a3277013f020f91b73b3cb1e0d30c17718bc9ce46d745c43e612879d,,pending,,,,1
img_00013646,images/img_00013646.jpg,04_telegram_youtube,telegram_youtube,a2be30f74a8022a9bd1443b5ee6c2152e9a24a142385366cbaf58871b3987362,,pending,,,,1
img_00013647,images/img_00013647.jpg,04_telegram_youtube,telegram_youtube,d4c73d065e4277480e64dd5c8e4dc63ba5f66ab138f64759140aab71e6803e52,weapon,reviewed,,Lello,2026-04-22T10:56:17+00:00,1
img_00013648,images/img_00013648.jpg,04_telegram_youtube,telegram_youtube,a0a465b1506f986fbc30bba62db0026a93429c646fa767c601d1879e7fb6c407,,pending,,,,1
img_00013649,images/img_00013649.jpg,04_telegram_youtube,telegram_youtube,58415361300c1f052dc8f1d61a0cb0da8ada982cfa5cb203be0718a7ad7f854d,weapon,reviewed,,Lello,2026-04-22T10:56:21+00:00,1
img_00013650,images/img_00013650.jpg,04_telegram_youtube,telegram_youtube,c34a75346de0a56b0acd13069d9f457b1d43d300434c63bbe4019ca8c10c171c,non_weapon,reviewed,,Lello,2026-04-22T10:01:06+00:00,1
img_00013651,images/img_00013651.jpg,04_telegram_youtube,telegram_youtube,d02310b2a8eec8e7b583793dfafe9eb36180216b84b6f36e4367f88ee2320034,,pending,,,,1
img_00013652,images/img_00013652.jpg,04_telegram_youtube,telegram_youtube,2614471ba152ee6bb88f7105f05d8c1a8b78e42237c9a5c0ea05941175df7c07,weapon,reviewed,,Lello,2026-04-22T10:56:23+00:00,1
img_00013653,images/img_00013653.jpg,04_telegram_youtube,telegram_youtube,b73011a9210d14fb8e56e4d4435901a495cc5f9b699d9e108998a98b1bb90300,,pending,,,,1
img_00013654,images/img_00013654.jpg,04_telegram_youtube,telegram_youtube,87bed816eed1af2b9852210612d55f2034b5e795e8513c1d62d9504ad90ec183,,pending,,,,1
img_00013655,images/img_00013655.jpg,04_telegram_youtube,telegram_youtube,fa6618b6ccbe90fe6eda6dc96abcd88b4b3c04dd6529a5aedee0ede468f71703,,pending,,,,1
img_00013656,images/img_00013656.jpg,04_telegram_youtube,telegram_youtube,799484eb04f17f319e596c42fe605a238d9596effd613ea2d4603042f853b78b,,pending,,,,1
img_00013657,images/img_00013657.jpg,04_telegram_youtube,telegram_youtube,667d6f0625d7fe5d80887a24caab4993c609fdb820708a5309c5fa61ec3bf814,,pending,,,,1
img_00013658,images/img_00013658.jpg,04_telegram_youtube,telegram_youtube,682e29ca2c4829c0e3df4a9f97cbc3d344870cede526cda038599feaeb9bad71,,pending,,,,1
img_00013659,images/img_00013659.jpg,04_telegram_youtube,telegram_youtube,ab3d9810036a300d3b60fc1e512f5a9cd8997f9b68a502909898282e47fbc43a,,pending,,,,1
img_00013660,images/img_00013660.jpg,04_telegram_youtube,telegram_youtube,2b9d5018798f9b6f125ba6852ee275f4fbe98c6825488c18c998b362b3723d86,,pending,,,,1
img_00013661,images/img_00013661.jpg,04_telegram_youtube,telegram_youtube,6024d94364527fd6edb8096a0611681a5cea9204715df8990380f2b1787f3fd6,,pending,,,,1
img_00013662,images/img_00013662.jpg,04_telegram_youtube,telegram_youtube,73416bd8d1d756a89afaeaa884a42e36f32608e8be299f8f21251172118e5c76,,pending,,,,1
img_00013663,images/img_00013663.jpg,04_telegram_youtube,telegram_youtube,9e0e6432078968430f3a9a0a1f093052183f8abbba783ec1e8e01dd4b673fbc7,,pending,,,,1
img_00013664,images/img_00013664.jpg,04_telegram_youtube,telegram_youtube,94ab166e8fea03f42a07ba1b8d7d928c7c9f5205e2abfa8252f59d5b3270dbd4,,pending,,,,1
img_00013665,images/img_00013665.jpg,04_telegram_youtube,telegram_youtube,ca871a8c672fb680c72acef85f3da77d4f9fd1e8d9a8aa5395a001382a76a124,,pending,,,,1
img_00013666,images/img_00013666.jpg,04_telegram_youtube,telegram_youtube,206a6fa9079d143a1a173b8f62f26f076ed67920198d066c48bfc256c9c27311,,pending,,,,1
img_00013667,images/img_00013667.jpg,04_telegram_youtube,telegram_youtube,f6aa7112d8cf81bbffd1daca69f725880622daa6e06e918441392848c204c1ca,,pending,,,,1
img_00013668,images/img_00013668.jpg,04_telegram_youtube,telegram_youtube,55e78e3a0d9348fad2742f2a053893f2b5c2d2008d0ccb065a530175fa0c2786,,pending,,,,1
img_00013669,images/img_00013669.jpg,04_telegram_youtube,telegram_youtube,7f6a111a6c7a36c8a9723eee6015767ae616efbcfc45ecf07d8466890ad7ec7d,,pending,,,,1
img_00013670,images/img_00013670.jpg,04_telegram_youtube,telegram_youtube,aca8c8952916336f6f0cbcd507591c7cef34fcd13b965886cda1f330bec929b0,,pending,,,,1
img_00013671,images/img_00013671.jpg,04_telegram_youtube,telegram_youtube,4e820ee2a9793fa284709274f4f1eb790865acaf93d46a20a0467ec299d95642,,pending,,,,1
img_00013672,images/img_00013672.jpg,04_telegram_youtube,telegram_youtube,b0d1ceef4c5bfcbaabf78e4e5281b69deec0bd7f7284a4811578bac1fa7d65fe,,pending,,,,1
img_00013673,images/img_00013673.jpg,04_telegram_youtube,telegram_youtube,ea4ac4554ae7e54f24e812fd0a0e3a41aaa3f668b4707d9ff8fe3b8977067b35,,pending,,,,1
img_00013674,images/img_00013674.jpg,04_telegram_youtube,telegram_youtube,8f2a90c6175322321f4846fb936769915f405f44ad75ba4a9863ec7821563dc4,,pending,,,,1
img_00013675,images/img_00013675.jpg,04_telegram_youtube,telegram_youtube,fb2eafea639e67df532d930f7758a944a872bd2885248242a1195c38bd80f2cf,,pending,,,,1
img_00013676,images/img_00013676.jpg,04_telegram_youtube,telegram_youtube,8ce8b0a57f40d8d91066f7abd92fab2a6b0b34f4becdbb46e11458c5ff058d5e,,pending,,,,1
img_00013677,images/img_00013677.jpg,04_telegram_youtube,telegram_youtube,01f1b2bd1d9fd57db16e9a1883b077fe024c1d2bc2344e011ffcb0cbbc38c62e,,pending,,,,1
img_00013678,images/img_00013678.jpg,04_telegram_youtube,telegram_youtube,329315f9b1cda588c3b58e3ce23bd56e349d032c27762ffa9ab922edca1a7ffa,,pending,,,,1
img_00013679,images/img_00013679.jpg,04_telegram_youtube,telegram_youtube,7a6031d79a2d922c7d07f8687f496705613894a97c06815c9b5f292803c4c8d4,,pending,,,,1
img_00013680,images/img_00013680.jpg,04_telegram_youtube,telegram_youtube,53a462bbf37721494500989a2bce330f164bb8af7c8aa04c4766557a21974b94,,pending,,,,1
img_00013681,images/img_00013681.jpg,04_telegram_youtube,telegram_youtube,b22304ecc16e09b35fa6bec0ec9e42a268ecffd6ec7a9493547be27cd7903cd4,,pending,,,,1
img_00013682,images/img_00013682.jpg,04_telegram_youtube,telegram_youtube,d1d8f6c1350eed4159b259864124445c86f3686a3453cdd456485f3bf3dd78f4,,pending,,,,1
img_00013683,images/img_00013683.jpg,04_telegram_youtube,telegram_youtube,87fbaa7c69b152ce89e970b7f1b7cc037b4bc89d22649e2161681808b9508ee1,,pending,,,,1
img_00013684,images/img_00013684.jpg,04_telegram_youtube,telegram_youtube,959844531b5072e073feee880f5586102383111baa8004de374011a4010b11d0,,pending,,,,1
img_00013685,images/img_00013685.jpg,04_telegram_youtube,telegram_youtube,52faf2364cb9f2c7b60520de1ce219eaadedd9f4a9dd67a65b48acffe76fa377,,pending,,,,1
img_00013686,images/img_00013686.jpg,04_telegram_youtube,telegram_youtube,dcc26d9ace2a16760065e41057bfda8d7df48e70b83cf8a0c8d2ebb17c23c80a,non_weapon,reviewed,,Lello,2026-04-22T11:17:43+00:00,1
img_00013687,images/img_00013687.jpg,04_telegram_youtube,telegram_youtube,0abecfe488bb054d1c850da9e645f7d0c33e96876d2b5895fe3b0d45385d4450,,pending,,,,1
img_00013688,images/img_00013688.jpg,04_telegram_youtube,telegram_youtube,28d22507dbbbf8b59eceac200b020a392339a8a2634e84a7a8d168285ad30ab9,,pending,,,,1
img_00013689,images/img_00013689.jpg,04_telegram_youtube,telegram_youtube,a6b895dc31b751cbd42b612d8f6810d2715748e89e7b2908ecb8adfe819bf78f,,pending,,,,1
img_00013690,images/img_00013690.jpg,04_telegram_youtube,telegram_youtube,114f44c9227a5f43d0b59c98ffd2151c3fa831085bbd3e0384753814270edec6,,pending,,,,1
img_00013691,images/img_00013691.jpg,04_telegram_youtube,telegram_youtube,2e3ad43fd485389d88f76da77f6b21049a625b46f3e5b43c45fb1917aedc603d,,pending,,,,1
img_00013692,images/img_00013692.jpg,04_telegram_youtube,telegram_youtube,9d407851e6b4093a1425a230d32285535e921d8e661546e207c49a47ef52205e,,pending,,,,1
img_00013693,images/img_00013693.jpg,04_telegram_youtube,telegram_youtube,bdb48e2ac5c72575ece493da6b17f18917265e161c9e109dd76dad8553376b15,,pending,,,,1
img_00013694,images/img_00013694.jpg,04_telegram_youtube,telegram_youtube,c6f7c9832e6b90a4fb81aba83fa3ed5585f8436d5bee4fa734a27dce616bbe5f,,pending,,,,1
img_00013695,images/img_00013695.jpg,04_telegram_youtube,telegram_youtube,cea4252b9bd93e2a23c1dde34cd2438a92d863414b441deebc071fd3560e0546,,pending,,,,1
img_00013696,images/img_00013696.jpg,04_telegram_youtube,telegram_youtube,d7598ff6351fa29927597fe91772cdeb7cbe4108db7be238443744a0466d142e,,pending,,,,1
img_00013697,images/img_00013697.jpg,04_telegram_youtube,telegram_youtube,e956bbae3bb1aa8fead4b26c2143ee8f1791ebb71f91a6cd2ece5bd92e49545d,ood,reviewed,,Lello,2026-04-22T10:01:26+00:00,1
img_00013698,images/img_00013698.jpg,04_telegram_youtube,telegram_youtube,c2245322454f66acdf488ece6c213cbdd4178420baeccd25cc4d1e28791aa6cc,non_weapon,reviewed,,Lello,2026-04-22T10:01:28+00:00,1
img_00013699,images/img_00013699.jpg,04_telegram_youtube,telegram_youtube,70ed596b70d0271e5e2059982daef9d953e31bad2caca6327afdd36ca1d24c15,ood,reviewed,,Lello,2026-04-22T10:01:30+00:00,1
img_00013700,images/img_00013700.jpg,04_telegram_youtube,telegram_youtube,13e29a887b3315c25ac2e6e47a90f8c307977b2c3116b2a511e0d167bb824b22,non_weapon,reviewed,,Lello,2026-04-22T10:01:32+00:00,1
img_00013701,images/img_00013701.jpg,04_telegram_youtube,telegram_youtube,27d11e10376082e86e552a5ccd8bac8a0dcd6fc581828c2adce9f443cb2292a5,ood,reviewed,,Lello,2026-04-22T10:01:34+00:00,1
img_00013702,images/img_00013702.jpg,04_telegram_youtube,telegram_youtube,dedc88d64e094cc2107d3c23d55b28160a55ed7d97528feeec86ce2d0c5a9690,ood,reviewed,,Lello,2026-04-22T10:01:35+00:00,1
img_00013703,images/img_00013703.jpg,04_telegram_youtube,telegram_youtube,ccae60d21b20a92137d2f0813f5086be448aaa3c1186122c8ee0f4bda23724ed,weapon,reviewed,,Lello,2026-04-22T10:01:49+00:00,1
img_00013704,images/img_00013704.jpg,04_telegram_youtube,telegram_youtube,05b59e06d1596ac13b885a2e3aef65b56fc599f158c53b116e74356b699227f7,ood,reviewed,,Lello,2026-04-22T10:01:50+00:00,1
img_00013705,images/img_00013705.jpg,04_telegram_youtube,telegram_youtube,810eb9d52a359ae597a7470940684570048b005c749acced8b8b4a748e7a6586,ood,reviewed,,Lello,2026-04-22T10:01:52+00:00,1
img_00013706,images/img_00013706.jpg,04_telegram_youtube,telegram_youtube,4dcc51ce527d6606bc2c5a23cf51b6c4400ccf5f4a9dc42801941dae8964ad62,ood,reviewed,,Lello,2026-04-22T10:01:53+00:00,1
img_00013707,images/img_00013707.jpg,04_telegram_youtube,telegram_youtube,0b5bb87031342fb8985c67f7eeba03374c84774566e763e288d6bb64a80ccf9e,ood,reviewed,,Lello,2026-04-22T10:01:55+00:00,1
img_00013708,images/img_00013708.jpg,04_telegram_youtube,telegram_youtube,12d6a90ea39e1b081ef67baf9b60dc65f98d01799fd88a611632e2ab329a3579,ood,reviewed,,Lello,2026-04-22T10:01:56+00:00,1
img_00013709,images/img_00013709.jpg,04_telegram_youtube,telegram_youtube,a1cf2f887ccd6bd1fd65f1d10ba37acc7e2dc03afda65bfa400fe778d94c723f,ood,reviewed,,Lello,2026-04-22T10:01:58+00:00,1
img_00013710,images/img_00013710.jpg,04_telegram_youtube,telegram_youtube,51da62d2d0421bf6af5bb4f3bd12861bb1d2f4776a6c2d658b14f24174fae254,ood,reviewed,,Lello,2026-04-22T10:01:59+00:00,1
img_00013711,images/img_00013711.jpg,04_telegram_youtube,telegram_youtube,92a950310f31bbdfef65cd6d41c57e625f7da380f165f14054593c212f7b3078,ood,reviewed,,Lello,2026-04-22T10:02:02+00:00,1
img_00013712,images/img_00013712.jpg,04_telegram_youtube,telegram_youtube,1e2f45d649d0e09d949296c88e6cab53734e0ec990e5c20b1f17cae5a8c027bf,ood,reviewed,,Lello,2026-04-22T10:02:03+00:00,1
img_00013713,images/img_00013713.jpg,04_telegram_youtube,telegram_youtube,d1e1677e08e2ed8259e43ff5dc3d6cb47aa6b8cdf4b0e6564a226963177f3f2f,ood,reviewed,,Lello,2026-04-22T10:02:04+00:00,1
img_00013714,images/img_00013714.jpg,04_telegram_youtube,telegram_youtube,3f9561bc55c876aff3b9f0ac0d8547cd037b359c07ad25623e9bd5824bd4d5a0,ood,reviewed,,Lello,2026-04-22T10:02:06+00:00,1
img_00013715,images/img_00013715.jpg,04_telegram_youtube,telegram_youtube,53dee928db784be30662a358f7953baddeeab04089c7181078f6956bf45168f4,ood,reviewed,,Lello,2026-04-22T10:02:07+00:00,1
img_00013716,images/img_00013716.jpg,04_telegram_youtube,telegram_youtube,d28bb8dedb25911bb46fdb23439bad5cecc64aa6fa4a845f9dfe7b5be48c151e,ood,reviewed,,Lello,2026-04-22T10:02:10+00:00,1
img_00013717,images/img_00013717.jpg,04_telegram_youtube,telegram_youtube,19cf0f632f2ad50993904e24447d7a8bf3cac4fcd3957e60b0b04d44e2b181eb,ood,reviewed,,Lello,2026-04-22T10:02:13+00:00,1
img_00013718,images/img_00013718.jpg,04_telegram_youtube,telegram_youtube,a283225ed81352bf1d24a98de98519d9f221c5433cec02de2e4933039479b228,ood,reviewed,,Lello,2026-04-22T10:02:15+00:00,1
img_00013719,images/img_00013719.jpg,04_telegram_youtube,telegram_youtube,4b311b1e6e3f724af127be1c6074be7beab0878a24fb3bfd64a1f2bbb87a60a0,ood,reviewed,,Lello,2026-04-22T10:02:17+00:00,1
img_00013720,images/img_00013720.jpg,04_telegram_youtube,telegram_youtube,eee50f98fb95ac8a31ae9d6a44f1e7adaad34e7138228414cd70a60043751a8a,ood,reviewed,,Lello,2026-04-22T10:02:19+00:00,1
img_00013721,images/img_00013721.jpg,04_telegram_youtube,telegram_youtube,5a367aa43abec941429c169d63bdfaf39b3424fab0990cfcfd00490b8aeb869a,ood,reviewed,,Lello,2026-04-22T10:02:20+00:00,1
img_00013722,images/img_00013722.jpg,04_telegram_youtube,telegram_youtube,f716c28573553e3561e5d1043f6fc677712b3a3e3c3de637f29151bb4fad9cc7,ood,reviewed,,Lello,2026-04-22T10:02:24+00:00,1
img_00013723,images/img_00013723.jpg,04_telegram_youtube,telegram_youtube,4253d6f5e50f2656304321b3e2f7694f0b23fcef321bd6b4c00189c212fc9569,ood,reviewed,,Lello,2026-04-22T10:02:28+00:00,1
img_00013724,images/img_00013724.jpg,04_telegram_youtube,telegram_youtube,4c4c62cf5324c26b25867167c102e3d805ff95a52304d077e0fd56f13ae5fef5,ood,reviewed,,Lello,2026-04-22T10:02:30+00:00,1
img_00013725,images/img_00013725.jpg,04_telegram_youtube,telegram_youtube,8640d6dabcd02362a81b087b404091fcb84fc78acc57b4bf1fffc89e71596111,ood,reviewed,,Lello,2026-04-22T10:02:31+00:00,1
img_00013726,images/img_00013726.jpg,04_telegram_youtube,telegram_youtube,48f68978782953936c8e18ebba83b8877a45f2f44f0bfcff0ae8db74f8dd3bfe,ood,reviewed,,Lello,2026-04-22T10:02:34+00:00,1
img_00013727,images/img_00013727.jpg,04_telegram_youtube,telegram_youtube,32c91dd2758a08ea218356a766521ac03ed7004b77a154b5d4da7681703fe865,ood,reviewed,,Lello,2026-04-22T10:02:43+00:00,1
img_00013728,images/img_00013728.jpg,04_telegram_youtube,telegram_youtube,de5366ec2851ffc6a7bb86013790e43e688a192f5d707b97eb9ad06c964b3eef,ood,reviewed,,Lello,2026-04-22T10:02:45+00:00,1
img_00013729,images/img_00013729.jpg,04_telegram_youtube,telegram_youtube,29d0cf7d59c1b8f88e8f4c9b93dc53b1baafdc99c8a78df7a8323acfab1bdf33,ood,reviewed,,Lello,2026-04-22T10:02:47+00:00,1
img_00013730,images/img_00013730.jpg,04_telegram_youtube,telegram_youtube,eb9b4ff142285457becedcad0a15d97b50825998b5348b0177fa377dfc19eb6f,ood,reviewed,,Lello,2026-04-22T10:02:48+00:00,1
img_00013731,images/img_00013731.jpg,04_telegram_youtube,telegram_youtube,aad43d5714862308d7909ab7b10881aa4fe2fc159395bcc0cb9ec0dacefd777d,ood,reviewed,,Lello,2026-04-22T10:02:50+00:00,1
img_00013732,images/img_00013732.jpg,04_telegram_youtube,telegram_youtube,120263a7a1c93fb6c44d9c20c85f6ec51d5699cd61f9cf9f1483695372a34f52,ood,reviewed,,Lello,2026-04-22T10:02:51+00:00,1
img_00013733,images/img_00013733.jpg,04_telegram_youtube,telegram_youtube,d20e93f1ccbc59860a666e6539c1f6d3a859716857d9037ed428f96ff1cfc94c,ood,reviewed,,Lello,2026-04-22T10:02:52+00:00,1
img_00013734,images/img_00013734.jpg,04_telegram_youtube,telegram_youtube,d50f8da9c842b2ee5222b7c3de7e14094f07a809fbda12a1c30cd4351f3a567d,ood,reviewed,,Lello,2026-04-22T10:02:53+00:00,1
img_00013735,images/img_00013735.jpg,04_telegram_youtube,telegram_youtube,bd4e88ca7680df429a75b9a56be054daeecb2249de4f5d8688025641aed223f2,ood,reviewed,,Lello,2026-04-22T10:02:54+00:00,1
img_00013736,images/img_00013736.jpg,04_telegram_youtube,telegram_youtube,693ae6e4b3bd43a438bffd6e5e5ec379664ef77a0baa3b15d6cdc90212196a9e,ood,reviewed,,Lello,2026-04-22T10:03:07+00:00,1
img_00013737,images/img_00013737.jpg,04_telegram_youtube,telegram_youtube,fdf30aa02165fb5deb2339c7a04714b4cb1a5f3059dbbe33ed12506d99916845,ood,reviewed,,Lello,2026-04-22T10:03:09+00:00,1
img_00013738,images/img_00013738.jpg,04_telegram_youtube,telegram_youtube,8ec25225ea9c0706c6ab2fb7a7c404329ca65a93a7430a4bf44cfddb97680683,ood,reviewed,,Lello,2026-04-22T10:03:10+00:00,1
img_00013739,images/img_00013739.jpg,04_telegram_youtube,telegram_youtube,9222b2e67bddcd5c422328deb0375e6c95c8161c087b32feef7e45c80708163a,ood,reviewed,,Lello,2026-04-22T10:03:11+00:00,1
img_00013740,images/img_00013740.jpg,04_telegram_youtube,telegram_youtube,454785265ed3121423d05d7fb665e9ee816d1ef61fd5f71b44bc16d615fe9698,ood,reviewed,,Lello,2026-04-22T10:03:13+00:00,1
img_00013741,images/img_00013741.jpg,04_telegram_youtube,telegram_youtube,2223b5fa1959634bcb57ae965cdc85a2c71374aa246d36431c2d00dd3721c6ae,ood,reviewed,,Lello,2026-04-22T10:03:14+00:00,1
img_00013742,images/img_00013742.jpg,04_telegram_youtube,telegram_youtube,c5c726d1a94b9ee7804f2fae7214a428fad1ee0b7f747e170fe07ab5ce93fc83,ood,reviewed,,Lello,2026-04-22T10:03:16+00:00,1
img_00013743,images/img_00013743.jpg,04_telegram_youtube,telegram_youtube,052ce13561a0c4dbf1aacf77ec2d9f5062c6ff8eab3506336413acc65642ea26,ood,reviewed,,Lello,2026-04-22T10:03:18+00:00,1
img_00013744,images/img_00013744.jpg,04_telegram_youtube,telegram_youtube,618562d4f5dd8c23edc8e35530718f0766b271ad5e761b1622295cda8f53a811,ood,reviewed,,Lello,2026-04-22T10:03:19+00:00,1
img_00013745,images/img_00013745.jpg,04_telegram_youtube,telegram_youtube,83edb6e261df67869942f31c8b69300b544271d1577cd285645e9c22a0698e61,ood,reviewed,,Lello,2026-04-22T10:03:21+00:00,1
img_00013746,images/img_00013746.jpg,04_telegram_youtube,telegram_youtube,04d34b1f35eddaa2c903b0ef3e20b8bdb26bf0c7955bc77755263473e0c10d30,ood,reviewed,,Lello,2026-04-22T10:03:23+00:00,1
img_00013747,images/img_00013747.jpg,04_telegram_youtube,telegram_youtube,0d7c4f245e322030f89473dcd371c7974b0cd5c5fbbfd942fbf0b76a55fdff5a,ood,reviewed,,Lello,2026-04-22T10:03:24+00:00,1
img_00013748,images/img_00013748.jpg,04_telegram_youtube,telegram_youtube,b70c93fc3b3e0513ac2e4f8a161a3ae7efee62f129fb0f9f2009b11a15a6b98a,ood,reviewed,,Lello,2026-04-22T10:03:26+00:00,1
img_00013749,images/img_00013749.jpg,04_telegram_youtube,telegram_youtube,8118ba45a9e90dca51f9213647fa7a5a553c440c0c55822045d91ffe0a39abf0,ood,reviewed,,Lello,2026-04-22T10:03:28+00:00,1
img_00013750,images/img_00013750.jpg,04_telegram_youtube,telegram_youtube,98feffabc43108c8a5a27a2e02ac4d1b66e8adccbdf0d0e7f057cca0403916b8,ood,reviewed,,Lello,2026-04-22T10:03:29+00:00,1
img_00013751,images/img_00013751.jpg,04_telegram_youtube,telegram_youtube,984b3006d681f575a952d639b811444bab660be6ec9328b45f0637b5ccc02a0e,ood,reviewed,,Lello,2026-04-22T10:03:30+00:00,1
img_00013752,images/img_00013752.jpg,04_telegram_youtube,telegram_youtube,6fb388ed2f7b0898a1a526f7ca041e2641b725bfccc631dbf966880b4c19ee2e,ood,reviewed,,Lello,2026-04-22T10:03:37+00:00,1
img_00013753,images/img_00013753.jpg,04_telegram_youtube,telegram_youtube,85205a4684feb726ea4445fa7eea75144be2849c1c048f0c019dac61ddcc9117,non_weapon,reviewed,,Lello,2026-04-22T11:17:48+00:00,1
img_00013754,images/img_00013754.jpg,04_telegram_youtube,telegram_youtube,e27edf90ec5df1b1e8a108f142a03eec9ed10e266ef6393a4037b7ff6f329267,,pending,,,,1
img_00013755,images/img_00013755.jpg,04_telegram_youtube,telegram_youtube,d87603367236bee3e27d797a6108fcb4be53cf2b6d9df425ac390423ebf3f9c9,ood,reviewed,,Lello,2026-04-22T10:03:50+00:00,1
img_00013756,images/img_00013756.jpg,04_telegram_youtube,telegram_youtube,43ebfc36010e9171fa52c604307bfa0f9d4347a71ed46016d0fe23147ac4dc54,ood,reviewed,,Lello,2026-04-22T10:03:52+00:00,1
img_00013757,images/img_00013757.jpg,04_telegram_youtube,telegram_youtube,34244cd4980c4402213de6d165e92ada9cd79d5b5a739c05c6758b17135ea79c,ood,reviewed,,Lello,2026-04-22T10:03:35+00:00,1
img_00013758,images/img_00013758.jpg,04_telegram_youtube,telegram_youtube,b0782d1fa2c4b39b7d858095097a38c8ac694e255d7405fb1182ac0d588e0559,,pending,,,,1
img_00013759,images/img_00013759.jpg,04_telegram_youtube,telegram_youtube,9cbb90875ee721ee98976d2dced443788217590210add75378956b5025671597,ood,reviewed,,Lello,2026-04-22T10:03:39+00:00,1
img_00013760,images/img_00013760.jpg,04_telegram_youtube,telegram_youtube,bdef230ca6995ae721ef4ac5a6b2c1f9184592bbb56054439f073d97e850def6,ood,reviewed,,Lello,2026-04-22T10:03:41+00:00,1
img_00013761,images/img_00013761.jpg,04_telegram_youtube,telegram_youtube,01a4fa45df2b149fd0a72d2b74f0bf8f9ed4f1b3afc021e0101c4504362d5b29,,pending,,,,1
img_00013762,images/img_00013762.jpg,04_telegram_youtube,telegram_youtube,4e9e1fd150ff0cf095df18d3570fc062e6a2ebce9bb6cd7c3e02a7372dc00f4b,,pending,,,,1
img_00013763,images/img_00013763.jpg,04_telegram_youtube,telegram_youtube,424853bbd87df663d97c1d0c552cdce4ce57175ef7ca5aedfd6c4fd0329b6c6a,,pending,,,,1
img_00013764,images/img_00013764.jpg,04_telegram_youtube,telegram_youtube,8f66ff7e17d3b23681b74c16945c7939423151c74bde45189ceb06670770a81c,ood,reviewed,,Lello,2026-04-22T10:03:47+00:00,1
img_00013765,images/img_00013765.jpg,04_telegram_youtube,telegram_youtube,4400c4fc457df572d8fc26c9d59cd91a552b81ca8d402153d9c81838613ee430,,pending,,,,1
img_00013766,images/img_00013766.jpg,04_telegram_youtube,telegram_youtube,d26027395d2aec4adb94d7f6dad7237f0875213817360ddca5a772bb95404d3d,,pending,,,,1
img_00013767,images/img_00013767.jpg,04_telegram_youtube,telegram_youtube,b24a46a8247491a695d9565bce8c7be87dd65f5f2c7cfe4211020560be82a902,,pending,,,,1
img_00013768,images/img_00013768.jpg,04_telegram_youtube,telegram_youtube,42a0d1d94944168333427b31fc120e71cca75b79b92e29dc79b8bc661eae73a2,,pending,,,,1
img_00013769,images/img_00013769.jpg,04_telegram_youtube,telegram_youtube,f8e48791f282253bedcb7e04b2e39d7d19bda331f188037ab8ab3e119fa41d99,ood,reviewed,,Lello,2026-04-22T10:04:01+00:00,1
img_00013770,images/img_00013770.jpg,04_telegram_youtube,telegram_youtube,78d649f63b1b935c6df34847420a8a4c9400d59b9d4deb039ac6a79871f96461,,pending,,,,1
img_00013771,images/img_00013771.jpg,04_telegram_youtube,telegram_youtube,9b580a823aeb1d69372473e758029896aa91a72d4c2d89a25b39d8cfac6c91d0,,pending,,,,1
img_00013772,images/img_00013772.jpg,04_telegram_youtube,telegram_youtube,a91409184281e3624bb80a040df0e3c9bd8b80b051d59c8aa8f58468207e1ff0,non_weapon,reviewed,,Lello,2026-04-22T11:18:00+00:00,1
img_00013773,images/img_00013773.jpg,04_telegram_youtube,telegram_youtube,01bba6240c00237b9689c2792f33e1ef5a06cc6fd9ac9486dc572c4e3bbf6227,ood,reviewed,,Lello,2026-04-22T10:04:07+00:00,1
img_00013774,images/img_00013774.jpg,04_telegram_youtube,telegram_youtube,c206d431a701a492f21772ce2cddde35b6d541b5d5757cbd517d3ca9274b259d,,pending,,,,1
img_00013775,images/img_00013775.jpg,04_telegram_youtube,telegram_youtube,0deff84d1da807005aa13dd03432f0d6756f54bf9bb1c50b2db2769d300461f2,,pending,,,,1
img_00013776,images/img_00013776.jpg,04_telegram_youtube,telegram_youtube,7896343efd84e5eb4bef2593e608411d88afb6fab901a317309e24a6326c4663,,pending,,,,1
img_00013777,images/img_00013777.jpg,04_telegram_youtube,telegram_youtube,2ab70d20d02ce25170c7fdbe39f8af5361226db228dd96cd6ac6834497806071,,pending,,,,1
img_00013778,images/img_00013778.jpg,04_telegram_youtube,telegram_youtube,e775ad02ed3e30fcfab51053d85e32f0b79789cc3a40b6c9e3201a6869fdaddd,ood,reviewed,,Lello,2026-04-22T10:04:05+00:00,1
img_00013779,images/img_00013779.jpg,04_telegram_youtube,telegram_youtube,c4a438a70b88f95c59522db6cc5e53847c5dcd2b05930ae0d58a2b9ca42882c8,ood,reviewed,,Lello,2026-04-22T10:04:10+00:00,1
img_00013780,images/img_00013780.jpg,04_telegram_youtube,telegram_youtube,8addbee6f01ca02a6e84a8dbf7266942e87339c3ed8921f93e3e3e4d2d88284c,,pending,,,,1
img_00013781,images/img_00013781.jpg,04_telegram_youtube,telegram_youtube,91dae554dd61a2593a0c587a9e1ae5d2accf6ae954bc5ebb70f505fa252f0a36,,pending,,,,1
img_00013782,images/img_00013782.jpg,04_telegram_youtube,telegram_youtube,9b8e6f33b5907d9f63611756f0ccaca9b298a2f3826d5b08847d2af34c89fbc9,ood,reviewed,,Lello,2026-04-22T10:04:15+00:00,1
img_00013783,images/img_00013783.jpg,04_telegram_youtube,telegram_youtube,067a0b6d0d5ba2d7ebea838562d087287fef418b3b90d64c39ddcf6f8e5a37ca,,pending,,,,1
img_00013784,images/img_00013784.jpg,04_telegram_youtube,telegram_youtube,74d52b8d05639c0e100082b9bce2a7c780b9274a9edeb6a02fd026777e68a3cf,,pending,,,,1
img_00013785,images/img_00013785.jpg,04_telegram_youtube,telegram_youtube,d9580a18401be901999c85d3a3f65a8dc5eaec273449aa59ef38d869ec2f7e1e,,pending,,,,1
img_00013786,images/img_00013786.jpg,04_telegram_youtube,telegram_youtube,063278904e72e455e5202dba573af9b5deb575fe4efafec18dc678011db2eaee,ood,reviewed,,Lello,2026-04-22T10:04:20+00:00,1
img_00013787,images/img_00013787.jpg,04_telegram_youtube,telegram_youtube,8b832decc5bfdb1d7efd11b574cc07eb2b86989dd66e645375694a49286f3ca0,,pending,,,,1
img_00013788,images/img_00013788.jpg,04_telegram_youtube,telegram_youtube,45a1073f5b66d7fe182368dc6d9e5081ccd4f220f3a8eb59cac95cf8f050fc33,,pending,,,,1
img_00013789,images/img_00013789.jpg,04_telegram_youtube,telegram_youtube,fc433f4d603043d54189878f9a82f9185e6de611ab08a3d15614b83c4148da9e,,pending,,,,1
img_00013790,images/img_00013790.jpg,04_telegram_youtube,telegram_youtube,45feec68154f6fca37967903d8b5f0528fa95d32cb302437ece5c07f58a44f83,,pending,,,,1
img_00013791,images/img_00013791.jpg,04_telegram_youtube,telegram_youtube,faec212f38101ce49673d2cdf401f243b706635ddab92a113e494de8625f34bf,ood,reviewed,,Lello,2026-04-22T10:04:18+00:00,1
img_00013792,images/img_00013792.jpg,04_telegram_youtube,telegram_youtube,a10c66406de7f29be199288501822dbc513fc1810a7bb9409612579167ab159c,,pending,,,,1
img_00013793,images/img_00013793.jpg,04_telegram_youtube,telegram_youtube,238fc5fad55f176a93162fea647dc5943167e213781ad9b7f542cd8b585024ff,,pending,,,,1
img_00013794,images/img_00013794.jpg,04_telegram_youtube,telegram_youtube,4f48515335226e1435b739ce5075273c783e8c4f4980bfeeaac01e07e097e01c,,pending,,,,1
img_00013795,images/img_00013795.jpg,04_telegram_youtube,telegram_youtube,c976b21936e23f4171a42a75591b6ddd7b48e13b7e9c634f458fe567ccb46e38,,pending,,,,1
img_00013796,images/img_00013796.jpg,04_telegram_youtube,telegram_youtube,db26a41e6ef2b9faab16c0030a352943bc6fa07be0b608bab961fd029d96c9de,,pending,,,,1
img_00013797,images/img_00013797.jpg,04_telegram_youtube,telegram_youtube,aef18ef5e03680579dbac4e8e5ed6288395e9c69ca202908c5d93a1a3e52c785,,pending,,,,1
img_00013798,images/img_00013798.jpg,04_telegram_youtube,telegram_youtube,b1fe6f4ddd9d1a05d5e7d1d6e33efaf857afcf74448a47213c07126297c24e1b,,pending,,,,1
img_00013799,images/img_00013799.jpg,04_telegram_youtube,telegram_youtube,ebb54b61b697c4409c414302fd353df747f6dc24b55d09fffe3145386b950344,,pending,,,,1
img_00013800,images/img_00013800.jpg,04_telegram_youtube,telegram_youtube,e13659c29eea6c2bd45c615354366d8591db32a175035ba2f94bc4f8a80eb479,,pending,,,,1
img_00013801,images/img_00013801.jpg,04_telegram_youtube,telegram_youtube,773fcf5b8af1e38492ef4500c870ff321f940c01c3bbb847aa17eaa7d7e53ad6,non_weapon,reviewed,,Lello,2026-04-22T10:04:27+00:00,1
img_00013802,images/img_00013802.jpg,04_telegram_youtube,telegram_youtube,356b661fb2a14f353cdf1a67f385c6e1ac16300f01daf02f05744b66e73b53bd,,pending,,,,1
img_00013803,images/img_00013803.jpg,04_telegram_youtube,telegram_youtube,150b4f40042904e82705494002aeca677b49b3d62a9342f9db1af27695f27da5,non_weapon,reviewed,,Lello,2026-04-22T11:18:10+00:00,1
img_00013804,images/img_00013804.jpg,04_telegram_youtube,telegram_youtube,98a5e6dae41208ded8f0d988163cf9abb7dce637630ad42140e18339a01cf2da,non_weapon,reviewed,,Lello,2026-04-22T10:04:50+00:00,1
img_00013805,images/img_00013805.jpg,04_telegram_youtube,telegram_youtube,4827cfa530e2bd0e771707eb115fa66ae1611eaa5935973fb2b40adfc805fcd4,,pending,,,,1
img_00013806,images/img_00013806.jpg,04_telegram_youtube,telegram_youtube,4f18ee99cbbac8ae2dc920ffbcbf79e40d2ee84d02790ad4b6b59210834b8bc1,non_weapon,reviewed,,Lello,2026-04-22T11:18:18+00:00,1
img_00013807,images/img_00013807.jpg,04_telegram_youtube,telegram_youtube,c43089cfa6d6122351c0c0531e14fdb1bdd5b62d1d14103f21536792110c4cde,,pending,,,,1
img_00013808,images/img_00013808.jpg,04_telegram_youtube,telegram_youtube,c800bffad96d7a33d749f660dfd68b0ae16f60e1aca0b80a2b18591a31ab9ee3,,pending,,,,1
img_00013809,images/img_00013809.jpg,04_telegram_youtube,telegram_youtube,bc7de28136d47528ac489dfd653a1a80914a5f6eba1c9b579ecc3459fc11325f,,pending,,,,1
img_00013810,images/img_00013810.jpg,04_telegram_youtube,telegram_youtube,83d5ec35d06515e29ab70e3d5a944a046967a63dd0303e780ef0054d9cfafc75,ood,reviewed,,Lello,2026-04-22T10:05:01+00:00,1
img_00013811,images/img_00013811.jpg,04_telegram_youtube,telegram_youtube,dffd97f4e1b29d231dc5931459e5ff22412f5c7b89f66680d6491c23a2d3574b,ood,reviewed,,Lello,2026-04-22T10:05:05+00:00,1
img_00013812,images/img_00013812.jpg,04_telegram_youtube,telegram_youtube,5d25769fdf4b4395342c6c25ce671b1590b811420032bb1c06400b9e63036d38,,pending,,,,1
img_00013813,images/img_00013813.jpg,04_telegram_youtube,telegram_youtube,0caf5ec44d4bfa1bab7a259c37d8dc152b770f55bdc829997726cb647b43ca2d,,pending,,,,1
img_00013814,images/img_00013814.jpg,04_telegram_youtube,telegram_youtube,e45416fb8815fba30a5e7f6b04f2e693055cceeb82d20a68d6c44b8fe978dbd1,,pending,,,,1
img_00013815,images/img_00013815.jpg,04_telegram_youtube,telegram_youtube,f6761548eacbaf5ba3a3a14666b76517c2c179c3e9a0cafd51700ba12eb2b269,ood,reviewed,,Lello,2026-04-22T10:05:00+00:00,1
img_00013816,images/img_00013816.jpg,04_telegram_youtube,telegram_youtube,11b4cc694c9dc98364881f43b5773b4d273d7a73a6997e245cd0fb2dd6c8b33f,ood,reviewed,,Lello,2026-04-22T10:05:18+00:00,1
img_00013817,images/img_00013817.jpg,04_telegram_youtube,telegram_youtube,30e6f331cf8d1d44011981b8411ed62a0f4a15194be480aceaa5c2318fc38bab,ood,reviewed,,Lello,2026-04-22T10:05:04+00:00,1
img_00013818,images/img_00013818.jpg,04_telegram_youtube,telegram_youtube,976796f21f0d0bc7d8dc8ec2ec86127ddb7f2f967da485b82fdf57748d615775,ood,reviewed,,Lello,2026-04-22T10:05:20+00:00,1
img_00013819,images/img_00013819.jpg,04_telegram_youtube,telegram_youtube,b7e4f628ff1c0ca7bcddf9a389de1ef997752849483fd529e5d18120ef9130bc,,pending,,,,1
img_00013820,images/img_00013820.jpg,04_telegram_youtube,telegram_youtube,d4872656e5b91c8b6ab871e3ab329dea297cfdc85ba64862c5d744b8bdfffe98,,pending,,,,1
img_00013821,images/img_00013821.jpg,04_telegram_youtube,telegram_youtube,6161e0fdf48504acf512d2a610d716835ab4c43be6070136e13ce22315bf9e1b,,pending,,,,1
img_00013822,images/img_00013822.jpg,04_telegram_youtube,telegram_youtube,266b91a88f7e5d3276279c26efa8cdc2a62d0a9b90e85a7fa45a0ed91a3c820e,,pending,,,,1
img_00013823,images/img_00013823.jpg,04_telegram_youtube,telegram_youtube,a754fbf7a4d0313ed190d10f804bb0ceace5decbaaf840c5f1060fa8281ef9af,,pending,,,,1
img_00013824,images/img_00013824.jpg,04_telegram_youtube,telegram_youtube,7b6215cdab5d9ecffcd9448198bd17d46410feb95eae8a5e1a4ac44f664c8a43,,pending,,,,1
img_00013825,images/img_00013825.jpg,04_telegram_youtube,telegram_youtube,94d01af539ebfbad06364fcede684292d8cd91cc5336374133ae382794dcadcc,ood,reviewed,,Lello,2026-04-22T10:05:35+00:00,1
img_00013826,images/img_00013826.jpg,04_telegram_youtube,telegram_youtube,b08a50437dcc5dbba32eda984533e92a06a6a9d5fa1b540d1dc7651f41c8dc28,ood,reviewed,,Lello,2026-04-22T10:05:37+00:00,1
img_00013827,images/img_00013827.jpg,04_telegram_youtube,telegram_youtube,8c061b761b360ba94960bfe5e7ab7745d0ecd2beed7d1080d1ccd7cd8eb720f5,ood,reviewed,,Lello,2026-04-22T10:05:40+00:00,1
img_00013828,images/img_00013828.jpg,04_telegram_youtube,telegram_youtube,5ded575ecba1c820ab17177f0fac583f0be0af0b7359495dc9e183d6422ae669,ood,reviewed,,Lello,2026-04-22T10:05:43+00:00,1
img_00013829,images/img_00013829.jpg,04_telegram_youtube,telegram_youtube,e0b506e2b52e8d2ee58ed97fbda8f3449459491c7a21dd5930bc669163843a2c,,pending,,,,1
img_00013830,images/img_00013830.jpg,04_telegram_youtube,telegram_youtube,f45941969276408a84f4e02ac35bebcbee18663bf50e217d48d23772ab06971a,,pending,,,,1
img_00013831,images/img_00013831.jpg,04_telegram_youtube,telegram_youtube,168abb506e9ed0144ec3e3acf170ee8dddb4e5199a8a414be6fad1a96df8ad6a,,pending,,,,1
img_00013832,images/img_00013832.jpg,04_telegram_youtube,telegram_youtube,17c0e1725a95750572d94ed61eccc031424430e121a1f395a40f45759815da9d,,pending,,,,1
img_00013833,images/img_00013833.jpg,04_telegram_youtube,telegram_youtube,36c2602699aa37681d636fda5e9545363a6349c6a342d59a05e9bffa8b24be8a,,pending,,,,1
img_00013834,images/img_00013834.jpg,04_telegram_youtube,telegram_youtube,3a0d72a2ad253050974a5d67edb262df80df61622c5b267d01d7848c21dbd0d1,,pending,,,,1
img_00013835,images/img_00013835.jpg,04_telegram_youtube,telegram_youtube,5eaa2f48a22631fa870b376ead4e71cbbd7b83772934b820160385b1939a8ae9,ood,reviewed,,Lello,2026-04-22T10:05:45+00:00,1
img_00013836,images/img_00013836.jpg,04_telegram_youtube,telegram_youtube,33c8c29a2ca494205ceafd29e272409c6f1a662730443c6bf656c8ad05c59eff,non_weapon,reviewed,,Lello,2026-04-22T10:05:50+00:00,1
img_00013837,images/img_00013837.jpg,04_telegram_youtube,telegram_youtube,990288d34f7bb62dd59907cd3dec5ca43200399b16e8f353c5d1cbe2b5687466,non_weapon,reviewed,,Lello,2026-04-22T11:18:25+00:00,1
img_00013838,images/img_00013838.jpg,04_telegram_youtube,telegram_youtube,58944386eeec8a2d84805436802dddeb3e907f6861bb0012bbd8a04fc8c200b7,,pending,,,,1
img_00013839,images/img_00013839.jpg,04_telegram_youtube,telegram_youtube,97fce96c406f58a1d03375bf1ae2e9c9f9a7a3064fd535923d55316c05a5801d,,pending,,,,1
img_00013840,images/img_00013840.jpg,04_telegram_youtube,telegram_youtube,deb134a563cc631057b3fd40e7ccbdac0568cdf6114e900c5b335663c23bac4a,non_weapon,reviewed,,Lello,2026-04-22T10:06:12+00:00,1
img_00013841,images/img_00013841.jpg,04_telegram_youtube,telegram_youtube,3f0454aeba568bec367cf83c35e61de986df84510baef80eb2a5a9b2322ca84c,,pending,,,,1
img_00013842,images/img_00013842.jpg,04_telegram_youtube,telegram_youtube,ff6fe0e3d7a59bd6877394c20f50732d41472b5309d19be4792aa078d1528192,,pending,,,,1
img_00013843,images/img_00013843.jpg,04_telegram_youtube,telegram_youtube,ba41af8ea8123c82fade9fd8b67cda305df59fc687f2ef8051b3c54e47593d01,,pending,,,,1
img_00013844,images/img_00013844.jpg,04_telegram_youtube,telegram_youtube,ab3c9504db915acfcbc344a9e2ea7dddc1e2da9dc810b7e34e46645e470042d3,,pending,,,,1
img_00013845,images/img_00013845.jpg,04_telegram_youtube,telegram_youtube,ac557668d8205267977054ba0fd39680027aff1171641f1652046c87a81ad620,,pending,,,,1
img_00013846,images/img_00013846.jpg,04_telegram_youtube,telegram_youtube,60373c3feefafa40a06b5e95511cf509e9b21ab3b8a05fbdb1537c670b9076ee,,pending,,,,1
img_00013847,images/img_00013847.jpg,04_telegram_youtube,telegram_youtube,804b094e13eea14a5f83e7ab7612da059f96f47a5e2d3820218632bbf04ed3a3,,pending,,,,1
img_00013848,images/img_00013848.jpg,04_telegram_youtube,telegram_youtube,4802da421c655c8dd6b7f3246f924b30e440de709471b9b9d3ada7fdd3a2e616,,pending,,,,1
img_00013849,images/img_00013849.jpg,04_telegram_youtube,telegram_youtube,3fcc6ff359df65558cdc2a431dc0cb1e097913d4914aaa44edf5c67657f9e747,,pending,,,,1
img_00013850,images/img_00013850.jpg,04_telegram_youtube,telegram_youtube,17c0669acf0adbf9a0ccf1a236f4a7b40b0515c92cb8220ce60250d058aa172f,,pending,,,,1
img_00013851,images/img_00013851.jpg,04_telegram_youtube,telegram_youtube,5083ff33d207e4659133e92a325f5002835821b6ba416549860c474c04279f34,,pending,,,,1
img_00013852,images/img_00013852.jpg,04_telegram_youtube,telegram_youtube,e39b997ce9f7ab519fb1086e16b06bcec98d3ea399b64f2502bbd52ecc7eaeef,,pending,,,,1
img_00013853,images/img_00013853.jpg,04_telegram_youtube,telegram_youtube,80f234703c08969c2abb623cdd721abaa1ff19f015ecbebce6ad0c10650968eb,,pending,,,,1
img_00013854,images/img_00013854.jpg,04_telegram_youtube,telegram_youtube,65ec84c1389909cdbfde5d2b9d0175c4b895bbac5dce140a0730c21692be70da,,pending,,,,1
img_00013855,images/img_00013855.jpg,04_telegram_youtube,telegram_youtube,228c03416b6900763c81d8e567c057d3d9b763a6772958a06f3755ebe022da5a,,pending,,,,1
img_00013856,images/img_00013856.jpg,04_telegram_youtube,telegram_youtube,7af9f763500e0b286ece2d71fb8c3ec285564bc7f66a168bff5d45ccce9d5bb9,,pending,,,,1
img_00013857,images/img_00013857.jpg,04_telegram_youtube,telegram_youtube,686bc30b641ade8fae33e49f08fc620a32b8b07dabf9f27a65e9c52e2f69d1e9,,pending,,,,1
img_00013858,images/img_00013858.jpg,04_telegram_youtube,telegram_youtube,0018d21074f20e11bcde870dc45b718a9008733d54db8ad7b62f07103d6dd304,,pending,,,,1
img_00013859,images/img_00013859.jpg,04_telegram_youtube,telegram_youtube,d8b35ccaffc57a982afdba6cdb410a92462a0f91ae9c68fdf5042bfab243cd72,,pending,,,,1
img_00013860,images/img_00013860.jpg,04_telegram_youtube,telegram_youtube,c3dc2c0bd6d86bd4bc4b0ad830882f0de59505ecb4465a3d304b620e95842502,,pending,,,,1
img_00013861,images/img_00013861.jpg,04_telegram_youtube,telegram_youtube,da3bba6e81c75d977eb1de85f5154a445223a0707dc37dab1beb38af64416aad,,pending,,,,1
img_00013862,images/img_00013862.jpg,04_telegram_youtube,telegram_youtube,0852cff9b378d78e8017ad0def749c4bc7aa48d13350f56485a624f0a8c5b141,,pending,,,,1
img_00013863,images/img_00013863.jpg,04_telegram_youtube,telegram_youtube,c3b82f5bb87297d8a4c67bbe13e9e0cc2d129dea9947563ce3733b9ccf301ecc,,pending,,,,1
img_00013864,images/img_00013864.jpg,04_telegram_youtube,telegram_youtube,22746f985176260af2ed55396d471c6056c89fdbb6d9f3aa80b011873a1673d7,,pending,,,,1
img_00013865,images/img_00013865.jpg,04_telegram_youtube,telegram_youtube,2997969ed630fd49ef4d7e0a28ab87654dcb74210d0b6a4901486346ed502967,,pending,,,,1
img_00013866,images/img_00013866.jpg,04_telegram_youtube,telegram_youtube,6307601a2bed0d37e207ad4960126b1110a89c74a386b519f24ace3365925244,non_weapon,reviewed,,Lello,2026-04-22T11:18:35+00:00,1
img_00013867,images/img_00013867.jpg,04_telegram_youtube,telegram_youtube,9e18b4e6bf703f624502d5441948417c2888aa4158556d765ee826c7f1b9a522,,pending,,,,1
img_00013868,images/img_00013868.jpg,04_telegram_youtube,telegram_youtube,8cf1193476d7c5a3a59d0632af1514a349555b6e4549c820df3533388dda4600,,pending,,,,1
img_00013869,images/img_00013869.jpg,04_telegram_youtube,telegram_youtube,1b3a7902f6f6f96e866ba4f81ef7f8cafb5191a187005bd17b0a6ec7aefc72fd,non_weapon,reviewed,,Lello,2026-04-22T10:06:19+00:00,1
img_00013870,images/img_00013870.jpg,04_telegram_youtube,telegram_youtube,c06cf9da5062ca7be1f40fe0d79bea3ef6e127ee4aa36286e00c85b5f9491f49,non_weapon,reviewed,,Lello,2026-04-22T10:06:23+00:00,1
img_00013871,images/img_00013871.jpg,04_telegram_youtube,telegram_youtube,d43a22c46bc7be661c825bfbec1ef77e3fe541c90b59bc57ea14ac3912452099,,pending,,,,1
img_00013872,images/img_00013872.jpg,04_telegram_youtube,telegram_youtube,bf26a50628d47e186d5cf17718e5be68fe11b196c413c557ff5849a4a374a8a6,,pending,,,,1
img_00013873,images/img_00013873.jpg,04_telegram_youtube,telegram_youtube,851781a1f84c9c5aefd44197c44f75f5d2781a4eb9ec35a763c8f9aa5774e1d2,,pending,,,,1
img_00013874,images/img_00013874.jpg,04_telegram_youtube,telegram_youtube,b177effc4865f54e9a6e9a33bb3e5ce78f47e10a687cabcec7104ef59d1a5330,,pending,,,,1
img_00013875,images/img_00013875.jpg,04_telegram_youtube,telegram_youtube,93fd9161cfbecb22ca827956ce4b1bfc8a741c890b02e5388e58a3286b24c7d0,,pending,,,,1
img_00013876,images/img_00013876.jpg,04_telegram_youtube,telegram_youtube,e070e976a288c9c4f5445891ada3d0505e315f51088950ceb177e5e0822c4001,,pending,,,,1
img_00013877,images/img_00013877.jpg,04_telegram_youtube,telegram_youtube,282acb45d88ce70bef4c7b63d80c3d0494579ec070726cc392e8b1de84b32902,,pending,,,,1
img_00013878,images/img_00013878.jpg,04_telegram_youtube,telegram_youtube,8eaf8c42a0dfb3441cc26cf01fd359bd579146041053f22b3e0196e339d43a51,,pending,,,,1
img_00013879,images/img_00013879.jpg,04_telegram_youtube,telegram_youtube,d7828e70ffe597f4bb70eb593f07d22f73d338fde505887ae119322ab1d3ab18,,pending,,,,1
img_00013880,images/img_00013880.jpg,04_telegram_youtube,telegram_youtube,d949dfaf492b4ed999d82c03e7220b0b1acf110ee46e396b40c0fadede4b9e7a,,pending,,,,1
img_00013881,images/img_00013881.jpg,04_telegram_youtube,telegram_youtube,7dbbd4396a7233ee83a432a94bccfb6221506b744ce597b58df3006714508eda,,pending,,,,1
img_00013882,images/img_00013882.jpg,04_telegram_youtube,telegram_youtube,6e3e5c399d0ae0747ce5bd5cc435106f7ab3806d5abfe01e854e587a964545d5,,pending,,,,1
img_00013883,images/img_00013883.jpg,04_telegram_youtube,telegram_youtube,2aa515ed0cfe64e0d7d3c0a959ccf662c8d043f506c4dcf1a3577dc68c5737b5,,pending,,,,1
img_00013884,images/img_00013884.jpg,04_telegram_youtube,telegram_youtube,4d4691de8b166f031aca523e73215dafe6ab3773958adc38e87d5bd73fd326c6,,pending,,,,1
img_00013885,images/img_00013885.jpg,04_telegram_youtube,telegram_youtube,a64fa012d46743d501e8b78923e634b604846a0c259c55651c932041d0b0e14a,,pending,,,,1
img_00013886,images/img_00013886.jpg,04_telegram_youtube,telegram_youtube,e3cbbf9dc89754133518f2e30e9f5b42a8373cde75926b2a6702ad56014873f3,,pending,,,,1
img_00013887,images/img_00013887.jpg,04_telegram_youtube,telegram_youtube,f4ae4371a94e07cca9570765ba257563481337646681cbb5e36943069d56fcc9,,pending,,,,1
img_00013888,images/img_00013888.jpg,04_telegram_youtube,telegram_youtube,83e70dfb9de6574b80efeee9f6090bad4bc3a5b5f7b806293fb039ae2d4636f1,,pending,,,,1
img_00013889,images/img_00013889.jpg,04_telegram_youtube,telegram_youtube,8e6e3aa4c3555991549dcaf222b241ab4d949cfd57d5364074e9502364bb8c98,,pending,,,,1
img_00013890,images/img_00013890.jpg,04_telegram_youtube,telegram_youtube,c68a37398f737cb404fd4edadda64d8d0a91c632f3a3d73db733fa62e38afd61,,pending,,,,1
img_00013891,images/img_00013891.jpg,04_telegram_youtube,telegram_youtube,fbde9380baf01e5b263ab5695e02f50ea271fb53cbe7a2acc52f9acd94b671a0,,pending,,,,1
img_00013892,images/img_00013892.jpg,04_telegram_youtube,telegram_youtube,c3f978cd7837d96807cb60860d274f68c3f641f2de34961205af2fb294aa942f,,pending,,,,1
img_00013893,images/img_00013893.jpg,04_telegram_youtube,telegram_youtube,68ef001c2de725807047bf732b8d4f154a017ee25c034fcd5aa4d44b679fa1ca,,pending,,,,1
img_00013894,images/img_00013894.jpg,04_telegram_youtube,telegram_youtube,448a43a6d16003e7963d3996a93e8fac4ed144a41a28f2a869acdd4399a586c0,,pending,,,,1
img_00013895,images/img_00013895.jpg,04_telegram_youtube,telegram_youtube,5425154fc5d6d331f143fb0ebd1cbb9f4823056a5d9cd8ded148d2eed5f408ec,,pending,,,,1
img_00013896,images/img_00013896.jpg,04_telegram_youtube,telegram_youtube,dc69b1a42838f56ccf3ce64a3b0c8e51b357dd439343d218f86deeb98bfd299d,,pending,,,,1
img_00013897,images/img_00013897.jpg,04_telegram_youtube,telegram_youtube,a6dbdc5272002810016653931769715770e9ff5794a53bb1c396f764585f66e2,,pending,,,,1
img_00013898,images/img_00013898.jpg,04_telegram_youtube,telegram_youtube,1b79e438d2215e74fa1425a6da99833e7289e083a971bfdd1d93226d1e94c9c2,,pending,,,,1
img_00013899,images/img_00013899.jpg,04_telegram_youtube,telegram_youtube,c2c7061efbff9b175f012a0e829781839d8628af0a3c7a221b2ed475a4df87c4,,pending,,,,1
img_00013900,images/img_00013900.jpg,04_telegram_youtube,telegram_youtube,bd5b548d8c91e95ebad7b658c06911066e49af5ab53d216e2ba42bdefaff0599,,pending,,,,1
img_00013901,images/img_00013901.jpg,04_telegram_youtube,telegram_youtube,bdf14735a0d74d1569c1ea0cbca7feb5d30519c6230ae251a6b3ae8e514f3fa7,,pending,,,,1
img_00013902,images/img_00013902.jpg,04_telegram_youtube,telegram_youtube,6125ea7b4b1c49edd97ace3e5b40b54452d9298760d3159400902fdefe69f136,,pending,,,,1
img_00013903,images/img_00013903.jpg,04_telegram_youtube,telegram_youtube,732cec018251e1a77c522ae7abbd4366422a22322fb7dec62e5890149cc63876,,pending,,,,1
img_00013904,images/img_00013904.jpg,04_telegram_youtube,telegram_youtube,b49a077e2c4eebc1307c71ffb9b0e598a4262a023425d5ec22f644f7f36eb644,,pending,,,,1
img_00013905,images/img_00013905.jpg,04_telegram_youtube,telegram_youtube,31d7c6d2bdd9285cbb15cbc5d8efb227aede63352ce22351b47497097af5d705,,pending,,,,1
img_00013906,images/img_00013906.jpg,04_telegram_youtube,telegram_youtube,a5c72a0f3ef7934c9fd4bc92460a16b758491b66da95401480c8829da1bbc9e8,,pending,,,,1
img_00013907,images/img_00013907.jpg,04_telegram_youtube,telegram_youtube,91584be78fd8df23ba96837e46f43f4debf92df535bc8f573d3fb51fe7d13d82,,pending,,,,1
img_00013908,images/img_00013908.jpg,04_telegram_youtube,telegram_youtube,70c45b77356716d65fc9e3d2cf3438332e804fe4742adc7521b3ecc766b1a5be,,pending,,,,1
img_00013909,images/img_00013909.jpg,04_telegram_youtube,telegram_youtube,f7d85cf3656968c4a3a98743c9a907c1febec77218138cf4049045fe233764ae,,pending,,,,1
img_00013910,images/img_00013910.jpg,04_telegram_youtube,telegram_youtube,f4db6f5092075352ad6e648fab480d8fa08df824be086011aae327b434a894e6,,pending,,,,1
img_00013911,images/img_00013911.jpg,04_telegram_youtube,telegram_youtube,0d050eae39708bce01c462b70dfb598a188d3a5392f62c69e47f02f20edadc35,,pending,,,,1
img_00013912,images/img_00013912.jpg,04_telegram_youtube,telegram_youtube,5e061d609948c853d392c4f5dbc274a900318e373b2414c8a44a868139ae92e8,,pending,,,,1
img_00013913,images/img_00013913.jpg,04_telegram_youtube,telegram_youtube,8c111e26648e983398d995ba40a3cb16426c3232b3bbbe1b53d1632ae7781337,,pending,,,,1
img_00013914,images/img_00013914.jpg,04_telegram_youtube,telegram_youtube,855024363a8906ba9d82372e54f92ae606c08d212749673da1db7a32eac444fe,,pending,,,,1
img_00013915,images/img_00013915.jpg,04_telegram_youtube,telegram_youtube,4615c92d9d53ae20291802d5d00b57dc4fd784f6a8f40997dbec1ba44537c412,,pending,,,,1
img_00013916,images/img_00013916.jpg,04_telegram_youtube,telegram_youtube,0110b4bc147161b72992749bdff8ad048e79204b89d462368a7ee814af22d713,,pending,,,,1
img_00013917,images/img_00013917.jpg,04_telegram_youtube,telegram_youtube,8d884e706cfde5841bd061a06797ec645d058243d8a4ba92e0bf47644d1203ec,,pending,,,,1
img_00013918,images/img_00013918.jpg,04_telegram_youtube,telegram_youtube,25239a408efccfd5964800f6662b6e432a154db437596b1e2e5ca7eb5e1e319e,,pending,,,,1
img_00013919,images/img_00013919.jpg,04_telegram_youtube,telegram_youtube,c2e0523ac6c5c5a9affaf36238031b598662f7cf67e953ba30180e40be9a52a4,,pending,,,,1
img_00013920,images/img_00013920.jpg,04_telegram_youtube,telegram_youtube,183dd38e57699a1fc4e5b3801623072a13088124b9f1579595908abe1e508c00,,pending,,,,1
img_00013921,images/img_00013921.jpg,04_telegram_youtube,telegram_youtube,b3065e00aeb226d5455ad0a397e7f1b9d79300d4e6d77092256dc89c6145cab3,,pending,,,,1
img_00013922,images/img_00013922.jpg,04_telegram_youtube,telegram_youtube,c0f4d2d5d030044a9a92fafd1436745334e9eb94e5ea7ae09a85744942ea4fc7,,pending,,,,1
img_00013923,images/img_00013923.jpg,04_telegram_youtube,telegram_youtube,2c7fabc16006e0cd0616f95cd02b3ee1e2bfa331904a5861ab746575e4e7c90b,,pending,,,,1
img_00013924,images/img_00013924.jpg,04_telegram_youtube,telegram_youtube,db8f30ff2c7d688f23ff14cdb1167e72771c853ff6bb1220819e669cffa3e59d,,pending,,,,1
img_00013925,images/img_00013925.jpg,04_telegram_youtube,telegram_youtube,91b0d40dd9affe5715bc915a43fc58f460c2fd5dd063061c1418d7a8b718ebe7,,pending,,,,1
img_00013926,images/img_00013926.jpg,04_telegram_youtube,telegram_youtube,2001d4f8a5ba2829e9fac59a657d49d7d07347458428a9d3107dd1024241cf58,,pending,,,,1
img_00013927,images/img_00013927.jpg,04_telegram_youtube,telegram_youtube,47c8ad2c9bd4f9c73a23df9fc7bb899e514dd4ddf474b767434b7607654c002c,,pending,,,,1
img_00013928,images/img_00013928.jpg,04_telegram_youtube,telegram_youtube,7ca60b7035280850ddfc11eb39f313139b75bdb23f7f2ac0c6380fc7250d4770,,pending,,,,1
img_00013929,images/img_00013929.jpg,04_telegram_youtube,telegram_youtube,0232988237747a4da0fa42145e3dc2521cb1ceae0f0aebc9c4a149418a387a2c,,pending,,,,1
img_00013930,images/img_00013930.jpg,04_telegram_youtube,telegram_youtube,6872f2fc4c50a43026e3e88fbd94d2ee693098a4ad63fdf2f131c6243dd31f4e,,pending,,,,1
img_00013931,images/img_00013931.jpg,04_telegram_youtube,telegram_youtube,60c6107fbbb410aaa5584386c632e4692713432e44564c42ea8a1fabb2e660af,,pending,,,,1
img_00013932,images/img_00013932.jpg,04_telegram_youtube,telegram_youtube,38e389db391eff353265166445afc4e1941415b1c5c88eef6823c49d78ce0626,,pending,,,,1
img_00013933,images/img_00013933.jpg,04_telegram_youtube,telegram_youtube,1f93944cd2cbfc07e8d9417c794747524ce0e17ae5dabda1dd43859c082d7a05,,pending,,,,1
img_00013934,images/img_00013934.jpg,04_telegram_youtube,telegram_youtube,147cfe370c12270d2a9f17d84f006ad0a12f5a2766f2aa38be5e0adced12d911,,pending,,,,1
img_00013935,images/img_00013935.jpg,04_telegram_youtube,telegram_youtube,4d8cc3adc6e18933ad7fc9625fb87d61a9a7b9a9250fcba1400427ba3906bd30,,pending,,,,1
img_00013936,images/img_00013936.jpg,04_telegram_youtube,telegram_youtube,c93caac2640c7cbfc00ed0bbe1f9635903f96e66e4df9f9290e9327e0aaef880,,pending,,,,1
img_00013937,images/img_00013937.jpg,04_telegram_youtube,telegram_youtube,728e00c66b4c31cf2390f3def14b81c9da1dd73e7f0f49f4c13f473470c97fde,,pending,,,,1
img_00013938,images/img_00013938.jpg,04_telegram_youtube,telegram_youtube,17200d0923e2cdcdd56b2d9d8ad3323f31c6ab141812ad8912539cc3961947b8,non_weapon,reviewed,,Lello,2026-04-22T10:07:01+00:00,1
img_00013939,images/img_00013939.jpg,04_telegram_youtube,telegram_youtube,6a09125be6d00a6cff74736bb80c8fb97a09dd7a6ba24390ed3d4bd6b8ecbd65,,pending,,,,1
img_00013940,images/img_00013940.jpg,04_telegram_youtube,telegram_youtube,d55ec39fe0b3f2608c3ad7822a3789faf7ab2e08c4f7e66d3c92f872a461b98f,,pending,,,,1
img_00013941,images/img_00013941.jpg,04_telegram_youtube,telegram_youtube,7a54bfde7c902e5e093c71426f3a98bb29210779c7120307eca0f51975addded,,pending,,,,1
img_00013942,images/img_00013942.jpg,04_telegram_youtube,telegram_youtube,4ee52aba40c07415d704925628fc540f6d19c8a50eea131943718a86f9773c6a,,pending,,,,1
img_00013943,images/img_00013943.jpg,04_telegram_youtube,telegram_youtube,4f70d0c588939057aea4fd32f0c6bac31144a5acd7ec155c52cce0a397c630ca,,pending,,,,1
img_00013944,images/img_00013944.jpg,04_telegram_youtube,telegram_youtube,c28fea02cbcdae9b4c3cb47e447dc0c80a5268dc4ef450deec6ce66f60ef0944,,pending,,,,1
img_00013945,images/img_00013945.jpg,04_telegram_youtube,telegram_youtube,a3508cf321e9ce132de690e55f911e2a12961a40873f998e28b51a2532a56240,non_weapon,reviewed,,Lello,2026-04-22T10:07:06+00:00,1
img_00013946,images/img_00013946.jpg,04_telegram_youtube,telegram_youtube,6bb4f1a1d3f083336e19d30763de888cca0b3bf67ee21db8768e8e5762271227,,pending,,,,1
img_00013947,images/img_00013947.jpg,04_telegram_youtube,telegram_youtube,7c515b2f92581c5ddaaa795c0eff04e234bdaa57fa5f8cb410da106626efeb4d,,pending,,,,1
img_00013948,images/img_00013948.jpg,04_telegram_youtube,telegram_youtube,e04ea803fa9e81a425273e78c241134e578e50318630a313c971acaf5259e04a,,pending,,,,1
img_00013949,images/img_00013949.jpg,04_telegram_youtube,telegram_youtube,0da5515cedf69771af40e9c9a2474da1f35a254a677ad9089ac677eb4811ebf1,,pending,,,,1
img_00013950,images/img_00013950.jpg,04_telegram_youtube,telegram_youtube,8557bfacafa994be9c3f339b84552305975cc922456bd0d33ccd749a608b8dfb,,pending,,,,1
img_00013951,images/img_00013951.jpg,04_telegram_youtube,telegram_youtube,cf4621d6114ac4e75e72f3ce5a878c10072634bbd035e917deb3d9ad1794b13c,,pending,,,,1
img_00013952,images/img_00013952.jpg,04_telegram_youtube,telegram_youtube,aa2a8d258a50a679a6b1df6684594f9d04f6f834f22581c3d7f787eb5a908518,,pending,,,,1
img_00013953,images/img_00013953.jpg,04_telegram_youtube,telegram_youtube,3e2e36d3fe92370cc927cf5437f6a027b28fd59ed62d0647b28d762147dadf47,,pending,,,,1
img_00013954,images/img_00013954.jpg,04_telegram_youtube,telegram_youtube,81f96b35553d00f028d69739710ab5ab7ecb5b725dfafddce2facaef58bcb5f8,,pending,,,,1
img_00013955,images/img_00013955.jpg,04_telegram_youtube,telegram_youtube,2f157e467a04408a71a45e0949fdde77ed4f74808e7f593691c5a81c0b52d387,,pending,,,,1
img_00013956,images/img_00013956.jpg,04_telegram_youtube,telegram_youtube,38744cfb9fbfe100eed52036c2d48032c1209ddd257960d938fb11b313178a29,,pending,,,,1
img_00013957,images/img_00013957.jpg,04_telegram_youtube,telegram_youtube,73e7ac035dc5b888df3f7b0161737a14f3cd2135f632754975e67069b1db09f0,,pending,,,,1
img_00013958,images/img_00013958.jpg,04_telegram_youtube,telegram_youtube,c59b0faf4c353956bfc98ac79f086d553d232be49ded83d634d73c74a2690295,,pending,,,,1
img_00013959,images/img_00013959.jpg,04_telegram_youtube,telegram_youtube,25269735b8fb06fc4dfa435cf7702aefdd232e62b2d60afb383eeb98b9d0233b,,pending,,,,1
img_00013960,images/img_00013960.jpg,04_telegram_youtube,telegram_youtube,af36ae45d582d96c4c1e2c3c1b36b8aab56fdf0bbb397f3415bd935ca0d2f14a,,pending,,,,1
img_00013961,images/img_00013961.jpg,04_telegram_youtube,telegram_youtube,91ce944cbaebb99e099ff24dbd83d9871608db719ec8352e37c6f08316599902,,pending,,,,1
img_00013962,images/img_00013962.jpg,04_telegram_youtube,telegram_youtube,53deed5448dcb8758e30407144c08c4fe7aef563b85ae809661289a78c5189b9,,pending,,,,1
img_00013963,images/img_00013963.jpg,04_telegram_youtube,telegram_youtube,2a4fca5bb889347753d0255a622abe0d9ea10645fe45bafe87d1c9bcec62fc20,,pending,,,,1
img_00013964,images/img_00013964.jpg,04_telegram_youtube,telegram_youtube,d1a48a6bb578a0871f4698eedda2829ba29129227ce15eed7416985136675e5d,,pending,,,,1
img_00013965,images/img_00013965.jpg,04_telegram_youtube,telegram_youtube,93ec9f70a5a5a1206cff3dde0b97011b82430bf459b1d742c1ac32c8cc5e1b92,,pending,,,,1
img_00013966,images/img_00013966.jpg,04_telegram_youtube,telegram_youtube,3990f5d0eead35b3a81d36b05a67050f52b7a67ca96a256f1f9593b96634dbff,,pending,,,,1
img_00013967,images/img_00013967.jpg,04_telegram_youtube,telegram_youtube,fa55e2c8502d0c8d1d8ed3716d1b34664af6d5fe23401feb16eefcc39c44919d,,pending,,,,1
img_00013968,images/img_00013968.jpg,04_telegram_youtube,telegram_youtube,b27c7a65c64359ff4db8afe34861c6680e286690e4f8cb73491e5229bbccef6f,,pending,,,,1
img_00013969,images/img_00013969.jpg,04_telegram_youtube,telegram_youtube,c276737b7dea3d0bc86f694263c6c7bec864c34175a1bed853eca0d9f0c76b75,non_weapon,reviewed,,Lello,2026-04-22T10:07:19+00:00,1
img_00013970,images/img_00013970.jpg,04_telegram_youtube,telegram_youtube,f14fbd430ae9c8ca0ad13e37d3ff00fbe781457e148106948acac5189e45bc81,,pending,,,,1
img_00013971,images/img_00013971.jpg,04_telegram_youtube,telegram_youtube,1c167cbd232250a0512386cec19900cff55f2b8640b54bf23b693bb4c3fa2185,,pending,,,,1
img_00013972,images/img_00013972.jpg,04_telegram_youtube,telegram_youtube,d26c7a736ad6f6135c6e86c6834e603c58615f9d3a391fa965eb1b1773db1e59,,pending,,,,1
img_00013973,images/img_00013973.jpg,04_telegram_youtube,telegram_youtube,0f960ef096c469c12374249ec55b2453d7270bbd2a0272d86445654e4b9918cb,non_weapon,reviewed,,Lello,2026-04-22T10:07:16+00:00,1
img_00013974,images/img_00013974.jpg,04_telegram_youtube,telegram_youtube,aa113f49378d609336bde1f6299a4cd3739a816b4683f4bf1cde9841993f2722,,pending,,,,1
img_00013975,images/img_00013975.jpg,04_telegram_youtube,telegram_youtube,ef2078136bb70bfc38e648a1476ddb12d65b477682ac2ea1a707acca346bbf94,,pending,,,,1
img_00013976,images/img_00013976.jpg,04_telegram_youtube,telegram_youtube,8b59699f26a6070385ee7951f9d8c963fa163b3809c924f4d9bf44daf1742d20,,pending,,,,1
img_00013977,images/img_00013977.jpg,04_telegram_youtube,telegram_youtube,2dbd89a1055a0252a56ad6d6da9a5cd5fd549bc3cae1038b9c209f8b2746d55d,,pending,,,,1
img_00013978,images/img_00013978.jpg,04_telegram_youtube,telegram_youtube,f3b041fb64e6c7e00030fc0d6fd8e040918b08b79a00074f2a6174540de83890,,pending,,,,1
img_00013979,images/img_00013979.jpg,04_telegram_youtube,telegram_youtube,4893c0327e30e95b39837773caf7c4ad8d8fdec1e3aa855bb72d22348612490f,,pending,,,,1
img_00013980,images/img_00013980.jpg,04_telegram_youtube,telegram_youtube,0b29a3ffe10b6ced3197bd6feb3114e086dad96009bbb935a616358c46954668,,pending,,,,1
img_00013981,images/img_00013981.jpg,04_telegram_youtube,telegram_youtube,3b545220a2bc383ede67efaa30f759a53673281e4f6b77640b392e7a7c6685ca,,pending,,,,1
img_00013982,images/img_00013982.jpg,04_telegram_youtube,telegram_youtube,214f12cbd6da5b585fcb36abe153c1c127a709fd8e1421b6f937ac1011bd2771,,pending,,,,1
img_00013983,images/img_00013983.png,04_telegram_youtube,telegram_youtube,b498e536c5e5ac212b4a8d762b74e23442b523d29d9d660e396e5ae08cb146d6,,pending,,,,1
img_00013984,images/img_00013984.jpg,04_telegram_youtube,telegram_youtube,193929766fadb251b8ea1388d57d907c2170d4dcd30cb46e69084a8fb9263039,non_weapon,reviewed,,Lello,2026-04-22T10:07:24+00:00,1
img_00013985,images/img_00013985.jpg,04_telegram_youtube,telegram_youtube,7568a47fe90e3ae71c7d9cb025e009f659fc749fd45aaaa6b2bcad3e31dfad00,,pending,,,,1
img_00013986,images/img_00013986.jpg,04_telegram_youtube,telegram_youtube,be8d5dd4e08880e77e832112b7d168474f48aa0e26efcf836fdedb1abe90c10d,,pending,,,,1
img_00013987,images/img_00013987.jpg,04_telegram_youtube,telegram_youtube,01b0a1e27c07f9a9f8a97f57aef74f68caff601c3260610784b4d4ce5b90664f,,pending,,,,1
img_00013988,images/img_00013988.png,04_telegram_youtube,telegram_youtube,11818a1b30ee6542c86f02f602c14b3a04d158e71f42a93355d53077b862eaa6,,pending,,,,1
img_00013989,images/img_00013989.jpg,04_telegram_youtube,telegram_youtube,b8a97d016530e43061ab0e0dc1fce6b140d9c83355e3e227ee75204df8c68af0,,pending,,,,1
img_00013990,images/img_00013990.jpg,04_telegram_youtube,telegram_youtube,85d3c1f17bca8d19710dc3099483ae4466225566846f535c02778e98af5a5747,,pending,,,,1
img_00013991,images/img_00013991.jpg,04_telegram_youtube,telegram_youtube,15c52ad55ba49ec52c4b51c6b2583ae330b51803c5292367f1c561a0cc077ecf,,pending,,,,1
img_00013992,images/img_00013992.jpg,04_telegram_youtube,telegram_youtube,e483532a4c50c49e8f760abbebdee19cf8f87625e703dc9732176a6b3c227134,,pending,,,,1
img_00013993,images/img_00013993.png,04_telegram_youtube,telegram_youtube,2f8c0eee3acc49f6a2cb6a54be03c018fef021ee89a14cd22b6b1679c2d4a586,,pending,,,,1
img_00013994,images/img_00013994.jpg,04_telegram_youtube,telegram_youtube,17ea7de1db7e14b4d306b8313363ef522fe32e23dfdb0618b544a49b8d265cc9,,pending,,,,1
img_00013995,images/img_00013995.jpg,04_telegram_youtube,telegram_youtube,ab148d1682b9d882c07653d705a8d6dac47dc90fe699b1bbe2db86ddc2cec627,,pending,,,,1
img_00013996,images/img_00013996.jpg,04_telegram_youtube,telegram_youtube,b71cc61a5a6bd2086c3d0bc9968dd180acc16d03bfac74c75f2be7bd1d6b31c6,,pending,,,,1
img_00013997,images/img_00013997.png,04_telegram_youtube,telegram_youtube,2f25d5594492089286e869f395539fc1470e7a27e6276d5947778ab8356278a4,,pending,,,,1
img_00013998,images/img_00013998.jpg,04_telegram_youtube,telegram_youtube,628352f64e382eba89f76d49e44f652975c61315a9a40a0a94446503ea1a2e84,,pending,,,,1
img_00013999,images/img_00013999.jpg,04_telegram_youtube,telegram_youtube,e5a615ed73c48ac1c675e1fc3ce48ef7736fc785d2b24229ad05dbf7e81dc09d,,pending,,,,1
img_00014000,images/img_00014000.jpg,04_telegram_youtube,telegram_youtube,07a260744dde4b203ff1e27ded1f23548c8c6a513c18167fbb0058b385b4b4e0,non_weapon,reviewed,,Lello,2026-04-22T10:07:35+00:00,1
img_00014001,images/img_00014001.jpg,04_telegram_youtube,telegram_youtube,2d4115d8807afa63eeee1a34b8614dc988ed7cbf9792de4dde5614f41366da09,,pending,,,,1
img_00014002,images/img_00014002.jpg,04_telegram_youtube,telegram_youtube,88e64fbcbb127f57b645faca22370df2065244dc2d2665eedf1446b6e1686d35,,pending,,,,1
img_00014003,images/img_00014003.jpg,04_telegram_youtube,telegram_youtube,a59e1f2e50e759da0cc40bcd0ac482b9e0e26e681651377bb927d9c08e57b7c5,,pending,,,,1
img_00014004,images/img_00014004.jpg,04_telegram_youtube,telegram_youtube,0a01b61ec8392afc5ab7fe5755f0b0de257bf993cbe207cd4642a4a6eb93518d,,pending,,,,1
img_00014005,images/img_00014005.png,04_telegram_youtube,telegram_youtube,dab619d75d7f135ee44e2e5bd88578ae7b64e3cbfe0ce3e6207c7812aa6c7836,,pending,,,,1
img_00014006,images/img_00014006.jpg,04_telegram_youtube,telegram_youtube,4232776e03921df173a62103ac9422da764ba88e62dfe203caba770d8a6401dc,,pending,,,,1
img_00014007,images/img_00014007.jpg,04_telegram_youtube,telegram_youtube,9831caa54be20741920d2a1e780e29a5cabbd9af9c75fe718dc2bfe89928e230,,pending,,,,1
img_00014008,images/img_00014008.jpg,04_telegram_youtube,telegram_youtube,43c1bb56f5e58000000ac612d2cc1d0cb56dafa07a4b1904eeb9b89674404a1c,,pending,,,,1
img_00014009,images/img_00014009.jpg,04_telegram_youtube,telegram_youtube,1f728d5d9b9324043971244861ade8a4bfb37b6d6b1c7f0e3e3b5ee9f4e6d572,,pending,,,,1
img_00014010,images/img_00014010.jpg,04_telegram_youtube,telegram_youtube,e71fdc8c724357720e20a51b0946ee4ac727b065ca83c2d7b14788ff56b076f5,,pending,,,,1
img_00014011,images/img_00014011.jpg,04_telegram_youtube,telegram_youtube,8ef0e9b2564406a82861a9a2636cefb96dc2aeb81d0248e7887a29eec4ea2844,,pending,,,,1
img_00014012,images/img_00014012.jpg,04_telegram_youtube,telegram_youtube,96a021f8c05235688dccb09d806a8e8d8544dabd93f88de710945254207364d9,,pending,,,,1
img_00014013,images/img_00014013.jpg,04_telegram_youtube,telegram_youtube,b0434e06f85fd471483554f3b4441d7982c462ae2c9145effa2c22da9138251b,,pending,,,,1
img_00014014,images/img_00014014.jpg,04_telegram_youtube,telegram_youtube,65c151e51ec4c170bc1262c14f3d71d51d22d26d2ec6a1c9cc0533c08ab873cd,,pending,,,,1
img_00014015,images/img_00014015.jpg,04_telegram_youtube,telegram_youtube,6a4e30a5d93b30b269e33aab5b163e245437801caeb9ad6ed2f610e547015837,,pending,,,,1
img_00014016,images/img_00014016.jpg,04_telegram_youtube,telegram_youtube,7673f60bdc41f5f976d53ecd4ba703f10cef9cbd27cea315d06b9cf90b048ae4,,pending,,,,1
img_00014017,images/img_00014017.png,04_telegram_youtube,telegram_youtube,4ba42397e7ba6d36611ec16f80bb4e9f982a56dcea6a79832ec6a3c91ee1602c,,pending,,,,1
img_00014018,images/img_00014018.jpg,04_telegram_youtube,telegram_youtube,dc60492976e62273bc0f7d1ded5c885edd2c5f85fa8793d0011bc7f451e3e959,,pending,,,,1
img_00014019,images/img_00014019.jpg,04_telegram_youtube,telegram_youtube,1db7aed0a5eae6ce880306b9f0d17cdf0d91a923c51e3019fed12dd8c6d5db38,,pending,,,,1
img_00014020,images/img_00014020.jpg,04_telegram_youtube,telegram_youtube,00428713f20119848a228dc31dad61bd927239b824cbca26e8bb67cd83654747,,pending,,,,1
img_00014021,images/img_00014021.jpg,04_telegram_youtube,telegram_youtube,a771a47a0d23e20ac777cace34e6dd7ddeade011161d5b49c186076b41ab373e,,pending,,,,1
img_00014022,images/img_00014022.jpg,04_telegram_youtube,telegram_youtube,9de17dd227889b2bb35fed2c20ab2d30ad94f346477e4f3df4dd5d8aa9688102,,pending,,,,1
img_00014023,images/img_00014023.jpeg,04_telegram_youtube,telegram_youtube,154b05b2af99ee7989df279b3e8da7eb368e5ff85552e2ac135b8023f38e3d63,,pending,,,,1
img_00014024,images/img_00014024.jpg,04_telegram_youtube,telegram_youtube,f556bd64c9d0ed6b502dc39690274bc97adf1b84d2f9ed5f27412b451913d908,,pending,,,,1
img_00014025,images/img_00014025.jpg,04_telegram_youtube,telegram_youtube,141f805640b07a788014468eaba74083a3a3b8c633c5bf143dbeaad0345ade29,,pending,,,,1
img_00014026,images/img_00014026.jpg,04_telegram_youtube,telegram_youtube,f9efe81d4d6522a04f472b68ff380a85a388f5264c7a5f037a6afb6b0ea6c8df,,pending,,,,1
img_00014027,images/img_00014027.jpg,04_telegram_youtube,telegram_youtube,a4cc6926da9323714a56658eaf8665a4f5271a38a364697782d0ebe949080351,,pending,,,,1
img_00014028,images/img_00014028.jpg,04_telegram_youtube,telegram_youtube,a216402b16a9dd9d230a1e1c7b537936a3fe981494733a06c11fecc5503ad07a,,pending,,,,1
img_00014029,images/img_00014029.jpg,04_telegram_youtube,telegram_youtube,a82a6c3a0888b4daa92cc538611bf2af8ecaa69447f495dcc7d19cc2d4f795fb,,pending,,,,1
img_00014030,images/img_00014030.jpg,04_telegram_youtube,telegram_youtube,e215d7577c4efc58644642e2482526673e56e86fdeeb8e582ab1e458cf7ba03a,,pending,,,,1
img_00014031,images/img_00014031.jpg,04_telegram_youtube,telegram_youtube,ce7b70268844b12622b018f55ac5242394f3f153eeddf5bd744b884fe293a6f1,,pending,,,,1
img_00014032,images/img_00014032.jpg,04_telegram_youtube,telegram_youtube,21c698634680669ea52ec1c978395b0b593fa7931a27f22857086dbe31d69d11,,pending,,,,1
img_00014033,images/img_00014033.jpg,04_telegram_youtube,telegram_youtube,25ce98108ea0713aa7b4d0adaa5338de7ce87942f4609fb4f158af29576f6081,,pending,,,,1
img_00014034,images/img_00014034.jpg,04_telegram_youtube,telegram_youtube,00e78fa1a987e2361815e1dfcc28d96d3a2afdf0a88d7ea951cdae9d433a3b2d,,pending,,,,1
img_00014035,images/img_00014035.jpg,04_telegram_youtube,telegram_youtube,8f018762bc2616fb7f3f7ada9b557e46864d0d7c1ca29dea664a217e0b724168,,pending,,,,1
img_00014036,images/img_00014036.jpg,04_telegram_youtube,telegram_youtube,c07ca9a3bb0d9bd06a47be54803fae727fb7f779cebdd8e62a45db51b3136a14,,pending,,,,1
img_00014037,images/img_00014037.jpg,04_telegram_youtube,telegram_youtube,6abd823265cf69814b8e50f59eab16dbebc7a73f4cab5980e71b6eb7fef684bd,,pending,,,,1
img_00014038,images/img_00014038.jpg,04_telegram_youtube,telegram_youtube,b004c0c31f199ca3a12e4ff0ba6d1af18c0c061ad331b1bf98bdee94d4de1917,,pending,,,,1
img_00014039,images/img_00014039.jpg,04_telegram_youtube,telegram_youtube,d27de385b12ffbc7b239e3a86db55e0748673166d88db1ea9ef09c3dee477d19,,pending,,,,1
img_00014040,images/img_00014040.png,04_telegram_youtube,telegram_youtube,5e014b7bb5ccea6b86ca1450eeb70f22ca9d6019ade1ff6f7b8761aeb39341cc,,pending,,,,1
img_00014041,images/img_00014041.jpg,04_telegram_youtube,telegram_youtube,43290ecd8512968feaf88863311ddd815e0f51fcf86457f320ad9244981f887e,,pending,,,,1
img_00014042,images/img_00014042.jpg,04_telegram_youtube,telegram_youtube,b3b12379eb18702ef27cfc2d4e84e42e2dd08387253316354d9bcb9fe504e3f0,,pending,,,,1
img_00014043,images/img_00014043.jpg,04_telegram_youtube,telegram_youtube,2139a9bc3ebcd9f5d08ba4982e4d8cb6cc51da7a98fc62ce926e4b5fde3c96d3,,pending,,,,1
img_00014044,images/img_00014044.jpg,04_telegram_youtube,telegram_youtube,9243757ba0f71c0a41bfabb41810d7f36d9c45158de13d47af96a384019e705d,,pending,,,,1
img_00014045,images/img_00014045.jpg,04_telegram_youtube,telegram_youtube,0a69e292639e3f2d41e0d587f5481ab7303df3251638151dd7f5f0aaf24c1249,,pending,,,,1
img_00014046,images/img_00014046.jpg,04_telegram_youtube,telegram_youtube,faa1d57dbf80651f50e3cf5316d2e3fe74c4077649751abccbd056acadc8bf2b,,pending,,,,1
img_00014047,images/img_00014047.jpg,04_telegram_youtube,telegram_youtube,e37050fb2ef3756d7b2346a135545b4aca94f83cb083b033f472c67362921f2a,,pending,,,,1
img_00014048,images/img_00014048.jpg,04_telegram_youtube,telegram_youtube,05976801af2fe0718b1c6d50d30339d8d042adb9564671704175b5b2ad678d09,,pending,,,,1
img_00014049,images/img_00014049.jpg,04_telegram_youtube,telegram_youtube,0a4300caec5bd8368f7726e75251facbc3d788ba90823a42f2b02c225779de61,,pending,,,,1
img_00014050,images/img_00014050.jpg,04_telegram_youtube,telegram_youtube,da24fbc6a2a07331b8252ff61fe6b6cc46e611021ce8a81dcaf4258b556223fb,,pending,,,,1
img_00014051,images/img_00014051.jpg,04_telegram_youtube,telegram_youtube,2c6699f78823e7bb333e59b9b7d7fd88d97754c62159b2d808cd96245e524dc2,,pending,,,,1
img_00014052,images/img_00014052.jpg,04_telegram_youtube,telegram_youtube,038b33200f8ddc3172a92d4f31af05621bf1279a7a06e47ab8299cc6e5cfb7ed,,pending,,,,1
img_00014053,images/img_00014053.jpg,04_telegram_youtube,telegram_youtube,0e64c5cad67c16002ea6331e72557397e6a05cf9402e4fe0a50deae00a09bacf,,pending,,,,1
img_00014054,images/img_00014054.jpg,04_telegram_youtube,telegram_youtube,c117b17a7d1e24956ac0cb437ff3dcde89c3f3ecaffe57a29e817c7b606c9b25,,pending,,,,1
img_00014055,images/img_00014055.jpg,04_telegram_youtube,telegram_youtube,a8dda4635c5f19e58f4fdf901aa3c06d4a60eac5bc52f7118be0fa062f067933,,pending,,,,1
img_00014056,images/img_00014056.jpg,04_telegram_youtube,telegram_youtube,c41e2771b862d83cad5e841d604476f9826958794f00b55a2423241db602c2d2,,pending,,,,1
img_00014057,images/img_00014057.jpg,04_telegram_youtube,telegram_youtube,1689aaf49a4567921ec1dcd25e79e1efbf9220b67413477b30b3487ff2cc06d3,,pending,,,,1
img_00014058,images/img_00014058.jpg,04_telegram_youtube,telegram_youtube,38ae8c4c7f2e9ff21c7f2ab139013196c55e2a7909b0268492bb00dd9763c4ab,,pending,,,,1
img_00014059,images/img_00014059.jpg,04_telegram_youtube,telegram_youtube,ec370887c43f97e7042d7aac1f1fd8c93fbe6d6e73e1cc6621a9552dd6e29bf3,,pending,,,,1
img_00014060,images/img_00014060.jpg,04_telegram_youtube,telegram_youtube,886f999c6ead74c4d330c8ac4c6b0697b24858b4477aa20c471717fbd13fe7f4,,pending,,,,1
img_00014061,images/img_00014061.jpg,04_telegram_youtube,telegram_youtube,aee9af2560f75a48d02e3f01135c945d51f589ad091051c888383c33c7323d85,,pending,,,,1
img_00014062,images/img_00014062.jpg,04_telegram_youtube,telegram_youtube,31dc1756eed3178c3fb220fc466e4a053932fe8ce5dccb2ef4c27d5c08a715cb,,pending,,,,1
img_00014063,images/img_00014063.jpg,04_telegram_youtube,telegram_youtube,16c89460cd6a6a7378660ae3aec94b8b7de8ceb2cb38580f73adfa93ac12a3e3,,pending,,,,1
img_00014064,images/img_00014064.jpg,04_telegram_youtube,telegram_youtube,994a0ad9c8f5d98515125d89fbcd281e0ce3a079458db2491c977ce75a21a1f3,,pending,,,,1
img_00014065,images/img_00014065.jpg,04_telegram_youtube,telegram_youtube,bac6aad0e7982f610dfa5dad41b3b31b30322da39ff9e165c9633fa8cb5107cb,,pending,,,,1
img_00014066,images/img_00014066.jpg,04_telegram_youtube,telegram_youtube,e92471f3ae895c332975a0ba1c9b2e717a4c362e9cfa6a7144927e56da98d66f,,pending,,,,1
img_00014067,images/img_00014067.jpg,04_telegram_youtube,telegram_youtube,3531305a71ffbbc659bf29e7fdd2eaa4058d9a866122850b268a2111fa1d4cc9,,pending,,,,1
img_00014068,images/img_00014068.jpg,04_telegram_youtube,telegram_youtube,8785dddc358606c9d8fa7cb038d44111f7ddc9b2fc0b34222e5259f762390ad2,,pending,,,,1
img_00014069,images/img_00014069.jpg,04_telegram_youtube,telegram_youtube,bab357e992180e625182d25fd29359bf913fc10da6221a9c0ee9de3bde63917c,,pending,,,,1
img_00014070,images/img_00014070.jpg,04_telegram_youtube,telegram_youtube,9fcecd5fed8d5bbb331c89bb3b82a6d5fdc448a6f23b9ad74633a0850a6f0ba7,,pending,,,,1
img_00014071,images/img_00014071.jpg,04_telegram_youtube,telegram_youtube,07996c10722f84c46b1c7740853245d8bb2e7096b3e8706b498667729fd7ce86,,pending,,,,1
img_00014072,images/img_00014072.jpg,04_telegram_youtube,telegram_youtube,64f5c88dbd28516b4f7fcee315a8c464c5c3c54fd95463128a2fff5962b2623c,,pending,,,,1
img_00014073,images/img_00014073.jpg,04_telegram_youtube,telegram_youtube,0c0f88387e3159ace6183ddc6145b31393128abbb5819591d312f1d8a0b6e762,,pending,,,,1
img_00014074,images/img_00014074.jpg,04_telegram_youtube,telegram_youtube,fce24cedf44d17d3f175b10183d7d2b488678c9461e52ff26164e7911928d6b1,,pending,,,,1
img_00014075,images/img_00014075.jpg,04_telegram_youtube,telegram_youtube,e95bd85d3a7ba2fafaf267ce064fac8c29d0365e7205c2816616e341b7810499,,pending,,,,1
img_00014076,images/img_00014076.jpg,04_telegram_youtube,telegram_youtube,da8d565f15dd968225b010ff70ac9a28917b4de8c4c412b006641d98e9d03977,,pending,,,,1
img_00014077,images/img_00014077.jpg,04_telegram_youtube,telegram_youtube,509f9bffb06427e92623e0d5424a5c6d2b0123fdd5f25710b170c2025217c66a,,pending,,,,1
img_00014078,images/img_00014078.jpg,04_telegram_youtube,telegram_youtube,be665abfcb5f1640d35b348e1cf4310dcfa447ba4fac81784ff06d3d6d670475,,pending,,,,1
img_00014079,images/img_00014079.jpg,04_telegram_youtube,telegram_youtube,65cabbe5c1cec83953219827fbc02014306ccf54e3ad28481fb435cb3ffb6e54,,pending,,,,1
img_00014080,images/img_00014080.jpg,04_telegram_youtube,telegram_youtube,e0b17cfba1a213f20275883ba84d19409cd8eb9caaa6f7c3467330cc7cd6d2f7,,pending,,,,1
img_00014081,images/img_00014081.jpg,04_telegram_youtube,telegram_youtube,77d4b261ca39faa3cf6fd72142b08b427838c6fcc1224dc8d3593e4d00070857,,pending,,,,1
img_00014082,images/img_00014082.jpg,04_telegram_youtube,telegram_youtube,7311be38f1e14b530f907558e5c6c2d3d7ed921a02a0ae2110b784bb9b6acfb3,,pending,,,,1
img_00014083,images/img_00014083.jpg,04_telegram_youtube,telegram_youtube,b25064c35da1468240048583989afc5c98f455889b5a3ced6f02b6192df872cf,,pending,,,,1
img_00014084,images/img_00014084.jpg,04_telegram_youtube,telegram_youtube,13fead177f901d7bc329eff7c42c3824ed4a9885a90a3e0b819073206f36edae,,pending,,,,1
img_00014085,images/img_00014085.png,04_telegram_youtube,telegram_youtube,70d079f6b91686c14284e752cfbc8446d2ef79641ebdf26993c31ef96f9342cf,,pending,,,,1
img_00014086,images/img_00014086.jpg,04_telegram_youtube,telegram_youtube,c69bb547437556e2f47b4f0855b422ac3760c053bdcf01f6a741eaa47940af34,,pending,,,,1
img_00014087,images/img_00014087.jpg,04_telegram_youtube,telegram_youtube,d64df92017c01a5d0961ec3af4656a946214654c2f41a1ef2b85a2dea4f00fbe,,pending,,,,1
img_00014088,images/img_00014088.jpg,04_telegram_youtube,telegram_youtube,9398ffcabcccbdf2e3e6d7a805a7e85c46ca789830fd57b2bd73a17a3e93dcef,,pending,,,,1
img_00014089,images/img_00014089.jpg,04_telegram_youtube,telegram_youtube,d83a10224b32de6e898db4400d2f854c408715a1f3e1627ed9d795decc4c9308,,pending,,,,1
img_00014090,images/img_00014090.jpg,04_telegram_youtube,telegram_youtube,15ce272ddeddc6b29ec91138f2deeb0672d460560fe5e43652c176c1f48951f8,,pending,,,,1
img_00014091,images/img_00014091.jpg,04_telegram_youtube,telegram_youtube,f96cfd12a8e18bdf90ee0a25c9aa2244b96079d5763739725a24455b729d1efb,,pending,,,,1
img_00014092,images/img_00014092.jpg,04_telegram_youtube,telegram_youtube,7768022661a2d89aff34388c57055bdee274a7dcc6362c5032983bd8b4d39573,,pending,,,,1
img_00014093,images/img_00014093.jpg,04_telegram_youtube,telegram_youtube,f525e7c6f1f915bd9fc1efc74139c85546b444ee432ed52b956a60a442c0480d,,pending,,,,1
img_00014094,images/img_00014094.jpg,04_telegram_youtube,telegram_youtube,6d3338dec06ee32183674f0c22b3c6b7179fd5ce6197571f6000a220f3b4f1b5,,pending,,,,1
img_00014095,images/img_00014095.jpg,04_telegram_youtube,telegram_youtube,9ab8660395583220922d1457a8e2428e9c17a7499ea38d29e559568ede4c8aa4,,pending,,,,1
img_00014096,images/img_00014096.jpg,04_telegram_youtube,telegram_youtube,16c5eb800252158ac317710138c3caa21d7c1f8d20399583c85989298617851b,,pending,,,,1
img_00014097,images/img_00014097.jpg,04_telegram_youtube,telegram_youtube,7ba0925e98a914274c6dd0d10026e7f4dd8ffc33e3ee34926e312cad1558687e,,pending,,,,1
img_00014098,images/img_00014098.jpg,04_telegram_youtube,telegram_youtube,d2fcb27413205c1626837ea0c03fa06b1656f469593099144c7f96cfc9631cce,,pending,,,,1
img_00014099,images/img_00014099.jpg,04_telegram_youtube,telegram_youtube,a59a2c45581ac8a3f2270dd472b4eacfee1320f161234899ef9b0e9e7143d5a8,,pending,,,,1
img_00014100,images/img_00014100.jpg,04_telegram_youtube,telegram_youtube,55131ce1034b1c30df187fb1099eadef3c67be8913ced58b15847d15ee326158,,pending,,,,1
img_00014101,images/img_00014101.jpg,04_telegram_youtube,telegram_youtube,69ac332085b703301ff51ee00cc54468a292ed2ca2ecfcf89a09a1c8b265a01a,,pending,,,,1
img_00014102,images/img_00014102.jpg,04_telegram_youtube,telegram_youtube,1f82edd551b4530228e6d44448dc4f238bf65193a5ee170167dd66963bd6c838,,pending,,,,1
img_00014103,images/img_00014103.jpg,04_telegram_youtube,telegram_youtube,68d0f6261a95f6c3e3c24d0c2508ebe3d8e169c5b686dfef5feab7cd43dbaaf9,,pending,,,,1
img_00014104,images/img_00014104.jpg,04_telegram_youtube,telegram_youtube,c05735ac64c88e12a39748f53511a037a7091173d8b4e7a1de14a7b1476ce53d,,pending,,,,1
img_00014105,images/img_00014105.jpg,04_telegram_youtube,telegram_youtube,76be01dc1b66827fb430119f55aa2032aa1e624cc59b52223f630893fd60a5e3,,pending,,,,1
img_00014106,images/img_00014106.jpg,04_telegram_youtube,telegram_youtube,ee90b80976c49e959a9171248258604315de4df9dcb743030f5a4b5eb4369fce,non_weapon,reviewed,,Lello,2026-04-22T10:08:19+00:00,1
img_00014107,images/img_00014107.jpg,04_telegram_youtube,telegram_youtube,3c778fefbf3d2f8db6faece83ab8502fb5fa693b165f6418b542175d16d63174,,pending,,,,1
img_00014108,images/img_00014108.jpg,04_telegram_youtube,telegram_youtube,fc784b97707d28ddc092126c186e1fe1dd4e79663683d7d6f52fca46b2bd8792,non_weapon,reviewed,,Lello,2026-04-22T10:08:32+00:00,1
img_00014109,images/img_00014109.jpg,04_telegram_youtube,telegram_youtube,cf993a3d9a26d14017d969604cbc7abb83d909ae08b48887bd63ebff14dc5d84,,pending,,,,1
img_00014110,images/img_00014110.jpg,04_telegram_youtube,telegram_youtube,a8cf7f727ea8b39c8724fe156833e83861af6b4f058db02f726e7e4ae72748a9,,pending,,,,1
img_00014111,images/img_00014111.jpg,04_telegram_youtube,telegram_youtube,695ea9fc4073b870cd51fac501ef97d4ce93806d41b3a1e01043c70faf6ffb1e,,pending,,,,1
img_00014112,images/img_00014112.jpg,04_telegram_youtube,telegram_youtube,971be7ebe7dc6001ccaf3f85aa679240c337faceb947b80f13fabc90caaca21f,,pending,,,,1
img_00014113,images/img_00014113.jpg,04_telegram_youtube,telegram_youtube,30edac0103cc77257a0a925e414c32a0563aca4043f4f4e390171eb721c2d43f,,pending,,,,1
img_00014114,images/img_00014114.jpg,04_telegram_youtube,telegram_youtube,d3626b4ead2f37a5af99cb61ec1524abdd56f1090ee32b276ee6c5e7ba1abeeb,non_weapon,reviewed,,Lello,2026-04-22T10:08:50+00:00,1
img_00014115,images/img_00014115.jpg,04_telegram_youtube,telegram_youtube,17344d5b1693dc9da60d598ccdccc2cc837d00e6048643dafcaeb5efd7edef4c,,pending,,,,1
img_00014116,images/img_00014116.jpg,04_telegram_youtube,telegram_youtube,83dfb9a13411dcda57a2a3848473056fa9ae54dd95b929917aeb00e51bf0ee04,,pending,,,,1
img_00014117,images/img_00014117.jpg,04_telegram_youtube,telegram_youtube,7f61e20cd5a605b73f8f5cf128983f0787cee9f46e19c347f5a3594968ea1fdc,,pending,,,,1
img_00014118,images/img_00014118.jpg,04_telegram_youtube,telegram_youtube,163171abf0a686e83234eebcda2f497e78efaa1169396990832a6f297368d72f,,pending,,,,1
img_00014119,images/img_00014119.jpg,04_telegram_youtube,telegram_youtube,0efecb883bebb7b638a93ab35594dc334f6614eab97a0d1df51aea0a411d98ef,,pending,,,,1
img_00014120,images/img_00014120.jpg,04_telegram_youtube,telegram_youtube,52716d50238d08d3ecd5a2b2327a04b2f5f299941134b3684887b7fca182fbac,,pending,,,,1
img_00014121,images/img_00014121.jpg,04_telegram_youtube,telegram_youtube,4eba200c62d88d3c83cda8e54ee6ff6ef51aa7a0305934452d175b3ad989fea0,,pending,,,,1
img_00014122,images/img_00014122.jpg,04_telegram_youtube,telegram_youtube,82d85207578bff8ba0354448f702fcc6fd7aa36870c3f877da3bf76464d14679,non_weapon,reviewed,,Lello,2026-04-22T10:09:16+00:00,1
img_00014123,images/img_00014123.jpg,04_telegram_youtube,telegram_youtube,73cda9710a9182ff21d62b45c1d1fbbeb5f91a3090535ff7cca3f8159dee5983,,pending,,,,1
img_00014124,images/img_00014124.jpg,04_telegram_youtube,telegram_youtube,37678c20e1c67f2214ed56e26865597e5d351352b7bdae441c79c539a270cf54,,pending,,,,1
img_00014125,images/img_00014125.jpg,04_telegram_youtube,telegram_youtube,1692539f43c14ca4c1182cc6f580c31017a2a86600018ee8c822fcbed177d39b,,pending,,,,1
img_00014126,images/img_00014126.jpg,04_telegram_youtube,telegram_youtube,4637709059fad6c3761562c7d2442a895bf6a14efe425e4ab5979396f34fdf0a,,pending,,,,1
img_00014127,images/img_00014127.jpg,04_telegram_youtube,telegram_youtube,1ec8d9a3505ba726304a7ea5e67e70ad48cbb37138a883b54be3fc7b29e40e7d,,pending,,,,1
img_00014128,images/img_00014128.jpg,04_telegram_youtube,telegram_youtube,009bb67bfc5cb537391bc334a05b70ddd4f690d0128a893248d911318b196baf,,pending,,,,1
img_00014129,images/img_00014129.jpg,04_telegram_youtube,telegram_youtube,f8c7855efa552cfe5fb862ce27ea284d522cfe3ceb3752dfe13617f8fec7f43e,,pending,,,,1
img_00014130,images/img_00014130.jpg,04_telegram_youtube,telegram_youtube,52a1eb212530bc46058d79b07f961fda362e74b56b1c031b3478586245a41885,,pending,,,,1
img_00014131,images/img_00014131.jpg,04_telegram_youtube,telegram_youtube,2b2ab008520b867a836e61e3cff2622b2a3375bff9255fc389f3c7352641f9ab,,pending,,,,1
img_00014132,images/img_00014132.jpg,04_telegram_youtube,telegram_youtube,484876e53da70d901d4b8891de5e3dee110cef069d7c714b2d24c09cd7e15bc7,non_weapon,reviewed,,Lello,2026-04-22T10:09:43+00:00,1
img_00014133,images/img_00014133.jpg,04_telegram_youtube,telegram_youtube,e020830fd18bf6f23effeaf0223ae8a37bec219317e448f067163fd985f5ca27,,pending,,,,1
img_00014134,images/img_00014134.jpg,04_telegram_youtube,telegram_youtube,194548ae002575f34d922b98fee57d9a757bf6a7da32ea4d0ca0c1402a84bb14,,pending,,,,1
img_00014135,images/img_00014135.jpg,04_telegram_youtube,telegram_youtube,0b1ea0f738fd7c74c07f6226a64ed739d46bc9841b3a1f6a6d616791eebe4edc,,pending,,,,1
img_00014136,images/img_00014136.jpg,04_telegram_youtube,telegram_youtube,e27334146be38adc602fbdcebf30360144da03035cb3b6c3e55495c8a46ad29f,,pending,,,,1
img_00014137,images/img_00014137.jpg,04_telegram_youtube,telegram_youtube,249031164dc7a18c13fd9a3b972899b572ded96b9af3d1064a50b909ca3fb175,,pending,,,,1
img_00014138,images/img_00014138.jpg,04_telegram_youtube,telegram_youtube,2c03bfd8963c0589031e56b41780334ee3a472bad14ec2b1aea9f539b88a283c,non_weapon,reviewed,,Lello,2026-04-22T10:09:55+00:00,1
img_00014139,images/img_00014139.jpg,04_telegram_youtube,telegram_youtube,d057e66eaf4e0696efabef571ff498fc09fff48303781ba5572a610333ff6215,,pending,,,,1
img_00014140,images/img_00014140.jpg,04_telegram_youtube,telegram_youtube,1da8e922f2f5bfca0abd5e1abae1b11fd872403861e17447593fa129ea4fd49a,,pending,,,,1
img_00014141,images/img_00014141.jpg,04_telegram_youtube,telegram_youtube,4a1a1fbdce1998bfb3ff0e93cfd2fa1838d0117a47b7efb3c29191a3a3f106dd,,pending,,,,1
img_00014142,images/img_00014142.jpg,04_telegram_youtube,telegram_youtube,6c1c876291761345a0fd98157ceec2b19e658764cb21fd7735f7dffcca3f7b8b,,pending,,,,1
img_00014143,images/img_00014143.jpg,04_telegram_youtube,telegram_youtube,b0d3a07aa6f1a49cfce2f246459b87aefe5de2239352478e97ab21e6398e8daa,,pending,,,,1
img_00014144,images/img_00014144.jpg,04_telegram_youtube,telegram_youtube,6a81f929e801a1c6a1b52bb03f114fc0275a1692a99893904834b1f3f0e8652f,non_weapon,reviewed,,Lello,2026-04-22T10:10:06+00:00,1
img_00014145,images/img_00014145.jpg,04_telegram_youtube,telegram_youtube,5861153a167c426a5fe3f3b4f6afc98fd2a21927fa0e14657f618fda72d4da38,,pending,,,,1
img_00014146,images/img_00014146.jpg,04_telegram_youtube,telegram_youtube,f5219e593520f40d3ed50db07fb32eee64e54ef0f3ed5b4443fb5229fed8a97d,,pending,,,,1
img_00014147,images/img_00014147.jpg,04_telegram_youtube,telegram_youtube,a0fa430a8a1c8c0419325c5fabc927c15df354a940d5f9fb6b73ab3d5777bd14,,pending,,,,1
img_00014148,images/img_00014148.jpg,04_telegram_youtube,telegram_youtube,34054ed709e60e66e7c8e7dafd2597f5a3c34d849da3fa820c21be5008c7c351,,pending,,,,1
img_00014149,images/img_00014149.jpg,04_telegram_youtube,telegram_youtube,c24a892b1c3a48deb44167057b85bb1b0bedf0d01216126450120bc67ce18e25,non_weapon,reviewed,,Lello,2026-04-22T10:10:17+00:00,1
img_00014150,images/img_00014150.jpg,04_telegram_youtube,telegram_youtube,d9036b0b48ed26d858f09225792437a38a4ed7178943da9c42ca9ea3759cb143,,pending,,,,1
img_00014151,images/img_00014151.jpg,04_telegram_youtube,telegram_youtube,2c2eff57e3428c2e0eaccebd192551e65e97308deacf29e6cfd1b4154dbbdd45,non_weapon,reviewed,,Lello,2026-04-22T10:10:09+00:00,1
img_00014152,images/img_00014152.jpg,04_telegram_youtube,telegram_youtube,dda3937c0652e182f6673c39eff81627319ce2d8e34bc148699e2d89e2f45456,non_weapon,reviewed,,Lello,2026-04-22T10:10:23+00:00,1
img_00014153,images/img_00014153.jpg,04_telegram_youtube,telegram_youtube,1859ffefef626738686e652927ca5e4f4bfc08d44076fd6008a985e9f988f98d,,pending,,,,1
img_00014154,images/img_00014154.jpg,04_telegram_youtube,telegram_youtube,d44e7d89bcc83212eb8efb60e31160ef34cbc8968309bebc5a656e51d04e11e9,,pending,,,,1
img_00014155,images/img_00014155.jpg,04_telegram_youtube,telegram_youtube,24ee36eb45c70be5cd5b15ce3b6db376a45aec6199674f75387511b0f320ad46,,pending,,,,1
img_00014156,images/img_00014156.jpg,04_telegram_youtube,telegram_youtube,2af3c61e88d956351d290443fc26b0b46173c43290346b44bf85bc2f039ec790,,pending,,,,1
img_00014157,images/img_00014157.jpg,04_telegram_youtube,telegram_youtube,bea6b6e229464bcd85baf318a440ab347030b983afcd0a86e06f4ab8b5b07efd,,pending,,,,1
img_00014158,images/img_00014158.jpg,04_telegram_youtube,telegram_youtube,ca09d6fa34df91dc3d370ec36f99216b8f729f2304a895e535e9c0bb993ae677,,pending,,,,1
img_00014159,images/img_00014159.jpg,04_telegram_youtube,telegram_youtube,c8401f74fed66d325f784ddb9cd331f4039f5f51e7de6043af3b7c15626e9b44,,pending,,,,1
img_00014160,images/img_00014160.jpg,04_telegram_youtube,telegram_youtube,3fbb672055c02c14c50e7fd41a5b4158f9e31f8caa2cbeb12fa8f4b684ace2db,non_weapon,reviewed,,Lello,2026-04-22T10:10:32+00:00,1
img_00014161,images/img_00014161.jpg,04_telegram_youtube,telegram_youtube,25be822948a412885c5aa6d2604193ba44d81277270746336cf8dbbd977de7ab,,pending,,,,1
img_00014162,images/img_00014162.jpg,04_telegram_youtube,telegram_youtube,ba352a6a22917c243cfbb4e9be0f87e51883a6e94c481bb2b66518df22394c79,,pending,,,,1
img_00014163,images/img_00014163.jpg,04_telegram_youtube,telegram_youtube,d29b1a386a3c4ae251b24c3219b70d981d17fb8441cf93d28f529e735304e797,,pending,,,,1
img_00014164,images/img_00014164.jpg,04_telegram_youtube,telegram_youtube,13bbc3ae8c077161c736b529e76e95b2f95b9ee9eb592c6e682c54efdd36e115,,pending,,,,1
img_00014165,images/img_00014165.jpg,04_telegram_youtube,telegram_youtube,a7790d15be7d44606f6aab5d2700086204790f442a9927988c6ee64f21ceb6ac,,pending,,,,1
img_00014166,images/img_00014166.jpg,04_telegram_youtube,telegram_youtube,0277e0262122255bb6eaa3be841e2d6640e6739151bea0169d284a775f904a8b,,pending,,,,1
img_00014167,images/img_00014167.jpg,04_telegram_youtube,telegram_youtube,e54e64591a3e05ceed40d2015fb92e172ea698a9c21bb37c360bfa6a335284d3,,pending,,,,1
img_00014168,images/img_00014168.jpg,04_telegram_youtube,telegram_youtube,e83cd96f62d85aeb2095d99825f1cb7335a9c58f76ca42c1fc107fa89f92da72,,pending,,,,1
img_00014169,images/img_00014169.jpg,04_telegram_youtube,telegram_youtube,61f71b0cdf74d25dba3e10f07f26abc837df8456fc93583093857207f1468603,,pending,,,,1
img_00014170,images/img_00014170.jpg,04_telegram_youtube,telegram_youtube,e76f7e26b6047192a7b65d95c513b4dd2ebb4b87a47cad8109b785e034c33d9d,,pending,,,,1
img_00014171,images/img_00014171.jpg,04_telegram_youtube,telegram_youtube,1e26f3bc7ac63b9215e0e4500ee7860c370d95f48bccbd704da8385e1b4ccac7,,pending,,,,1
img_00014172,images/img_00014172.jpg,04_telegram_youtube,telegram_youtube,1fcc1a3ee0e56696dfcf5981bd0f7b7e518e8001de5850a5cec8a11baf43a1a5,,pending,,,,1
img_00014173,images/img_00014173.jpg,04_telegram_youtube,telegram_youtube,8bdb01fa92d98eae3f8e60ffcc9f932b1d7bf45d9a1f6d0aba4923044c490fa3,,pending,,,,1
img_00014174,images/img_00014174.jpg,04_telegram_youtube,telegram_youtube,5a29c565034f88cd31478850185f6d9adf00aad7524a2251edc02c459557911b,,pending,,,,1
img_00014175,images/img_00014175.jpg,04_telegram_youtube,telegram_youtube,156acaf818308a8cf6141803007bea599a7b9a95f178e4302339df052b6750a9,,pending,,,,1
img_00014176,images/img_00014176.jpg,04_telegram_youtube,telegram_youtube,9500f93a1e0b2bb1726834185dff7d9b15d5670942eb5d303913c56326877729,,pending,,,,1
img_00014177,images/img_00014177.jpg,04_telegram_youtube,telegram_youtube,9a9c64123649a51abf4f2b4f0f85fac7bce370af4275c4f343d0d51199c31276,,pending,,,,1
img_00014178,images/img_00014178.jpg,04_telegram_youtube,telegram_youtube,5383017462c4ba39fac376e71e47a6fd69cd2d4894b32c528ebc382e077d983b,,pending,,,,1
img_00014179,images/img_00014179.jpg,04_telegram_youtube,telegram_youtube,bcaf33a5ed71dce277091c6052809437fa40e917e4d37f6c5e92dff1c97b5550,,pending,,,,1
img_00014180,images/img_00014180.jpg,04_telegram_youtube,telegram_youtube,5b13f3e2f227479fdd0f281eb53abdac784e786863d5de62f56939715815eb7b,,pending,,,,1
img_00014181,images/img_00014181.jpg,04_telegram_youtube,telegram_youtube,f34ab8579211fa6335ccb12292fb639d8362f040cb355bb5d6a80a9f1cf42225,,pending,,,,1
img_00014182,images/img_00014182.jpg,04_telegram_youtube,telegram_youtube,fd063394c80e83fdcb1e09d407762aa71dd35743f2d28fa8523b650289142aac,,pending,,,,1
img_00014183,images/img_00014183.jpg,04_telegram_youtube,telegram_youtube,ccec9fdf88c4bd79b06f850b8ce28a4275cf806715884bab07a1cfc85113be02,,pending,,,,1
img_00014184,images/img_00014184.jpg,04_telegram_youtube,telegram_youtube,ea74e773166363235e341652c925d0aa8f310c4c757910047898f930d3cd3633,non_weapon,reviewed,,Lello,2026-04-22T10:10:43+00:00,1
img_00014185,images/img_00014185.jpg,04_telegram_youtube,telegram_youtube,cde535bd425bdcc4b1ada1170a1bc6a810f50432221d8eda701e24fcdea50285,,pending,,,,1
img_00014186,images/img_00014186.jpg,04_telegram_youtube,telegram_youtube,0f6cc6049320fd821dc3e243a46fb7cd6e808cd442adb86c60bbdb98c48f7cfe,,pending,,,,1
img_00014187,images/img_00014187.jpg,04_telegram_youtube,telegram_youtube,a917905f6fcf528b726a6cedf32dfc25d9bb82bfc39d7c6ef1b36b7529b79c0d,,pending,,,,1
img_00014188,images/img_00014188.jpg,04_telegram_youtube,telegram_youtube,97a1fdacf939a365e58a8fb220b6f85e0e81d8eaa82b2355880bee8f329b2fff,non_weapon,reviewed,,Lello,2026-04-22T10:10:46+00:00,1
img_00014189,images/img_00014189.jpg,04_telegram_youtube,telegram_youtube,ba1daf39c178f4d62c3fcf61bc8d6186d3ea460728b44ccf6d67334e80cb1b80,,pending,,,,1
img_00014190,images/img_00014190.jpg,04_telegram_youtube,telegram_youtube,c9e752f5f7ea54bfdc4f21a9b154f6b945fbd562db96199642a1154d6fffe4f3,non_weapon,reviewed,,Lello,2026-04-22T10:10:54+00:00,1
img_00014191,images/img_00014191.jpg,04_telegram_youtube,telegram_youtube,55f03174aa4a5541b55a8638db8a5edf78ee9c50fbf7526a9e573642718a732c,non_weapon,reviewed,,Lello,2026-04-22T10:11:03+00:00,1
img_00014192,images/img_00014192.jpg,04_telegram_youtube,telegram_youtube,e79d905e76bd82c585a899c8bd110ec52adeae458d077e2cb3a1c6e6a177650c,,pending,,,,1
img_00014193,images/img_00014193.jpg,04_telegram_youtube,telegram_youtube,17f480e6a6d9b27e037ac1cb5aa31362509529c31bc9338eedb02d274e1cead4,,pending,,,,1
img_00014194,images/img_00014194.jpg,04_telegram_youtube,telegram_youtube,9fa912dc307ac5a8f78119d79129200ec109704d238ddfadba37ea714e37d536,,pending,,,,1
img_00014195,images/img_00014195.jpg,04_telegram_youtube,telegram_youtube,078bb063361b588934dab547c0715b0d3f52e9d4aab4af8000c87cae48680861,,pending,,,,1
img_00014196,images/img_00014196.jpg,04_telegram_youtube,telegram_youtube,24e3fde63f7ac6182ea8a06add5e7a8b636e3df1531fff5c3cb974b5692b7b1c,,pending,,,,1
img_00014197,images/img_00014197.jpg,04_telegram_youtube,telegram_youtube,abb3c27c326c0234764c1397e3791019db41a1bf05340503442864c03c970175,,pending,,,,1
img_00014198,images/img_00014198.jpg,04_telegram_youtube,telegram_youtube,99a45e641e7df7614d0386e62c047c7f05a5ba1e4ba4d2a5285edf38fd75d9bb,,pending,,,,1
img_00014199,images/img_00014199.jpg,04_telegram_youtube,telegram_youtube,629242c4f620b6112d353702f70abf76f7f5111966868f1b1f7e8726b283d190,,pending,,,,1
img_00014200,images/img_00014200.jpg,04_telegram_youtube,telegram_youtube,e3fff33c46840dd51a2361a4acf96abe268c7fad69742d8738d3b914280f6ba2,,pending,,,,1
img_00014201,images/img_00014201.jpg,04_telegram_youtube,telegram_youtube,430c38b3544fef8c947f82807c82a7666759ba8908503e0c6029a5c0fba338ec,,pending,,,,1
img_00014202,images/img_00014202.jpg,04_telegram_youtube,telegram_youtube,6de1adcf4b55e2ffedfdf1371ed0bdb172204b4dfa593ae04089e23ef4d2e17b,,pending,,,,1
img_00014203,images/img_00014203.png,04_telegram_youtube,telegram_youtube,4b7b7ec85780c12f72b9a1710af07139b996080631619034b36bf255bc715d10,,pending,,,,1
img_00014204,images/img_00014204.jpg,04_telegram_youtube,telegram_youtube,12e7e29942da9b16ea99e731474ce3466b5934bd7991ec2624a3145e9d14c078,,pending,,,,1
img_00014205,images/img_00014205.jpg,04_telegram_youtube,telegram_youtube,5e7d2348d43340fdd6db6afb420ac1e0648f9d9b526e05753e43a8acfc66650d,,pending,,,,1
img_00014206,images/img_00014206.jpg,04_telegram_youtube,telegram_youtube,3328b887db9644a0cf692e2a688cd13d53d498a41f78752fb1f82f06389a2021,,pending,,,,1
img_00014207,images/img_00014207.jpg,04_telegram_youtube,telegram_youtube,7de4c26722a4330b970eb132c1b0c6958a30dea70b209b0b1306955411efeab1,,pending,,,,1
img_00014208,images/img_00014208.jpg,04_telegram_youtube,telegram_youtube,53584f0549d8181c642717071f70a958ebec4e6ed6a5dcd6a49bfb596db0216b,,pending,,,,1
img_00014209,images/img_00014209.jpg,04_telegram_youtube,telegram_youtube,294b6ab978c1ac8a75f83ed6d7030903defda9f63411c5bee85327c6f8e8dd02,,pending,,,,1
img_00014210,images/img_00014210.jpg,04_telegram_youtube,telegram_youtube,1ce82bd103ce23e1e0624d17b6992172f85f8c80316148c55ed8c31f9309b28e,,pending,,,,1
img_00014211,images/img_00014211.jpg,04_telegram_youtube,telegram_youtube,0c2d980919388d06d7cfc13d1ffaaf84d0c428b94c18d012294083c5753e8b46,,pending,,,,1
img_00014212,images/img_00014212.jpg,04_telegram_youtube,telegram_youtube,8304c847dc8ac0615ab9ed1a38a1e9215227642453e71b808d703d71628e5031,,pending,,,,1
img_00014213,images/img_00014213.jpg,04_telegram_youtube,telegram_youtube,54f826e57cccfc147ce5689b8defb0a1fcb4372f00daab5b4f7d1f28e68e9a54,,pending,,,,1
img_00014214,images/img_00014214.jpg,04_telegram_youtube,telegram_youtube,2c1a3774522dd70098267527b95c70aebc9023e57d5822ca6a5323815d608eab,,pending,,,,1
img_00014215,images/img_00014215.jpg,04_telegram_youtube,telegram_youtube,9c228102b911f4be759045cf92c3ecf6ac0f837d3cdc261a8b9e09a97f597535,,pending,,,,1
img_00014216,images/img_00014216.jpg,04_telegram_youtube,telegram_youtube,62e16145317177167d680632e944a095a345724d11c4a3b989bafdd1ecead3d7,,pending,,,,1
img_00014217,images/img_00014217.jpg,04_telegram_youtube,telegram_youtube,42ab4ebbe68be4d04f17afaee930ce5d5e206e7bea7f743e5be73c25ac4bc530,,pending,,,,1
img_00014218,images/img_00014218.jpg,04_telegram_youtube,telegram_youtube,b970c1d194ebd8ee3178654dbf04bd8ddcfd99a3c764b2b6ca64d32cae4a243f,,pending,,,,1
img_00014219,images/img_00014219.jpg,04_telegram_youtube,telegram_youtube,8221f48603baadf74b4f4eda933f85c66e4cceff2ae2ad7e05b7382b555c8cb0,,pending,,,,1
img_00014220,images/img_00014220.jpg,04_telegram_youtube,telegram_youtube,a73485554ea23bd1133aad76c89b91865d16fd2d481ca68f39ea573b89a49d35,,pending,,,,1
img_00014221,images/img_00014221.jpg,04_telegram_youtube,telegram_youtube,544108c2aabd5b10e70129a70adc03fd03a072db6085726fac4bd3266decbcaf,,pending,,,,1
img_00014222,images/img_00014222.jpg,04_telegram_youtube,telegram_youtube,f7a5deee3cea3b50b7c437817333f79782c24f452201f9cf4fbb79abee7b3338,,pending,,,,1
img_00014223,images/img_00014223.jpg,04_telegram_youtube,telegram_youtube,bfae63964d2b4275f47aa5de71a5fb66f600795637e1b1e168db2011b6a3248f,,pending,,,,1
img_00014224,images/img_00014224.jpg,04_telegram_youtube,telegram_youtube,07bcbcc36671cf33c0281f649e806c13356237a181d0d71fc5bb46dffaea9858,,pending,,,,1
img_00014225,images/img_00014225.jpg,04_telegram_youtube,telegram_youtube,911d697d05c003dbffb0dcaded3987fe4d9a1c3bb906f46dc889b560ad45fb25,,pending,,,,1
img_00014226,images/img_00014226.jpg,04_telegram_youtube,telegram_youtube,d38c1699579d78d8c38a61ef0508794dbe603e5de381519326780a5dd78238cb,,pending,,,,1
img_00014227,images/img_00014227.jpg,04_telegram_youtube,telegram_youtube,b491c7dc9ddbeebe0f308f4ea0d24c9967f877fccb7952ef055ffca55dbb6c6a,,pending,,,,1
img_00014228,images/img_00014228.jpg,04_telegram_youtube,telegram_youtube,43dd2e60cb20dbc76aa4cf9fb14eb71df21f5044c23902bb907dfe7ba34063ab,,pending,,,,1
img_00014229,images/img_00014229.jpg,04_telegram_youtube,telegram_youtube,8e0bae1db56199d67d4fe64307057aaeaf143f6c3261ad23b7578ac290a6fcef,,pending,,,,1
img_00014230,images/img_00014230.jpg,04_telegram_youtube,telegram_youtube,c733c844ed8b1d641cf33f250ceb9de045ae44786d57704f614b24642c647346,,pending,,,,1
img_00014231,images/img_00014231.jpg,04_telegram_youtube,telegram_youtube,d48a7da81ccbec87a17374f90e0359928baf026a9d4b08c6ba4dccd80935d8fe,,pending,,,,1
img_00014232,images/img_00014232.jpg,04_telegram_youtube,telegram_youtube,ca6a0f3ba2aa1017c5deff9d124ed965fe5d11183ee924267ec34333451f8fae,,pending,,,,1
img_00014233,images/img_00014233.jpg,04_telegram_youtube,telegram_youtube,d7102f0d38ba86a8e457148c252dae051454309abecaceeb453618b89686240c,,pending,,,,1
img_00014234,images/img_00014234.jpg,04_telegram_youtube,telegram_youtube,ce1dbd63451cbc41541582f0daddbfa96eaa87fe83c136c85a0a6217ddc119ab,,pending,,,,1
img_00014235,images/img_00014235.jpg,04_telegram_youtube,telegram_youtube,f69adc8066a9cb69ceca4f7693797c6ae57e41fb8c36c7046075908db8436ebf,,pending,,,,1
img_00014236,images/img_00014236.jpg,04_telegram_youtube,telegram_youtube,26ed0caa17485a963651c54c6e047f597b9be2f594c23430329a9fbbdf5ff44b,,pending,,,,1
img_00014237,images/img_00014237.jpg,04_telegram_youtube,telegram_youtube,da57f2b0b77880b3ed4cf515024287e2c782065c5c3376241aca1c8002f690d7,,pending,,,,1
img_00014238,images/img_00014238.jpg,04_telegram_youtube,telegram_youtube,d5eab54aadb7c58492de4c4a007d45cc621f00ae396eba5571fa283e94049859,,pending,,,,1
img_00014239,images/img_00014239.jpg,04_telegram_youtube,telegram_youtube,9dfc79ac89f3c291cd66b21f1ce9c3e8044d5975051855b4f089d09e0bcae6d7,,pending,,,,1
img_00014240,images/img_00014240.jpg,04_telegram_youtube,telegram_youtube,46a921706e3a4ce81277d725586957afd544bed8f4c11c21ccf205c229460732,,pending,,,,1
img_00014241,images/img_00014241.jpg,04_telegram_youtube,telegram_youtube,58ee7ade4985b907f077918817ff6f312a33a04362fa1060d6f0373bbd8b0727,,pending,,,,1
img_00014242,images/img_00014242.jpg,04_telegram_youtube,telegram_youtube,f3866f15573bcd4eef438e75a46e95fe7dd967d149dc5bd2d30da6ca0e9baab4,,pending,,,,1
img_00014243,images/img_00014243.jpg,04_telegram_youtube,telegram_youtube,19426ebd14e9997e3becd68d2acf2e6a50b11c6894e44f859eb0b9a332bc5298,,pending,,,,1
img_00014244,images/img_00014244.jpg,04_telegram_youtube,telegram_youtube,6ff7e74b1942ac12327de016f8f7d96b469ed0941805d841f49d0f909ef96185,,pending,,,,1
img_00014245,images/img_00014245.jpg,04_telegram_youtube,telegram_youtube,e9acf126ac2760180dd8e3823f00557802995990db5b4044408a95a9e84593a9,,pending,,,,1
img_00014246,images/img_00014246.jpg,04_telegram_youtube,telegram_youtube,9198a5187f2999bccf5ff8c8fabfaf028de0131e6b82943c009ee4cd9b4454a4,,pending,,,,1
img_00014247,images/img_00014247.jpg,04_telegram_youtube,telegram_youtube,a66521f37dad29765361b9f770facf2f868bad49154ad94c57bb6a29abc67bde,,pending,,,,1
img_00014248,images/img_00014248.jpg,04_telegram_youtube,telegram_youtube,0acc4bc69e0bc1cea670cb88b66b98ed5d377e9c73c397ffdd9521bd59c311b1,,pending,,,,1
img_00014249,images/img_00014249.jpg,04_telegram_youtube,telegram_youtube,025642c315ddb7450b9b7540d1803eb1f8a208f16237af3b1408ed5adff72d84,,pending,,,,1
img_00014250,images/img_00014250.jpg,04_telegram_youtube,telegram_youtube,847392652a89503848c1dc1c0d7ae65e2d93492b4bd53494a42087762b172c7e,,pending,,,,1
img_00014251,images/img_00014251.jpg,04_telegram_youtube,telegram_youtube,27269aacd34c00869b74f1ee3dd623d1aaa2343b88adb12ff22e4732b107f4e6,,pending,,,,1
img_00014252,images/img_00014252.jpg,04_telegram_youtube,telegram_youtube,472133e272e938b28d363a3fe7946830ad7df7eca54e170d7f1bfb26031440ad,,pending,,,,1
img_00014253,images/img_00014253.jpg,04_telegram_youtube,telegram_youtube,ebde9c227ebd29f95a075ea505c232d7bd46ef4f6098518d15feffd77ab8a9fd,,pending,,,,1
img_00014254,images/img_00014254.jpg,04_telegram_youtube,telegram_youtube,14a00a4158a847a39a56b7d78d5a6a8166b4968b841136b0aaa97cdf9a1a57a2,,pending,,,,1
img_00014255,images/img_00014255.jpg,04_telegram_youtube,telegram_youtube,414adaacd6b0139217bd17629ffe0699eb7c1c7dc387ab611745b5f5c7c33821,,pending,,,,1
img_00014256,images/img_00014256.jpg,04_telegram_youtube,telegram_youtube,f9c98237f6700e2ddb276a594e59ec4ee7f518da71cb49c0dc2135aaabecd89b,,pending,,,,1
img_00014257,images/img_00014257.jpg,04_telegram_youtube,telegram_youtube,9c02698f97eb829ba3a17b88c0bff18a61001ec9e177892719dcf4f739226fe3,,pending,,,,1
img_00014258,images/img_00014258.jpg,04_telegram_youtube,telegram_youtube,b52df7de008131f54a43202a0e984c47521ca1abd82d61e343bbedc634c77100,,pending,,,,1
img_00014259,images/img_00014259.jpg,04_telegram_youtube,telegram_youtube,e5b39d818b3232f90b94c8605fbcfc130563219aa53d221bf4782719fb1f8de8,,pending,,,,1
img_00014260,images/img_00014260.jpg,04_telegram_youtube,telegram_youtube,ca067451e6da66877236bcaaa4e40a6e550ec76975341d318a570909dd6e7158,,pending,,,,1
img_00014261,images/img_00014261.jpg,04_telegram_youtube,telegram_youtube,2dce1f17825e14cf6542291a17d2d7a975fbe7b205db721c8fdd80b0e45e1c2a,,pending,,,,1
img_00014262,images/img_00014262.jpg,04_telegram_youtube,telegram_youtube,9e2ef9f6956f9cc35a5f12d540c52b61a77b362701a7f2cd3ba92eac0af75231,,pending,,,,1
img_00014263,images/img_00014263.jpg,04_telegram_youtube,telegram_youtube,d99933842be430b87f8470318cb594874be822c196c786d332abf173277a4a8e,,pending,,,,1
img_00014264,images/img_00014264.jpg,04_telegram_youtube,telegram_youtube,e32ffc48a94a1cceb7c05d64f4c9c19818b8b2d252f1ea62dbd9c63ba13ec2fd,,pending,,,,1
img_00014265,images/img_00014265.jpg,04_telegram_youtube,telegram_youtube,6197cf1915a3f0531e86e763b8957ae47ef63c2f8ea633437b5228c453ca808e,,pending,,,,1
img_00014266,images/img_00014266.jpg,04_telegram_youtube,telegram_youtube,91522b41ccd51bbc10bcc3956faefa45bc74e9c7e8f18cc643767d84ee0de2c7,,pending,,,,1
img_00014267,images/img_00014267.jpg,04_telegram_youtube,telegram_youtube,252b98615e64a01bdbac4b623629f8627d4da17d3d35adf1343f347425cdb335,,pending,,,,1
img_00014268,images/img_00014268.jpg,04_telegram_youtube,telegram_youtube,8f805386639898fc6c53d814c8de4e8f9104bbbc71bec88a3a146c825091b2ef,non_weapon,reviewed,,Lello,2026-04-22T10:11:34+00:00,1
img_00014269,images/img_00014269.jpg,04_telegram_youtube,telegram_youtube,bf88f63e96fb5cd6c242e0200435d34c032c5d79e79e98b51cdb7716e88408b6,,pending,,,,1
img_00014270,images/img_00014270.jpg,04_telegram_youtube,telegram_youtube,290784617b3ad65f2ca73dd4a48802d174dbca0b1322450ea691ab4d4067aeb4,,pending,,,,1
img_00014271,images/img_00014271.jpg,04_telegram_youtube,telegram_youtube,a24d1d65e248e3bb906046217f8c23fd2dc050f63c95f1fae97bccd013739f73,,pending,,,,1
img_00014272,images/img_00014272.jpg,04_telegram_youtube,telegram_youtube,95ede0dcfeb6b3b2baec406ff100f5bfa7be8742d273df62160490d6e8c962a2,,pending,,,,1
img_00014273,images/img_00014273.jpg,04_telegram_youtube,telegram_youtube,251bd068edd2039d87c6f5fe4c8d23a9bab707070177192f0ad94bc7725fa5f3,,pending,,,,1
img_00014274,images/img_00014274.jpg,04_telegram_youtube,telegram_youtube,394bf7a46f177444b0a2d17a364b7ec48d2f1798ae442649867e88dfeadeb69f,,pending,,,,1
img_00014275,images/img_00014275.jpg,04_telegram_youtube,telegram_youtube,0ca72f1e4260a2b43cdd9bd0330dafbcf5879a0657ef213a4d8ed03e3010ab79,,pending,,,,1
img_00014276,images/img_00014276.jpg,04_telegram_youtube,telegram_youtube,a80292e181dfdab33d90d706254a14fe1c2de028eacc17d45179a4a4a737ff1d,,pending,,,,1
img_00014277,images/img_00014277.jpg,04_telegram_youtube,telegram_youtube,4d3e8845afe9ca267c8cbb7d929c043cdfa6e9596f696b7c15f865085a7044c3,,pending,,,,1
img_00014278,images/img_00014278.jpg,04_telegram_youtube,telegram_youtube,da71c7dff35d77930345b0f457624a022604056d4813a33685fc8e4fb472561f,,pending,,,,1
img_00014279,images/img_00014279.jpg,04_telegram_youtube,telegram_youtube,d7cf55f501e9768b23f606182dc89c74dcb932fefc5a8f9ce57c12d0c986847f,,pending,,,,1
img_00014280,images/img_00014280.jpg,04_telegram_youtube,telegram_youtube,514bdb180c2082076cbb41ce084d5e1789cc012b707626b4bc5658aae06cf6fe,,pending,,,,1
img_00014281,images/img_00014281.jpg,04_telegram_youtube,telegram_youtube,13ab448bd4691ae25c16703b70e50b8d98acab89d02bbcd903daf7ee7c3b44a6,,pending,,,,1
img_00014282,images/img_00014282.jpg,04_telegram_youtube,telegram_youtube,0455e150bb8d290067a81375c33bd956d83c79dad09aa1cc703b30807ec6702c,,pending,,,,1
img_00014283,images/img_00014283.jpg,04_telegram_youtube,telegram_youtube,b9e47c9d4b7375564dd31cf3cb2eb8939c938310ec3cac2b4a83bdd860941a96,,pending,,,,1
img_00014284,images/img_00014284.jpg,04_telegram_youtube,telegram_youtube,ca16d1d5d2e307256b9feb0770eb8ccc129dedc15fde288ee7194e97c49bad49,,pending,,,,1
img_00014285,images/img_00014285.jpg,04_telegram_youtube,telegram_youtube,ab2adcd0083ea3f513ec882db6d8262efe21750d956b2f10897bea3e362c6b09,,pending,,,,1
img_00014286,images/img_00014286.jpg,04_telegram_youtube,telegram_youtube,14f3317061fc48f089fea3723b8b955177b0e80f7b601eaf50549dfa05f893a8,,pending,,,,1
img_00014287,images/img_00014287.jpg,04_telegram_youtube,telegram_youtube,3c0fa5cabf18b6870a3592d7e6ba1babe59176f2c0a49ad721549e449219da82,,pending,,,,1
img_00014288,images/img_00014288.jpg,04_telegram_youtube,telegram_youtube,54c54a1b19ec4185e147006f3a2086866520b65013e6e4329eef6cb82b302f3a,,pending,,,,1
img_00014289,images/img_00014289.jpg,04_telegram_youtube,telegram_youtube,156dd9cbe5983af14c70d2f0b05cee0bf036a77a3522d4e9b0ae0ff4196c54c2,,pending,,,,1
img_00014290,images/img_00014290.jpg,04_telegram_youtube,telegram_youtube,9fb178666b83b8840cdc553b9f0c07374520e5843d0828d680f57ed505bd7c89,,pending,,,,1
img_00014291,images/img_00014291.jpg,04_telegram_youtube,telegram_youtube,9d6e490c4d12b3c91687cc774eb8d84f3b8433b817e9ee02c5ec6bdc37d1f9e0,,pending,,,,1
img_00014292,images/img_00014292.jpg,04_telegram_youtube,telegram_youtube,7c813f769aa4910a372b511277e69396531f7e617c306ac1a798041b77b71351,,pending,,,,1
img_00014293,images/img_00014293.jpg,04_telegram_youtube,telegram_youtube,7be2ea385b053a62abf7424cbdc86b8161924c0912d5d284d622e461f0748258,,pending,,,,1
img_00014294,images/img_00014294.jpg,04_telegram_youtube,telegram_youtube,f5fa13df79ac1d615cf3318b04ffaefdcf6145ba3a6820e4ab7d36e781ec519c,,pending,,,,1
img_00014295,images/img_00014295.jpg,04_telegram_youtube,telegram_youtube,05a1129784fe1b229d646f4f5f14d3b2e4ec44e7bfbaa409fd110b23cbfe4108,,pending,,,,1
img_00014296,images/img_00014296.jpg,04_telegram_youtube,telegram_youtube,1ffff8859f2788a9f3c662202b9524d7b28214a83c1c97fafc10233bae9b897a,,pending,,,,1
img_00014297,images/img_00014297.jpg,04_telegram_youtube,telegram_youtube,9f99f6e89acd77aa3b16749df96c70fd311ccb234955cc0b53e0708435d3223c,,pending,,,,1
img_00014298,images/img_00014298.jpg,04_telegram_youtube,telegram_youtube,0f368fda9db3d0ec53f0c8ce200cf643beeb2fa469ba5c634c88d94d8714c9b5,,pending,,,,1
img_00014299,images/img_00014299.jpg,04_telegram_youtube,telegram_youtube,947555213e5a791a6bb8a4c78fae8468c83cb8bed0dc83bb88bb68c62d8888b0,,pending,,,,1
img_00014300,images/img_00014300.jpg,04_telegram_youtube,telegram_youtube,826143f142534cac918a2eb6d3eb4d14f18dc408864651e9766c2304c114b64a,,pending,,,,1
img_00014301,images/img_00014301.jpg,04_telegram_youtube,telegram_youtube,b099bfae4372401b1509c021a766a8465172371da1845aee62bc91c16d8c6332,,pending,,,,1
img_00014302,images/img_00014302.jpg,04_telegram_youtube,telegram_youtube,1d77832f3401336e975ec3445874bf157dc887b71af83d33d3f38415f2eab7ad,,pending,,,,1
img_00014303,images/img_00014303.jpg,04_telegram_youtube,telegram_youtube,975afda01d8c6574cbedb66e93ada7de0dd244c67e7730136c42b1593ccb233e,,pending,,,,1
img_00014304,images/img_00014304.jpg,04_telegram_youtube,telegram_youtube,2888e6dbb7d1c75791a3cead02342207a9f1e0806c86b001f3fff39bf0a5d8f6,,pending,,,,1
img_00014305,images/img_00014305.jpg,04_telegram_youtube,telegram_youtube,e51a5b0a7bd3c4bd3bcc7d49253f84a9e56c1e9a02e1eea40fca6afdb797414b,,pending,,,,1
img_00014306,images/img_00014306.jpg,04_telegram_youtube,telegram_youtube,90ecbdb1322b6bdffd3f873ec096a55b16d57557e5196d6f4ca5f6da7697e7ef,,pending,,,,1
img_00014307,images/img_00014307.jpg,04_telegram_youtube,telegram_youtube,3499cfd729a5de474b093647aaa65bc5300f28baae4b2db3e54c6f2272fdc899,,pending,,,,1
img_00014308,images/img_00014308.jpg,04_telegram_youtube,telegram_youtube,2e7edf9bc980a6f2e553d96d05d28b5d7c7facd5ee5f9ab7539d963b38c318a5,,pending,,,,1
img_00014309,images/img_00014309.jpg,04_telegram_youtube,telegram_youtube,494b7ff5caf36f8302454e38b6b92809adbb25fc484d412e86556199e242cde6,,pending,,,,1
img_00014310,images/img_00014310.jpg,04_telegram_youtube,telegram_youtube,66ead0f9fe96202ddfed43234fbb06d973ece56bfadbe8c57dabb85828d33237,,pending,,,,1
img_00014311,images/img_00014311.jpg,04_telegram_youtube,telegram_youtube,5b9d5705eeb2ab07bd8bd83c96bb2e29b2fc2f52a732036001ea2645ad1ea104,,pending,,,,1
img_00014312,images/img_00014312.jpg,04_telegram_youtube,telegram_youtube,ef3fdd7d98cb7bb75769c6e4e728b1578ddfac6c646fab5cb95427340db09264,,pending,,,,1
img_00014313,images/img_00014313.jpg,04_telegram_youtube,telegram_youtube,1dc3b1aa2ec9a00a8df41336d90b37bcc711a2130b0fc1ab8128ccf9c34b82b9,,pending,,,,1
img_00014314,images/img_00014314.jpg,04_telegram_youtube,telegram_youtube,cc0a87dda7abab21cb6dede84bc36b56bbfce008ef929f810756181ce3b3ee9a,,pending,,,,1
img_00014315,images/img_00014315.jpg,04_telegram_youtube,telegram_youtube,280fb166634233bea551852ed240a01d0d8bf92bf128f947bf051a5a657ca531,,pending,,,,1
img_00014316,images/img_00014316.jpg,04_telegram_youtube,telegram_youtube,07e9d34ad1d4c894dd12f3f846d11421dad4e9b34e6c66d4d5322c911ae5e33d,,pending,,,,1
img_00014317,images/img_00014317.jpg,04_telegram_youtube,telegram_youtube,403a31576d74cfce896380b44132ac19fcffd5fa2c7246f074d9215d3629d303,,pending,,,,1
img_00014318,images/img_00014318.jpg,04_telegram_youtube,telegram_youtube,88be1fd1abb52b0f3b8157e28d782cbff4e3c85c3f4b613630d1f399d7dbfbcb,,pending,,,,1
img_00014319,images/img_00014319.jpg,04_telegram_youtube,telegram_youtube,fcfe5eb350346f98243263aa9a2982c6fcb98dba2a37b81f0ee9ed10d346fa49,,pending,,,,1
img_00014320,images/img_00014320.jpg,04_telegram_youtube,telegram_youtube,f1e6a108b9d54466d81c2dbfc8cc10d82edfc4fa8f49af982f6131472d67e000,,pending,,,,1
img_00014321,images/img_00014321.jpg,04_telegram_youtube,telegram_youtube,7c8d9536c816482db8c730883a219a399f69dbbe9df8c88e5553c1f89106a842,,pending,,,,1
img_00014322,images/img_00014322.png,04_telegram_youtube,telegram_youtube,35b36571faadea4c2dca32f6c4da030760f208d536a6bb098067d3fedee263ee,,pending,,,,1
img_00014323,images/img_00014323.jpg,04_telegram_youtube,telegram_youtube,9def6adafc068aba4f2a3caea7ee5b94dd07a56aaeac116dd825788e51f91850,,pending,,,,1
img_00014324,images/img_00014324.jpg,04_telegram_youtube,telegram_youtube,d031d4f1b1d2104b6a3dddec929c978bb70573426ae9e12cd19d2b1992c88a1c,,pending,,,,1
img_00014325,images/img_00014325.jpg,04_telegram_youtube,telegram_youtube,603176884d8af401c6d6da04758e17da0873d8a0d466015619c733ab226dddc3,,pending,,,,1
img_00014326,images/img_00014326.jpg,04_telegram_youtube,telegram_youtube,7882b51076e4963dfd37db7349a1c2578629bde826ef52a7fdc965039115025e,,pending,,,,1
img_00014327,images/img_00014327.jpg,04_telegram_youtube,telegram_youtube,c416bed032f8da6f03a00476964a20627e96ab3a1340294fd7687c76ea19702e,,pending,,,,1
img_00014328,images/img_00014328.jpg,04_telegram_youtube,telegram_youtube,f10b1be76e0d1c03cf4461b481e3524f21c0059b69b11a1dafe01bc0aedf7ea9,,pending,,,,1
img_00014329,images/img_00014329.jpg,04_telegram_youtube,telegram_youtube,f0bb1b46b43f88e440f242679476f722949b1a34476051642beebee39afb976e,,pending,,,,1
img_00014330,images/img_00014330.jpeg,04_telegram_youtube,telegram_youtube,b1a03965bbdf68de2958f1c8c622844a20be89d45ed98bcf99d8b9de2eda8f20,,pending,,,,1
img_00014331,images/img_00014331.jpg,04_telegram_youtube,telegram_youtube,2bc473bfbc69167cdfec58adfa0ceb2dce1d98dd7e14a7fe52e2cecb0dd8d9bf,,pending,,,,1
img_00014332,images/img_00014332.jpg,04_telegram_youtube,telegram_youtube,b5d6027c0511032d46a714a4032cfd0044df9400a995b0d0c9881a41308fdf98,,pending,,,,1
img_00014333,images/img_00014333.jpeg,04_telegram_youtube,telegram_youtube,59275cffee82f9fcaf6dca5d70057c4ce4fed16802a5ae3fca2f9c8820cb0e67,,pending,,,,1
img_00014334,images/img_00014334.jpg,04_telegram_youtube,telegram_youtube,0ec574a42cc431231bf5c1fb5b593650be31c740be72da4e426c0aa9274c1e49,,pending,,,,1
img_00014335,images/img_00014335.jpg,04_telegram_youtube,telegram_youtube,6c4d282b4abccb6dad2d71e3452e2fa94f09f54917606d1ded5b72f6ff30675f,,pending,,,,1
img_00014336,images/img_00014336.jpg,04_telegram_youtube,telegram_youtube,23e0d466c3b5319f081f849ba7b594220cea64dee3b5e0871824e4e957fd0bd5,,pending,,,,1
img_00014337,images/img_00014337.jpg,04_telegram_youtube,telegram_youtube,b87310a7889d76e172d1f553aa750bc9d2c7abab38b6d9408b770be0dd87d8b3,,pending,,,,1
img_00014338,images/img_00014338.jpg,04_telegram_youtube,telegram_youtube,60f401cf98ee9e146fd62d846a07be7bdf1903ffb02b24fa37670f2982e1a97f,,pending,,,,1
img_00014339,images/img_00014339.jpg,04_telegram_youtube,telegram_youtube,24d1d21ef14d8d6f8909b09fb7c5e2d0f1dee4ca60cebe6477504067849af12c,,pending,,,,1
img_00014340,images/img_00014340.jpg,04_telegram_youtube,telegram_youtube,f64f48afc0bcece52651fe7838aab3f00ee8181bbbe869d0b2e0b4194e8eafb5,,pending,,,,1
img_00014341,images/img_00014341.jpg,04_telegram_youtube,telegram_youtube,6834f96b75965bcf158385ce35fc5abec2d41ebbe3b6e316019edf2b2bc02f0f,,pending,,,,1
img_00014342,images/img_00014342.jpg,04_telegram_youtube,telegram_youtube,13b47f40746f9c084f5d7c5a8a9fb5a3fda2a082527de4a16d244c3ddb8b7d4f,,pending,,,,1
img_00014343,images/img_00014343.jpg,04_telegram_youtube,telegram_youtube,4c81f5c041e522dd67c644cb59ef448f246ee1d529297f52d238c281f58e560d,,pending,,,,1
img_00014344,images/img_00014344.jpg,04_telegram_youtube,telegram_youtube,f43ce9a1c4c8c9a866db90ca031b86812f811a0f1d55a07560b78b7a899c30b7,,pending,,,,1
img_00014345,images/img_00014345.jpg,04_telegram_youtube,telegram_youtube,644e557cbd3b225bab4f84b07dcaf3fba848f06dae8bed5d6337f3e1d8099808,,pending,,,,1
img_00014346,images/img_00014346.jpg,04_telegram_youtube,telegram_youtube,3bc6abf84bd1d863a8b0a8065f6491375a6adf7f4a8de02c7b7bf3a121f39b82,,pending,,,,1
img_00014347,images/img_00014347.jpg,04_telegram_youtube,telegram_youtube,998d41e0c0c30f1dfe28d04bac199c8bfcdb22da52913f80f72693f214e153bd,,pending,,,,1
img_00014348,images/img_00014348.jpg,04_telegram_youtube,telegram_youtube,253232881743a869a4652ead767cadc18d6982f7c942c12c84e250b300da5abc,,pending,,,,1
img_00014349,images/img_00014349.jpg,04_telegram_youtube,telegram_youtube,2382589452ef629333a03b946ac12f29c944775dc35bba9dacc307e5701cfdd7,,pending,,,,1
img_00014350,images/img_00014350.jpg,04_telegram_youtube,telegram_youtube,e02485474039f88bb33ab6f9a43ce9461f77f9ae3eee482a623eb7ddb950a268,,pending,,,,1
img_00014351,images/img_00014351.jpg,04_telegram_youtube,telegram_youtube,47a3e166a938ea814cd38a5d0faac801e1e6933458dba03d0feb2b2c3d1104a7,,pending,,,,1
img_00014352,images/img_00014352.jpg,04_telegram_youtube,telegram_youtube,e276107f413ee3c3059e897a32c6370ae949af7865af0600177e08dad7d35c2b,,pending,,,,1
img_00014353,images/img_00014353.jpg,04_telegram_youtube,telegram_youtube,3b9edb02fb44708c5226981715fb82d30ad67fe915a091ec89b055f5ab6da766,,pending,,,,1
img_00014354,images/img_00014354.jpg,04_telegram_youtube,telegram_youtube,04bbbffe949eae8e40a6acfa38d56754c40db7e75f6a4ac61a4b315b4fd5001a,,pending,,,,1
img_00014355,images/img_00014355.jpg,04_telegram_youtube,telegram_youtube,40fb325af84e995bdfec3c51e10d086eddfaf1b9cc4ed2b67f500323e1f29dea,,pending,,,,1
img_00014356,images/img_00014356.jpg,04_telegram_youtube,telegram_youtube,cbccd97135c19d8cb584ddb6df142ff06038d272fcf57771c5f87abda7be947b,,pending,,,,1
img_00014357,images/img_00014357.jpg,04_telegram_youtube,telegram_youtube,4e97ba2eec4ef982d85233e985e81d4b5174740c0d3ee2e044e27695b5b547e4,,pending,,,,1
img_00014358,images/img_00014358.jpg,04_telegram_youtube,telegram_youtube,a5630cb02d6853771d04d0478906345d90e27860cad00d96c6b9a54e23dde033,,pending,,,,1
img_00014359,images/img_00014359.jpg,04_telegram_youtube,telegram_youtube,073fdc80b11bb716df84d5256dffe7b39f0359fb27a79ef17e1a3f2fcb01017e,,pending,,,,1
img_00014360,images/img_00014360.jpg,04_telegram_youtube,telegram_youtube,3fbdc90553c5fe3bd281af357eea9975a6f6f024f000f27195351a43feba43f1,,pending,,,,1
img_00014361,images/img_00014361.jpg,04_telegram_youtube,telegram_youtube,fc607f39c115373aa02fef08c53e506264a37d41e8c6172b52038d6ed1793ee9,,pending,,,,1
img_00014362,images/img_00014362.jpg,04_telegram_youtube,telegram_youtube,20eb2ac57ac733839e0f6484724941dfda7aa223d2fed7964537b0395603dd24,,pending,,,,1
img_00014363,images/img_00014363.jpg,04_telegram_youtube,telegram_youtube,6b2cc697260d8ea8f6c716bc9ebf798bb8f28cc005a90b57b5814da70f5e41fd,,pending,,,,1
img_00014364,images/img_00014364.jpg,04_telegram_youtube,telegram_youtube,2714c3dbab752c3ec9fded1deb1c0e668951e2a30cb677d52d700c3b082a1a30,,pending,,,,1
img_00014365,images/img_00014365.jpeg,05_deepweb,deepweb,796420da361f5702ab55d5f337635e1127e2b734d598ce04a12aee3ff5c252b2,weapon,reviewed,,Lello,2026-04-22T10:12:46+00:00,2
img_00014366,images/img_00014366.jpeg,05_deepweb,deepweb,846552cd67e7382c2fc84f4dbc445f6c9fc652586d0d8180eee6ce060b668d6f,weapon,reviewed,,Lello,2026-04-22T10:12:48+00:00,2
img_00014367,images/img_00014367.jpeg,05_deepweb,deepweb,f41a9dc786a8d7a016a7f9e239faad2f4a69f3de3fd9425634f8c285279c643f,weapon,reviewed,,Lello,2026-04-22T10:12:50+00:00,2
img_00014368,images/img_00014368.webp,05_deepweb,deepweb,5b1ed4d0f9d1497979ceca70cf2c7070362b154009f64d73f340fc473152f618,weapon,reviewed,,Lello,2026-04-22T10:12:53+00:00,2
img_00014369,images/img_00014369.jpeg,05_deepweb,deepweb,025df06cc400f429262039899ba08c36440bda275b2476a6895978e4f7777ba5,weapon,reviewed,,Lello,2026-04-22T10:12:55+00:00,2
img_00014370,images/img_00014370.jpeg,05_deepweb,deepweb,669abbad4c0a7ed47f08a5a42320e2c5c6e9420ee6365131e1464ec7e1248a13,weapon,reviewed,,Lello,2026-04-22T10:12:57+00:00,2
img_00014371,images/img_00014371.jpeg,05_deepweb,deepweb,e3939f284658ff4d45be07b488eb85eb452daa976a534a0d5be3e6a82e41be47,weapon,reviewed,,Lello,2026-04-22T10:12:59+00:00,2
img_00014372,images/img_00014372.webp,05_deepweb,deepweb,e0a74bd7b90395c67b7d108489d51524ed1e1e079ccaa70ffb99e21f22c46d02,weapon,reviewed,,Lello,2026-04-22T10:13:00+00:00,2
img_00014373,images/img_00014373.jpeg,05_deepweb,deepweb,2fa34213b2e2f6f174a445c0a02f5e61970d19952a5f084193cbc6fb0f435ab5,non_weapon,reviewed,,Lello,2026-04-22T10:13:03+00:00,2
img_00014374,images/img_00014374.png,05_deepweb,deepweb,17d971894651530c269bbdc514e4ae90e0975bdd8d49483d3ea0b6b4298f292e,weapon,reviewed,,Lello,2026-04-22T10:13:05+00:00,2
img_00014375,images/img_00014375.jpeg,05_deepweb,deepweb,6f83e085fe154cb4261804ac8f1d8497a6fbcbe2f2120eb5d7644b09699fc524,non_weapon,reviewed,,Lello,2026-04-22T10:13:06+00:00,2
img_00014376,images/img_00014376.jpeg,05_deepweb,deepweb,4973e0adc4a1b3d40a0b7f736ba9c853884337d153cdef34b43315e0fa38c903,weapon,reviewed,,Lello,2026-04-22T10:13:08+00:00,2
img_00014377,images/img_00014377.jpeg,05_deepweb,deepweb,ae99a52049fe48ba54be67ef601b0bab8ea6ef2ecac348b48aabdb889ffd9309,weapon,reviewed,,Lello,2026-04-22T10:13:09+00:00,2
img_00014378,images/img_00014378.webp,05_deepweb,deepweb,7dcf47b66e8fafd22daa90b253b9f68f1905622d820ea2d4a9ae8d3424ab0b3e,weapon,reviewed,,Lello,2026-04-22T10:13:11+00:00,2
img_00014379,images/img_00014379.jpeg,05_deepweb,deepweb,a16c9e28640e2e0ffa756f9fc9d37feb63cae5a3ed224f6078672ca2895665e9,weapon,reviewed,,Lello,2026-04-22T10:13:12+00:00,2
img_00014380,images/img_00014380.jpeg,05_deepweb,deepweb,91f73e6d1d01cf5d5e982ef480a3c61dbc87bda7a6e8ae150ebd53fbe400c155,weapon,reviewed,,Lello,2026-04-22T10:13:14+00:00,2
img_00014381,images/img_00014381.webp,05_deepweb,deepweb,21d079dd3ff58a33266350fa214bebb7769d4d779ff274b4fd92f21f708c4957,weapon,reviewed,,Lello,2026-04-22T10:13:15+00:00,2
img_00014382,images/img_00014382.jpeg,05_deepweb,deepweb,74176efead46634cf1590897dd792ed0f02a8aa36c551454f2c8f788251e9fc0,weapon,reviewed,,Lello,2026-04-22T10:13:17+00:00,2
img_00014383,images/img_00014383.png,05_deepweb,deepweb,d7a51826ba718f9d31a6ecd37e3864579c8985cb48b4c20212384f1e0ba43088,weapon,reviewed,,Lello,2026-04-22T10:13:18+00:00,2
img_00014384,images/img_00014384.png,05_deepweb,deepweb,fe195fbd885c69c2e2a7ed56b3eb025378098f012f76d209819140dd4906c65e,ood,reviewed,,Lello,2026-04-22T10:13:20+00:00,2
img_00014385,images/img_00014385.png,05_deepweb,deepweb,0ed8236398cf907a5260b5a1326e8035ec7b7c124b307642d6a90d2257288862,weapon,reviewed,,Lello,2026-04-22T10:13:21+00:00,2
img_00014386,images/img_00014386.jpeg,05_deepweb,deepweb,63c9fd506627f007e0f07e19f67956e88dd69138e98eb55fdcfb24054bef4e66,weapon,reviewed,,Lello,2026-04-22T10:13:23+00:00,2
img_00014387,images/img_00014387.jpeg,05_deepweb,deepweb,a6d45de1ee165e5953c92f781ccdbf9c800aea202dd4970144f7d26b03babca8,weapon,reviewed,,Lello,2026-04-22T10:13:25+00:00,2
img_00014388,images/img_00014388.jpeg,05_deepweb,deepweb,021306b98074a82061352bb6d6d950cb7aa19406ea931237070ff46ea66b4b04,weapon,reviewed,,Lello,2026-04-22T10:13:26+00:00,2
img_00014389,images/img_00014389.jpeg,05_deepweb,deepweb,3e1bc0993a013e98e97ca4f0a0093b20043cab3e228c2c7f4c26e91b3d034f3c,weapon,reviewed,,Lello,2026-04-22T10:13:27+00:00,2
img_00014390,images/img_00014390.jpeg,05_deepweb,deepweb,fc5ae2ef3b147a70c4aa7be3931f22bf61ba8338e64d65f788c75160248f9fa6,weapon,reviewed,,Lello,2026-04-22T10:13:29+00:00,2
img_00014391,images/img_00014391.jpeg,05_deepweb,deepweb,a5e74951c9abb98a71bc5b1aa9b947eff4d4ae676f66e790662f6c5abe88c9da,weapon,reviewed,,Lello,2026-04-22T10:13:30+00:00,2
img_00014392,images/img_00014392.jpeg,05_deepweb,deepweb,0e66a17a0e1e5cbd770a0a72522ba317624ebfe988d86ce5a764c6d2b48c646c,weapon,reviewed,,Lello,2026-04-22T10:13:31+00:00,2
img_00014393,images/img_00014393.jpeg,05_deepweb,deepweb,9a73c55b164b9559421f5a68cd2f8c7f2a7a3afd6278f7f78d0d24ea238592f4,weapon,reviewed,,Lello,2026-04-22T10:13:33+00:00,2
img_00014394,images/img_00014394.webp,05_deepweb,deepweb,3f5aea086d4b9eba61097ed5ce77a842ae64e709f4827e9e02f53679440f2fc4,weapon,reviewed,,Lello,2026-04-22T10:13:35+00:00,2
img_00014395,images/img_00014395.jpeg,05_deepweb,deepweb,59a364681482192d5d9af3abb229b7024a8abc389df9f9f96431dab22b601f69,weapon,reviewed,,Lello,2026-04-22T10:13:36+00:00,2
img_00014396,images/img_00014396.jpeg,05_deepweb,deepweb,609fd845bed604489d20658b27ca22bf1893b765d5014f814e5b3b17873ff6e0,non_weapon,reviewed,,Lello,2026-04-22T10:13:38+00:00,2
img_00014397,images/img_00014397.webp,05_deepweb,deepweb,24e6843f748837229c6ea34da07eece435a53a8b891957ece4020ab2aca1a8dd,weapon,reviewed,,Lello,2026-04-22T10:13:39+00:00,2
img_00014398,images/img_00014398.jpeg,05_deepweb,deepweb,299823a92579df73b66d1e0a89dd30c657485d43929e2c6a9c26d13fb2e36ee1,non_weapon,reviewed,,Lello,2026-04-22T10:13:41+00:00,2
img_00014399,images/img_00014399.jpeg,05_deepweb,deepweb,150872ac11793def33c4f0697244c1e1c05f36cbb161f539abeda3adf84333e8,weapon,reviewed,,Lello,2026-04-22T10:13:42+00:00,2
img_00014400,images/img_00014400.jpeg,05_deepweb,deepweb,2766c4cd66d58e86ae6b040a0aed2a10238d5c5db41ed6bda2a1d91c278434a5,weapon,reviewed,,Lello,2026-04-22T10:13:43+00:00,2
img_00014401,images/img_00014401.webp,05_deepweb,deepweb,683ef8dedb277a5da6d54cbc207020014d58056da3e06b1ba5a9baac456799ee,weapon,reviewed,,Lello,2026-04-22T10:13:45+00:00,2
img_00014402,images/img_00014402.jpeg,05_deepweb,deepweb,30636b53bf9ddc698fcb58717aeb594417b9a408ff6af0a3f36d54aa8016f67b,weapon,reviewed,,Lello,2026-04-22T10:13:46+00:00,2
img_00014403,images/img_00014403.jpeg,05_deepweb,deepweb,fab82c7f058e893f194c8979b5e7213c9aaa10cd54a3c229782c1e461e489c4c,weapon,reviewed,,Lello,2026-04-22T10:13:48+00:00,2
img_00014404,images/img_00014404.jpeg,05_deepweb,deepweb,68dd42632b3e58a6dd3a67861923a7904806c8960e87072bd99a0f48a41672ee,non_weapon,reviewed,,Lello,2026-04-22T10:13:50+00:00,2
img_00014405,images/img_00014405.webp,05_deepweb,deepweb,76403ea8d012593021bbc3bf2a5598d9cabd098d107890d5a7786036387ce5ea,weapon,reviewed,,Lello,2026-04-22T10:13:51+00:00,2
img_00014406,images/img_00014406.jpeg,05_deepweb,deepweb,eadd3321c5641806c1a816edc42e0870d1ef9fb72dca67d22ea90b8269bc93b4,weapon,reviewed,,Lello,2026-04-22T10:13:53+00:00,2
img_00014407,images/img_00014407.jpeg,05_deepweb,deepweb,b4f3c326a5d903498bc01f9e77a9598070edf9135d8ceff96705a49f76c6f457,weapon,reviewed,,Lello,2026-04-22T10:13:54+00:00,2
img_00014408,images/img_00014408.jpeg,05_deepweb,deepweb,ea6a41264dbc4c21adac1116575033b8d82fe6dbb49e1fc2b19b2d752c70afb1,non_weapon,reviewed,,Lello,2026-04-22T10:13:56+00:00,2
img_00014409,images/img_00014409.jpeg,05_deepweb,deepweb,11e9652e20ba9da8ad92ad0dcf826b50dbe24a7434e9b8850dae9c9a6cd4c6e0,non_weapon,reviewed,,Lello,2026-04-22T10:13:58+00:00,2
img_00014410,images/img_00014410.png,05_deepweb,deepweb,2cca2917f05643b22f0f6cb44607d8b4fc6b21982959a7898e198a2c70df9d90,ood,reviewed,,Lello,2026-04-22T10:13:59+00:00,2
img_00014411,images/img_00014411.jpeg,05_deepweb,deepweb,fe76e1abfe07eb9a2bdb99f46f1a668453899dc3414450a4162aeb64bc2a2be8,weapon,reviewed,,Lello,2026-04-22T10:14:01+00:00,2
img_00014412,images/img_00014412.jpeg,05_deepweb,deepweb,f6cecf0170e6362b566740b531b284e1b2b087e413d6004309c82eb3b079f278,non_weapon,reviewed,,Lello,2026-04-22T10:14:02+00:00,2
img_00014413,images/img_00014413.webp,05_deepweb,deepweb,2156f2183efb100bdbb5127af750a22b95f0490f21852aac4fa7251d1d80168f,weapon,reviewed,,Lello,2026-04-22T10:14:04+00:00,2
img_00014414,images/img_00014414.jpeg,05_deepweb,deepweb,8f56c4ba4b972b8f2c181b1c4f44de7754d36d7827e0b840288be44f478c71ed,weapon,reviewed,,Lello,2026-04-22T10:14:06+00:00,2
img_00014415,images/img_00014415.jpeg,05_deepweb,deepweb,338e114a4b0f702916bf205ea07d46fa7b728b81513990c6afc24773b0010c58,weapon,reviewed,,Lello,2026-04-22T10:14:08+00:00,2
img_00014416,images/img_00014416.jpeg,05_deepweb,deepweb,308f5fb965e3df86ab0b3af77a47a11fde2add7a4d822dc98ae0b856f686ac3d,non_weapon,reviewed,,Lello,2026-04-22T10:14:09+00:00,2
img_00014417,images/img_00014417.jpeg,05_deepweb,deepweb,1298972abda1a3e0624c24217882cfd10e994051b2313adb15bf9ea88270d932,weapon,reviewed,,Lello,2026-04-22T10:14:10+00:00,2
img_00014418,images/img_00014418.jpeg,05_deepweb,deepweb,c277a634c5b88cf8c6283fe2ca97e4f7eebcf02c56cf4b2f5c0c831533bc905f,weapon,reviewed,,Lello,2026-04-22T10:14:12+00:00,2
img_00014419,images/img_00014419.jpeg,05_deepweb,deepweb,2820fbada5cd769c45b4688042dec4d21263f20e0e54bed7c190c68d1a9ef874,weapon,reviewed,,Lello,2026-04-22T10:14:13+00:00,2
img_00014420,images/img_00014420.jpeg,05_deepweb,deepweb,c85c143b950df89aa29483b04384d74b74ac55eda8a611fa858aeb03de5c2be0,weapon,reviewed,,Lello,2026-04-22T10:14:14+00:00,2
img_00014421,images/img_00014421.jpeg,05_deepweb,deepweb,5ec28869f486b5facd47e37844ec901fc132586a442c444bdab4735aaaba0434,weapon,reviewed,,Lello,2026-04-22T10:14:16+00:00,2
img_00014422,images/img_00014422.jpeg,05_deepweb,deepweb,e710ca95413b3fa25075b7685b51623ae4cddf62f40ac4d5f11709788de41eda,non_weapon,reviewed,,Lello,2026-04-22T10:14:17+00:00,2
img_00014423,images/img_00014423.webp,05_deepweb,deepweb,48158a263c921accf5800cca7f4e6e52d7eaa1f068c24aa9b0752fb88069dae6,weapon,reviewed,,Lello,2026-04-22T10:14:19+00:00,2
img_00014424,images/img_00014424.jpeg,05_deepweb,deepweb,4d520395df750a3c27073fe991c1d79da5fea13da54b78559fae501d927f67db,weapon,reviewed,,Lello,2026-04-22T10:14:20+00:00,2
img_00014425,images/img_00014425.jpeg,05_deepweb,deepweb,88e009833faa1dce41b37ae4041a25fd28ce94792ee1ffd5784f6ae816e16542,non_weapon,reviewed,,Lello,2026-04-22T10:14:27+00:00,2
img_00014426,images/img_00014426.jpeg,05_deepweb,deepweb,b69a0d568c7990075f360f787df85f0b47725e7013c98834f388f8a7b7394bee,non_weapon,reviewed,,Lello,2026-04-22T10:14:28+00:00,2
img_00014427,images/img_00014427.png,05_deepweb,deepweb,b786b0e1c8b54a473a4c5910fa90de9f3aa4349d1fd99264ef470e1fee4115cf,weapon,reviewed,,Lello,2026-04-22T10:14:31+00:00,2
img_00014428,images/img_00014428.png,05_deepweb,deepweb,e24afd1f746f2d9aee6d596df97cb7847cc7da2a760386d44a0eaede2cb03acc,non_weapon,reviewed,,Lello,2026-04-22T10:14:32+00:00,2
img_00014429,images/img_00014429.jpeg,05_deepweb,deepweb,9be99d25f42ae47f92cd601a3b4af745dedc6f2c6ffd1c3071cd6b0267c446bb,weapon,reviewed,,Lello,2026-04-22T10:14:34+00:00,2
img_00014430,images/img_00014430.jpeg,05_deepweb,deepweb,208f83ecc579b9fab153ad023d83b2d74c7713b8a70f219e53a09d51c1c7433f,weapon,reviewed,,Lello,2026-04-22T10:14:35+00:00,2
img_00014431,images/img_00014431.jpeg,05_deepweb,deepweb,cb57e1148731d15edb22b7c71a1ee02a264e7b3430718b30f72e421c5c40d4f3,non_weapon,reviewed,,Lello,2026-04-22T10:14:37+00:00,2
img_00014432,images/img_00014432.jpeg,05_deepweb,deepweb,4e33d12d64fca4f04a8fa428ceeb807ec9df306635a41c4db4f200ded67f198c,weapon,reviewed,,Lello,2026-04-22T10:14:39+00:00,2
img_00014433,images/img_00014433.jpeg,05_deepweb,deepweb,61bed507431dd41e2f227403c5c806358cdb177379da7544439525ed81874caa,weapon,reviewed,,Lello,2026-04-22T10:14:40+00:00,2
img_00014434,images/img_00014434.webp,05_deepweb,deepweb,e6d5d622fac233edcbb450b94bc7ea5eb0e0be9a5511b95a74d44ce797f5b196,weapon,reviewed,,Lello,2026-04-22T10:14:42+00:00,2
img_00014435,images/img_00014435.webp,05_deepweb,deepweb,a276641956004c504c50a5774dd881fd889530dbff931e03c08a3d4d699244c9,weapon,reviewed,,Lello,2026-04-22T10:14:44+00:00,2
img_00014436,images/img_00014436.jpeg,05_deepweb,deepweb,ed426c88b71ee65913602eb323d23dd9f32a1f10a4167b52db6b940c327e6de7,non_weapon,reviewed,,Lello,2026-04-22T10:14:46+00:00,2
img_00014437,images/img_00014437.webp,05_deepweb,deepweb,741a524997775a2ea1dcacd047ec8bd781a98721f462900c3bc3f35242326eb1,weapon,reviewed,,Lello,2026-04-22T10:14:47+00:00,2
img_00014438,images/img_00014438.jpeg,05_deepweb,deepweb,037704fe5c5d96c28f70d48a0347c3b775e26eaa9b977c5b7646926d0d905a00,weapon,reviewed,,Lello,2026-04-22T10:14:49+00:00,2
img_00014439,images/img_00014439.jpeg,05_deepweb,deepweb,cb5e1668fe0aa7ebb4fa053e75a83e270c635e5fefe27e9fa5d9e4a3709fa74b,weapon,reviewed,,Lello,2026-04-22T10:14:53+00:00,2
img_00014440,images/img_00014440.jpeg,05_deepweb,deepweb,465c7444384fec6ea817fd52dfabaf108542195db669dc1cd31a735b83cce741,weapon,reviewed,,Lello,2026-04-22T10:14:54+00:00,2
img_00014441,images/img_00014441.jpeg,05_deepweb,deepweb,238b4a140f8e067cceb77349d33d64874c0a50bbc8eb51d2253ce0f1b77b590a,weapon,reviewed,,Lello,2026-04-22T10:14:56+00:00,2
img_00014442,images/img_00014442.jpeg,05_deepweb,deepweb,cf747df6b110b58a687eb1195263623b8f1d2cf17ccac96a290318c9b72b4b29,weapon,reviewed,,Lello,2026-04-22T10:14:58+00:00,2
img_00014443,images/img_00014443.png,05_deepweb,deepweb,1a74e4a83f6c3860ec42282aeb3e47c4e533fa2839c11e4163edbec184b1202e,non_weapon,reviewed,,Lello,2026-04-22T10:15:00+00:00,2
img_00014444,images/img_00014444.jpeg,05_deepweb,deepweb,40694461bb7aa134a4e9759356f9534574cff9b86b5fdcd71a442a91f3b44844,weapon,reviewed,,Lello,2026-04-22T10:15:03+00:00,2
img_00014445,images/img_00014445.jpeg,05_deepweb,deepweb,e9a206a1edefdbcd641a7922b9eff9ca3a8ed92a8cf2c5aadbf2df30547bef95,weapon,reviewed,,Lello,2026-04-22T10:15:05+00:00,2
img_00014446,images/img_00014446.jpeg,05_deepweb,deepweb,17003983d3620d79875ef087a6793d3ad99f5bf2cf0adc48843ca627d033a151,weapon,reviewed,,Lello,2026-04-22T10:15:07+00:00,2
img_00014447,images/img_00014447.webp,05_deepweb,deepweb,41424b73854a2e57b12cc89350e73713ebc4b4d90b6dc20f6b7d4016f9251a3a,weapon,reviewed,,Lello,2026-04-22T10:15:09+00:00,2
img_00014448,images/img_00014448.jpeg,05_deepweb,deepweb,daa81166be43139866bd98fb17519a79467fbfebb91489b66d5682d221b40d16,weapon,reviewed,,Lello,2026-04-22T10:15:10+00:00,2
img_00014449,images/img_00014449.jpeg,05_deepweb,deepweb,43977bcf721afd974ec0bdb87c1b3ed591508ef56fadf6219ec6585ac64912d9,weapon,reviewed,,Lello,2026-04-22T10:15:12+00:00,2
img_00014450,images/img_00014450.png,05_deepweb,deepweb,4344f4767ba1d3294bb4ea3e919189a76dbce937469e5da6cc1196eead512beb,non_weapon,reviewed,,Lello,2026-04-22T10:15:13+00:00,2
img_00014451,images/img_00014451.jpeg,05_deepweb,deepweb,02a8ab4a7412cb93938084ff91975608792ee3f896f298c5649f27dd1b400e70,non_weapon,reviewed,,Lello,2026-04-22T10:15:14+00:00,2
img_00014452,images/img_00014452.jpeg,05_deepweb,deepweb,3e5432eca2aee3d74d101a5561a9ddc18897dc4bff7d9c3d2cd020e57fee8517,non_weapon,reviewed,,Lello,2026-04-22T10:15:16+00:00,2
img_00014453,images/img_00014453.jpeg,05_deepweb,deepweb,e0ed90fbffc3592aaba5dc36d6b6fc11f024df003246ac7210dbf030fee601f3,non_weapon,reviewed,,Lello,2026-04-22T10:15:17+00:00,2
img_00014454,images/img_00014454.jpeg,05_deepweb,deepweb,1bb25d10fbae7410b0c7cfddaf04b24e82bcd10154aefc34da9bc1bf06108e8f,non_weapon,reviewed,,Lello,2026-04-22T10:15:19+00:00,2
img_00014455,images/img_00014455.jpeg,05_deepweb,deepweb,1c7b6b24bcac4a6611eac6c5336edcb4a5aa887a1fced7836097d65bac362361,non_weapon,reviewed,,Lello,2026-04-22T10:15:20+00:00,2
img_00014456,images/img_00014456.jpeg,05_deepweb,deepweb,c53382e131e5db9697cd861a588e91fd947a79f47ccc5ad07c1c08bbc4f101b2,ood,reviewed,,Lello,2026-04-22T10:15:22+00:00,2
img_00014457,images/img_00014457.webp,05_deepweb,deepweb,195748bc827ca9b98eba1479b275d1acebc920730f92a79a03facaee94ebe88a,non_weapon,reviewed,,Lello,2026-04-22T10:15:23+00:00,2
img_00014458,images/img_00014458.jpeg,05_deepweb,deepweb,100a4de2aa7f66e34aca4e7c85c41d9fae2d474806d168b765cfa4a49dde8146,non_weapon,reviewed,,Lello,2026-04-22T10:15:24+00:00,2
img_00014459,images/img_00014459.jpeg,05_deepweb,deepweb,246507310a47be56890c461f789573268464a3f66eef54ff7cd9d6846218940b,weapon,reviewed,,Lello,2026-04-22T10:15:26+00:00,2
img_00014460,images/img_00014460.webp,05_deepweb,deepweb,a0cdacd4884d549bb9aeed9c56c0a40954ac8f6db4a80fedc1b2346a0c042f09,weapon,reviewed,,Lello,2026-04-22T10:15:28+00:00,2
img_00014461,images/img_00014461.jpeg,05_deepweb,deepweb,3fa8fd0e13d124cf36758464b9a9405635fed0a18d72644d5b2876be5afd86ef,weapon,reviewed,,Lello,2026-04-22T10:15:29+00:00,2
img_00014462,images/img_00014462.webp,05_deepweb,deepweb,7abbc1f4aadfb95e6e7b2c942ca35fec688e8fa32a518b4538cb3ca7859a71c7,weapon,reviewed,,Lello,2026-04-22T10:15:30+00:00,2
img_00014463,images/img_00014463.jpeg,05_deepweb,deepweb,10b63e7ce3d64bffb5065b3b64031a83cfeb88fbdb8b7873e2cdea30b8349a12,non_weapon,reviewed,,Lello,2026-04-22T10:15:31+00:00,2
img_00014464,images/img_00014464.jpeg,05_deepweb,deepweb,ca47796b2e3e0f17315516f226b88936cc3a452fa1e6142a11b42d708c057efa,weapon,reviewed,,Lello,2026-04-22T10:15:33+00:00,2
img_00014465,images/img_00014465.jpeg,05_deepweb,deepweb,b8608f9b61709cebe5de0fc020c26b05dd3cc63abbca706f407bec110b42a452,non_weapon,reviewed,,Lello,2026-04-22T10:15:34+00:00,2
img_00014466,images/img_00014466.jpeg,05_deepweb,deepweb,762f77ac863324723cdaa48f4d3752c9302bece7c70958b592af3f16e203d58f,non_weapon,reviewed,,Lello,2026-04-22T10:15:36+00:00,2
img_00014467,images/img_00014467.png,05_deepweb,deepweb,6d583b18b885f5fc13cc94ea388e670c910b20fc3b96489fec7ec3dcf2977c5a,non_weapon,reviewed,,Lello,2026-04-22T10:15:37+00:00,2
img_00014468,images/img_00014468.jpeg,05_deepweb,deepweb,947110ea5e5350cdcf306790c3e39a696e735f27bc118d5a5cfa6134b185ad80,non_weapon,reviewed,,Lello,2026-04-22T10:15:38+00:00,2
img_00014469,images/img_00014469.png,05_deepweb,deepweb,4f3000dbe3521d3c330c6b86fd802ae14270707feb2522dd48637d58113ec909,non_weapon,reviewed,,Lello,2026-04-22T10:15:40+00:00,2
img_00014470,images/img_00014470.jpeg,05_deepweb,deepweb,5d184243562f9ec3f2a90a9b83bff2393705be2143888564b65e61f5b34605e0,non_weapon,reviewed,,Lello,2026-04-22T10:15:41+00:00,2
img_00014471,images/img_00014471.jpeg,05_deepweb,deepweb,5b0dd3a1adeac6836347d4061e4a5894e277289f5f11fe38dabf251d4e8d841e,weapon,reviewed,,Lello,2026-04-22T10:15:42+00:00,2
img_00014472,images/img_00014472.png,05_deepweb,deepweb,42953ddd35134ce588e9e7258f4cd5da85994bb8bc3627fdbf7e0fa3e77bb04e,non_weapon,reviewed,,Lello,2026-04-22T10:15:44+00:00,2
img_00014473,images/img_00014473.jpeg,05_deepweb,deepweb,50f25bab53b4900da722c0031e5e0e734a1b8a2840cb505fa621d7a6419dbddf,weapon,reviewed,,Lello,2026-04-22T10:15:45+00:00,2
img_00014474,images/img_00014474.jpeg,05_deepweb,deepweb,387a3c122ae50b65716ee2816af55937f6d6046353b2ce595747b14b172e048e,non_weapon,reviewed,,Lello,2026-04-22T10:15:46+00:00,2
img_00014475,images/img_00014475.jpeg,05_deepweb,deepweb,4a669c541ec38dcb18be0b928273c3bceefa1643d365db22a0d7f894751558ad,weapon,reviewed,,Lello,2026-04-22T10:15:48+00:00,2
img_00014476,images/img_00014476.jpeg,05_deepweb,deepweb,88038b69082ea9b8b7037b394b6c0d2dad5b43dd645dc9937ccb45dd08284da0,weapon,reviewed,,Lello,2026-04-22T10:15:49+00:00,2
img_00014477,images/img_00014477.jpeg,05_deepweb,deepweb,908d2b03f7594d469eab457fb837c39384898ab1625ad0443adb5b17ecf0882f,weapon,reviewed,,Lello,2026-04-22T10:15:50+00:00,2
img_00014478,images/img_00014478.jpeg,05_deepweb,deepweb,fda02ad4e361c74930274b7cce6984571522ea0fdc52dd786ded825b87b44f6c,non_weapon,reviewed,,Lello,2026-04-22T10:15:53+00:00,2
img_00014479,images/img_00014479.jpeg,05_deepweb,deepweb,3da3f621b9318daaf5e88a5049f8a1f5eb6210de606d6f8a438818b9c79339fd,non_weapon,reviewed,,Lello,2026-04-22T10:15:54+00:00,2
img_00014480,images/img_00014480.png,05_deepweb,deepweb,29690f2ff2a3f0e09e2e3cfb803a79a2896151f817671b35b4e4a72e8ecbf3db,non_weapon,reviewed,,Lello,2026-04-22T10:15:55+00:00,2
img_00014481,images/img_00014481.jpeg,05_deepweb,deepweb,fd116fd36e0145d827ce5eec39d5bf7553778dd995f7169afdaddf3e7aa21180,weapon,reviewed,,Lello,2026-04-22T10:15:57+00:00,2
img_00014482,images/img_00014482.png,05_deepweb,deepweb,83112b42314d6433c1c8202a4656aff124391d52c720927eaf1eb97860461593,non_weapon,reviewed,,Lello,2026-04-22T10:15:58+00:00,2
img_00014483,images/img_00014483.jpeg,05_deepweb,deepweb,9721b3cfb824520c093092930be9dbb543c48f2931157d1b3495569588445627,non_weapon,reviewed,,Lello,2026-04-22T10:15:59+00:00,2
img_00014484,images/img_00014484.jpeg,05_deepweb,deepweb,2578cf54466576aa1d051e2db0ae097fea37800f035a97d38fdba2b9cc0915ca,weapon,reviewed,,Lello,2026-04-22T10:16:01+00:00,2
img_00014485,images/img_00014485.jpeg,05_deepweb,deepweb,484455c5e061ff8d3ce2ab354e92437e4ea2aaf3922afc66156bfae9338055b1,weapon,reviewed,,Lello,2026-04-22T10:16:02+00:00,2
img_00014486,images/img_00014486.jpeg,05_deepweb,deepweb,d29d59d31eaf0a61465ea7d5e2ea24742a342901b2a253fb97455dc6235f4bd8,ood,reviewed,,Lello,2026-04-22T10:16:05+00:00,2
img_00014487,images/img_00014487.png,05_deepweb,deepweb,1f5393973de75c932acb41b9e492a46f551168bb118e587dae7a70893fbd076e,non_weapon,reviewed,,Lello,2026-04-22T10:16:07+00:00,2
img_00014488,images/img_00014488.webp,05_deepweb,deepweb,6615d6a246bc2eb3faecdf64a70816121ac13e1dc5397c738648bac65df0a2f5,non_weapon,reviewed,,Lello,2026-04-22T10:16:17+00:00,2
img_00014489,images/img_00014489.webp,05_deepweb,deepweb,86132e6385ec589315fbcb2392e54218eff4f74f63af533f7254261e3691af86,weapon,reviewed,,Lello,2026-04-22T10:16:18+00:00,2
img_00014490,images/img_00014490.jpeg,05_deepweb,deepweb,12403a1a9262375b4501b1b70e0f00df41fa3c13bac17a78a58716eaf3c05946,weapon,reviewed,,Lello,2026-04-22T10:16:20+00:00,2
img_00014491,images/img_00014491.png,05_deepweb,deepweb,368fca90e8a2c3db49876dc8d42178a89d14197e1e636449f88ea1eb294aa36b,non_weapon,reviewed,,Lello,2026-04-22T10:16:22+00:00,2
img_00014492,images/img_00014492.jpeg,05_deepweb,deepweb,919431273db21fef106e72c03faf2ec68e0ed53a57ac502a7881177760c5810c,weapon,reviewed,,Lello,2026-04-22T10:16:23+00:00,2
img_00014493,images/img_00014493.jpeg,05_deepweb,deepweb,a061648899e0cf4a6b0ebd499f16ec848d13ebe2cf94e56433dd59463b4ebda8,ood,reviewed,,Lello,2026-04-22T10:16:25+00:00,2
img_00014494,images/img_00014494.jpeg,05_deepweb,deepweb,8cf2a3b4d380f2a491a5c1129769e6f4aaf105decdfaedaa4bb12118d41f6cd4,non_weapon,reviewed,,Lello,2026-04-22T10:16:27+00:00,2
img_00014495,images/img_00014495.jpeg,05_deepweb,deepweb,076f39250ef221806d2a1276a5694c77e439d5070ddbc0ec77871b1e923a27fe,weapon,reviewed,,Lello,2026-04-22T10:16:28+00:00,2
img_00014496,images/img_00014496.jpeg,05_deepweb,deepweb,d2e682f4966800ec2634b3a8ad66b6e3a32b9f4aa5a4274bcef4f7f287750bbb,weapon,reviewed,,Lello,2026-04-22T10:16:30+00:00,2
img_00014497,images/img_00014497.jpeg,05_deepweb,deepweb,61867a911d2a9dcf21d19fe6d4c6bab8a5774d70006a407c697b37d6f5138546,weapon,reviewed,,Lello,2026-04-22T10:16:31+00:00,2
img_00014498,images/img_00014498.jpeg,05_deepweb,deepweb,02680e86c05e8f693f74ff3a28be1a9a9e9473aedbfde259c1f7fa54ed605dc4,ood,reviewed,,Lello,2026-04-22T10:16:33+00:00,2
img_00014499,images/img_00014499.jpeg,05_deepweb,deepweb,3262bdd7358eebfd6d8f51653e0342fc0e0890c5fadb6ef119d943a4010a35d2,non_weapon,reviewed,,Lello,2026-04-22T10:16:35+00:00,2
img_00014500,images/img_00014500.jpeg,05_deepweb,deepweb,b5d57ddc48eec3aac419899dc8ad2fde80cf5045cb8fe8e56c48f2f1a31be720,weapon,reviewed,,Lello,2026-04-22T10:16:36+00:00,2
img_00014501,images/img_00014501.jpeg,05_deepweb,deepweb,14f801afadb38a659ca1c3ec2e7e4fa4847285548b2ce2564e850c5d911a7633,non_weapon,reviewed,,Lello,2026-04-22T10:16:40+00:00,2
img_00014502,images/img_00014502.jpeg,05_deepweb,deepweb,77057552a78ae19f72265489077e1467bede6a0a133d47021b66b56aa3528707,weapon,reviewed,,Lello,2026-04-22T10:16:41+00:00,2
img_00014503,images/img_00014503.png,05_deepweb,deepweb,4781072b8171e2f9e932e127de9e19e120903ec715ba5fdebda19044952b2c82,non_weapon,reviewed,,Lello,2026-04-22T10:16:43+00:00,2
img_00014504,images/img_00014504.jpeg,05_deepweb,deepweb,8b3336d4463dc8421fbd5ae9f78e90af6d5f1763de447fdd2c66c235426db393,ood,reviewed,,Lello,2026-04-22T10:16:45+00:00,2
img_00014505,images/img_00014505.jpeg,05_deepweb,deepweb,a3d355184b800e3de537126f5bb27e2b5e3ca1a3c5bb0b37113a3e7aa568f597,ood,reviewed,,Lello,2026-04-22T10:16:50+00:00,2
img_00014506,images/img_00014506.jpeg,05_deepweb,deepweb,512e66f82589e63065539e0846d9fec96929972dd738467746ae54155397205b,non_weapon,reviewed,,Lello,2026-04-22T10:16:51+00:00,2
img_00014507,images/img_00014507.webp,05_deepweb,deepweb,f922bf86352285de11465dac2b5d31d2059d57f17472eac0c132070b2afc7adc,non_weapon,reviewed,,Lello,2026-04-22T10:16:53+00:00,2
img_00014508,images/img_00014508.jpeg,05_deepweb,deepweb,3fbd0e2e5c145e331ec12b96ea92fe48edd801804612b9b81807094b40b2aad3,,pending,,,,2
img_00014509,images/img_00014509.jpeg,05_deepweb,deepweb,b7fda3a6b96821963dfe6ac245df89a5e416bb84c04399ec9afd329dde44bcdb,weapon,reviewed,,Lello,2026-04-22T10:17:01+00:00,2
img_00014510,images/img_00014510.jpeg,05_deepweb,deepweb,354394664a71c300ca2d81b008990b080b8f777b08cb32e52af2a9876c95cc97,weapon,reviewed,,Lello,2026-04-22T10:17:02+00:00,2
img_00014511,images/img_00014511.jpeg,05_deepweb,deepweb,d55e19f8b678c079bfe50014b51ef82e6a2846b5b2e36d937f1fc74cf6ddf018,weapon,reviewed,,Lello,2026-04-22T10:17:04+00:00,2
img_00014512,images/img_00014512.jpeg,05_deepweb,deepweb,35835227c2fcf0e4ba38565fb98f34e89d03d5587cbb852c30172a12f027e97f,weapon,reviewed,,Lello,2026-04-22T10:17:06+00:00,2
img_00014513,images/img_00014513.jpeg,05_deepweb,deepweb,50a1fb85788c601b92d124c3295e28c3332c065fc7e01c0f61bc8e3b2f997324,weapon,reviewed,,Lello,2026-04-22T10:17:07+00:00,2
img_00014514,images/img_00014514.png,05_deepweb,deepweb,2772765c9b8401a15e78db2ae885d8bc9aeb9937221d64b75efebe46c7c63260,non_weapon,reviewed,,Lello,2026-04-22T10:17:08+00:00,2
img_00014515,images/img_00014515.jpeg,05_deepweb,deepweb,4a1c8fef3dc32661b7e2c1f389f2122be2b541b775307e0abba8b36971d30c55,weapon,reviewed,,Lello,2026-04-22T10:17:09+00:00,2
img_00014516,images/img_00014516.jpeg,05_deepweb,deepweb,200278bbb3fc0e2d3f8c9632ad6455575e59cd5c02b269dd3fee59e84e259a0f,weapon,reviewed,,Lello,2026-04-22T10:17:12+00:00,2
img_00014517,images/img_00014517.jpeg,05_deepweb,deepweb,2eeb62270ac9c810793292765fc535770bf35b3f87127cf3f92c6f3702201e21,weapon,reviewed,,Lello,2026-04-22T10:17:13+00:00,2
img_00014518,images/img_00014518.jpeg,05_deepweb,deepweb,df2c1ea97127964e460e95a568d02b9560512f2d3aa3ad343e5299fbef80e176,non_weapon,reviewed,,Lello,2026-04-22T10:17:14+00:00,2
img_00014519,images/img_00014519.webp,05_deepweb,deepweb,3d7c8a3542a170ef58b00dbbc64b19d2dc32f9653f7718ce70b7e0f9ab9cc2c7,ood,reviewed,,Lello,2026-04-22T10:17:16+00:00,2
img_00014520,images/img_00014520.jpeg,05_deepweb,deepweb,fd11b752a1aceed9e79cf9009934f5cd84a9e5b3250de9971cd6d8cb08eca268,weapon,reviewed,,Lello,2026-04-22T10:17:18+00:00,2
img_00014521,images/img_00014521.png,05_deepweb,deepweb,933dfb988b3aad71a7c26fa734f2d293f440b12163817d99556f5dd41f0b528e,non_weapon,reviewed,,Lello,2026-04-22T10:17:20+00:00,2
img_00014522,images/img_00014522.jpeg,05_deepweb,deepweb,a0e67293a008ba67a1af95bad2ba4dd9b328f3865bd385a37861c2446036a906,weapon,reviewed,,Lello,2026-04-22T10:17:22+00:00,2
img_00014523,images/img_00014523.png,05_deepweb,deepweb,97f9b178ac1993f88da781196e578ab29bf0c10719198f339dee78427b641ddc,non_weapon,reviewed,,Lello,2026-04-22T10:17:24+00:00,2
img_00014524,images/img_00014524.jpeg,05_deepweb,deepweb,463c58d75ede4677eff33e84e920917e7edb61edf972a765b371782238e1a670,,pending,,,,2
img_00014525,images/img_00014525.jpeg,05_deepweb,deepweb,d5b50f13d3b5b3d64a78c70c01a6eca3ba7a3ab482080b7cd12fa608377e1b5c,non_weapon,reviewed,,Lello,2026-04-22T11:01:20+00:00,2
img_00014526,images/img_00014526.jpeg,05_deepweb,deepweb,7a83d91a6d44ccdb64f354e61fe7108bbafe1ad9da5dbfd74b0e7871708e5f0a,ood,reviewed,,Lello,2026-04-22T11:07:49+00:00,2
img_00014527,images/img_00014527.jpeg,05_deepweb,deepweb,58163c95ca925262d7f4ef856e2ccfa2d54b434f437b71d30c9a1a7d88104b8e,non_weapon,reviewed,,Lello,2026-04-22T11:01:14+00:00,2
img_00014528,images/img_00014528.jpeg,05_deepweb,deepweb,1cdde1f978a2f228c946e0645a82378736209bc461e8c2fb7e8a28cc1c2475c0,,pending,,,,2
img_00014529,images/img_00014529.jpeg,05_deepweb,deepweb,0049b183889e960cd52d92201f91d0b83f5127e7ff2304ce21ed4a94509206d4,non_weapon,reviewed,,Lello,2026-04-22T11:01:05+00:00,2
img_00014530,images/img_00014530.jpeg,05_deepweb,deepweb,0a8363bf52a436fd7e87743af9f3592242ba9993e8142f531642e63b68c655fd,weapon,reviewed,,Lello,2026-04-22T10:56:45+00:00,2
img_00014531,images/img_00014531.jpeg,05_deepweb,deepweb,28b12534e1e943045816b1980cb0084797d9a4f534f1850515b854fdb8ffd8fd,weapon,reviewed,,Lello,2026-04-22T10:56:42+00:00,2
img_00014532,images/img_00014532.png,05_deepweb,deepweb,8f1eca324e7c9ce6229402a0401943880c7b067abd7a9bbca6bf3e76bb2428ab,non_weapon,reviewed,,Lello,2026-04-22T11:01:07+00:00,2
img_00014533,images/img_00014533.jpeg,05_deepweb,deepweb,6703754084c64624736ae7efd9e61419837893892a55df8d316a8b9523b083ca,ood,reviewed,,Lello,2026-04-22T11:07:28+00:00,2
img_00014534,images/img_00014534.png,05_deepweb,deepweb,9e043e8a13f11a4e2fe69e76fc2184dcb1d09afd094ef5819316456451debcec,non_weapon,reviewed,,Lello,2026-04-22T11:01:09+00:00,2
img_00014535,images/img_00014535.jpeg,05_deepweb,deepweb,350f07dfd1cf2f1f744adc25bdffc57723d134d5f065c7b938ef4a7455185b65,non_weapon,reviewed,,Lello,2026-04-22T11:01:10+00:00,2
img_00014536,images/img_00014536.jpeg,05_deepweb,deepweb,629290045668cea23ef0a6af20b81d96fbf4a54e6fee6b7c92fc4e43ea170b75,non_weapon,reviewed,,Lello,2026-04-22T11:01:12+00:00,2
img_00014537,images/img_00014537.jpeg,05_deepweb,deepweb,9d0e2048bd3bcd436afac9ffb108585f92187ca5eef65b4f00b7d35518f3c82d,non_weapon,reviewed,,Lello,2026-04-22T11:01:13+00:00,2
img_00014538,images/img_00014538.jpeg,05_deepweb,deepweb,8908ca6a1220dc3281e626e767136673b0f3af43b2a5d693ada318a9d0725cf5,,pending,,,,2
img_00014539,images/img_00014539.jpeg,05_deepweb,deepweb,d8ab270627c47c110c18e9eea652b92828409caa47d1671858411db54d54488b,ood,reviewed,,Lello,2026-04-22T11:01:17+00:00,2
img_00014540,images/img_00014540.png,05_deepweb,deepweb,c4a18d6c44766c9b65802cb11adc1e9381d1fe8750fda17f8ca0991f2e1d764d,non_weapon,reviewed,,Lello,2026-04-22T11:01:15+00:00,2
img_00014541,images/img_00014541.jpeg,05_deepweb,deepweb,c8cb1790022baccb90a8ebdc128e8f42021c999fb9d4c4658b266b849bbd35ed,,pending,,,,2
img_00014542,images/img_00014542.png,05_deepweb,deepweb,19a35343a0d8b7be3912e3e83dc182170f79eaad62b71a968262c731f3bdb7d6,non_weapon,reviewed,,Lello,2026-04-22T11:01:19+00:00,2
img_00014543,images/img_00014543.webp,05_deepweb,deepweb,04b715b4c503752b0d961beb5d74cb8d06683b1672e4279770774ee41e248522,non_weapon,reviewed,,Lello,2026-04-22T11:01:22+00:00,2
img_00014544,images/img_00014544.jpeg,05_deepweb,deepweb,bd6301d3d5271b1e3a51da328eea3cf899c633b1ffc5ced04f264dad516d7940,,pending,,,,2
img_00014545,images/img_00014545.webp,05_deepweb,deepweb,df227edbfdcdee95896d00908f40f53b3248b352eb729bb83074bd713adca0c1,non_weapon,reviewed,,Lello,2026-04-22T11:01:24+00:00,2
img_00014546,images/img_00014546.jpeg,05_deepweb,deepweb,a5648a4150f232ef88ea749f1481f0310ea3bbfd0c5128230265bffdb39e1a59,,pending,,,,2
img_00014547,images/img_00014547.png,05_deepweb,deepweb,882dd60a4fa58f9cd6b92fb4c323ff03cdb5fe3e9f8a13f1b213e9584e112aaf,ood,reviewed,,Lello,2026-04-22T11:07:26+00:00,2
img_00014548,images/img_00014548.webp,05_deepweb,deepweb,3e72fb26b1cb92344b753cf921eff8aa2667dd82d9bac9ed9ec56db54053e522,,pending,,,,2
img_00014549,images/img_00014549.webp,05_deepweb,deepweb,eec75f374164f61a967fce1a24bd0214fc97350e255c9d912d14cd4fb34d8c0f,,pending,,,,2
img_00014550,images/img_00014550.jpeg,05_deepweb,deepweb,6f3a5f7d4c7e05dbbec403725aa55932dfe0c62ea3684dd7a1fbcb5feca2caa7,ood,reviewed,,Lello,2026-04-22T11:07:52+00:00,2
img_00014551,images/img_00014551.jpeg,05_deepweb,deepweb,f33dd7e26d5554360b322a1b2ba5cd1a98c83f1214e87253bb7d859cdf230da6,,pending,,,,2
img_00014552,images/img_00014552.jpeg,05_deepweb,deepweb,0c013a4d4bde0aebe708aaefb4d145ec0945fb93262d7bdc876a94968e11d027,,pending,,,,2
img_00014553,images/img_00014553.jpeg,05_deepweb,deepweb,62acec6590c42a2ab6e3e47b1671da8c196c07fbd94d508af35027493311023c,non_weapon,reviewed,,Lello,2026-04-22T11:01:37+00:00,2
img_00014554,images/img_00014554.png,05_deepweb,deepweb,ac2a5490267ae3c5e33969198f91b7b585c0f77c882a4b3f5b7c9b60d4fe513c,non_weapon,reviewed,,Lello,2026-04-22T11:01:38+00:00,2
img_00014555,images/img_00014555.jpeg,05_deepweb,deepweb,a102d1821e7598820acd7f674959f6e759570a1e35912e86f74bacb1bbe19875,non_weapon,reviewed,,Lello,2026-04-22T11:01:40+00:00,2
img_00014556,images/img_00014556.jpeg,05_deepweb,deepweb,feebd93932ceaa69494f9569ddf15ac22692408de61102b57947161b12ce222e,non_weapon,reviewed,,Lello,2026-04-22T11:01:31+00:00,2
img_00014557,images/img_00014557.jpeg,05_deepweb,deepweb,ded0be2b3751cc0aca632678a12b3bcdcee48353071564a0af21ed57990bbab1,,pending,,,,2
img_00014558,images/img_00014558.png,05_deepweb,deepweb,a0cb51bbaa1ad53aec5792d7c323f2491ccfcc79edb8102dc03637f19ef86dc1,non_weapon,reviewed,,Lello,2026-04-22T11:01:35+00:00,2
img_00014559,images/img_00014559.jpeg,05_deepweb,deepweb,1f9fdb02db922fcadd5488fca7ebf790b56e28ca7fcfcab8a1101a6a9cd5fed6,,pending,,,,2
img_00014560,images/img_00014560.jpeg,05_deepweb,deepweb,ac86be2e8e626d8a74c6e0f2d2ed83aa19fd8e909e8fc3d9c1b3c678252c3348,,pending,,,,2
img_00014561,images/img_00014561.jpeg,05_deepweb,deepweb,e182c78ccc0ea609d627880990199f0b1fb4cc1e6d21228975ddcf277f1c33b8,non_weapon,reviewed,,Lello,2026-04-22T11:01:42+00:00,2
img_00014562,images/img_00014562.jpeg,05_deepweb,deepweb,b55bbc37fd5617caa0404260bd2a10aea43936560c06b37284ddf028235e033c,non_weapon,reviewed,,Lello,2026-04-22T11:01:43+00:00,2
img_00014563,images/img_00014563.webp,05_deepweb,deepweb,64c946e550d068e260c4cbe153e6676c45df737fb0f2077973fa1291f471943e,,pending,,,,2
img_00014564,images/img_00014564.jpeg,05_deepweb,deepweb,a0838e04e0977685d54072539fa2dccc0b8e902e5faab2e160a2b82e3b1a3fe9,,pending,,,,2
img_00014565,images/img_00014565.jpeg,05_deepweb,deepweb,c2b70840df7fad22f1655a71582812457a8a093f60f3295fe9618b7ea68fe923,,pending,,,,2
img_00014566,images/img_00014566.jpeg,05_deepweb,deepweb,ad5f29f5ea7c4dd1ea090addf1796022b606a1be94b8d9486467a68ac815d682,,pending,,,,2
img_00014567,images/img_00014567.jpeg,05_deepweb,deepweb,ab3d4480882a0bd1c6597a3dc2376a9cf50170cae69f5be4e7e94cce6777bf3a,,pending,,,,2
img_00014568,images/img_00014568.jpeg,05_deepweb,deepweb,088ba8d17653b01059b921d439e621bf646951f753a0a3ba2cfeaaec7acc948b,non_weapon,reviewed,,Lello,2026-04-22T11:01:48+00:00,2
img_00014569,images/img_00014569.png,05_deepweb,deepweb,4e03b8540a55d847ae85ce7a8a5a16579af015e6b78e16defd05e0a0c1a42acc,,pending,,,,2
img_00014570,images/img_00014570.jpeg,05_deepweb,deepweb,4f3d0b42cfacfcebcf13cabb98a83d6ac3a90f7efbbcf05bbbfbdd9f34f8805c,,pending,,,,2
img_00014571,images/img_00014571.png,05_deepweb,deepweb,fa95ae9ce237eb4bbebd48ed7e8a0a8d9a8b99d62ea62c54d471ad936bc61601,non_weapon,reviewed,,Lello,2026-04-22T11:01:50+00:00,2
img_00014572,images/img_00014572.jpeg,05_deepweb,deepweb,37006424c8789a5188528020d626c6026142a0559f4989d0db03d06ea302294d,non_weapon,reviewed,,Lello,2026-04-22T11:01:52+00:00,2
img_00014573,images/img_00014573.jpeg,05_deepweb,deepweb,0d726bd5f5a218dcba652846b9f94626c3cf7e4493347df067196210a2d52a85,non_weapon,reviewed,,Lello,2026-04-22T11:01:53+00:00,2
img_00014574,images/img_00014574.png,05_deepweb,deepweb,4ef38e44187887570870ee1613040c6b301c242a9b0968d47be42dc13498a0aa,,pending,,,,2
img_00014575,images/img_00014575.jpeg,05_deepweb,deepweb,c2a468686019b7a5b461bb58325de7bde5194e4101b4cef06223ab787347e235,non_weapon,reviewed,,Lello,2026-04-22T11:01:56+00:00,2
img_00014576,images/img_00014576.png,05_deepweb,deepweb,f43a4b1d7095c67fa71b7722c4aba5729b99335b7b171f17a28cd483807c17c8,non_weapon,reviewed,,Lello,2026-04-22T11:01:58+00:00,2
img_00014577,images/img_00014577.jpeg,05_deepweb,deepweb,19bbd2f76d46972d553d8ce29a2f0fc83527207190390d4744ba88ec41636c24,,pending,,,,2
img_00014578,images/img_00014578.png,05_deepweb,deepweb,241bb2e9be164f8dbeaf78f311e52355dfd50af7e4a4fa3a72ae41ea2b41a9f9,non_weapon,reviewed,,Lello,2026-04-22T11:01:59+00:00,2
img_00014579,images/img_00014579.png,05_deepweb,deepweb,b8d42f0a0ea937fddcf1ea16a295b64c68b2c48fabef06eab999a4270c29962e,non_weapon,reviewed,,Lello,2026-04-22T11:02:00+00:00,2
img_00014580,images/img_00014580.png,05_deepweb,deepweb,9274cb7814f90a067f6543e1d2f2b3d754f4d4609011f86e2c17c8c1e19996d6,non_weapon,reviewed,,Lello,2026-04-22T11:02:02+00:00,2
img_00014581,images/img_00014581.webp,05_deepweb,deepweb,1ecfb04b19238720d349c1433c0f8ff1cd730551c803a584e2eb5281e1d5f810,non_weapon,reviewed,,Lello,2026-04-22T11:02:03+00:00,2
img_00014582,images/img_00014582.jpeg,05_deepweb,deepweb,e79e815070b098b337a452cc781838ec81da452c28fc236be6151703926db939,non_weapon,reviewed,,Lello,2026-04-22T11:02:04+00:00,2
img_00014583,images/img_00014583.jpeg,05_deepweb,deepweb,99cc5d64b33ef8112cd5f2f7fbfc14466ad90267ef2f791ea813b26f6649d776,,pending,,,,2
img_00014584,images/img_00014584.png,05_deepweb,deepweb,0e4c8446463673587c745d879d995b9dd0bd98f4bede072f999b6ee9314e1f81,,pending,,,,2
img_00014585,images/img_00014585.png,05_deepweb,deepweb,45bfa81cd7c871e98242b98f1e8350191f275a8caa02d33b7723f6cefc28526a,non_weapon,reviewed,,Lello,2026-04-22T11:02:06+00:00,2
img_00014586,images/img_00014586.jpeg,05_deepweb,deepweb,007c2f50f24c9ffed94898fc05fda1483a51b408ff2b50386ee5c825bec39de4,,pending,,,,2
img_00014587,images/img_00014587.jpeg,05_deepweb,deepweb,cc380339eccbda24bdd4220f92064c542e435c6a948758f483089cf6f0d3db0a,ood,reviewed,,Lello,2026-04-22T11:02:27+00:00,2
img_00014588,images/img_00014588.jpeg,05_deepweb,deepweb,3f6db4e0ad9155ef45b6019672fc429514954bf25d3cf32dbfdd015fd3fb4383,,pending,,,,2
img_00014589,images/img_00014589.jpeg,05_deepweb,deepweb,4ed38f8629d56d2218a829f496deaee5c684a1324e6a89d25a4384e881501244,,pending,,,,2
img_00014590,images/img_00014590.jpeg,05_deepweb,deepweb,547c81c97e5691f5273ed3c1b139a9bc89bc13f1db74f5c17995877d87e8cf9f,non_weapon,reviewed,,Lello,2026-04-22T11:02:10+00:00,2
img_00014591,images/img_00014591.jpeg,05_deepweb,deepweb,f48b6dbb95ceca9ed78be4a0febccc7613190b6fd8f9a4e3c3d747fa285e91cb,,pending,,,,2
img_00014592,images/img_00014592.jpeg,05_deepweb,deepweb,15516d8f98095ed62eeb717f83a53138aad4968ef785826211f57eb880f68394,non_weapon,reviewed,,Lello,2026-04-22T11:02:24+00:00,2
img_00014593,images/img_00014593.jpeg,05_deepweb,deepweb,b1ddcecfa3a1cfd23868d7ac03e611ec1a82f9e9b9d8242d2db7546f70915f6a,non_weapon,reviewed,,Lello,2026-04-22T11:02:16+00:00,2
img_00014594,images/img_00014594.png,05_deepweb,deepweb,e45f194981dbf5d24fc640f9a9b2e1dbf2a25512951ae13b8aa6a76b16499cc9,non_weapon,reviewed,,Lello,2026-04-22T11:02:19+00:00,2
img_00014595,images/img_00014595.jpeg,05_deepweb,deepweb,7d736d2c5763c347e60a116000ef79c54da811d84bc4d3a0b80591b0f5f5b4d6,,pending,,,,2
img_00014596,images/img_00014596.png,05_deepweb,deepweb,d8cafaac54dad22d069e17843fd9b02ec030fe9debb6a0e3a5f601e5d66ac0d1,non_weapon,reviewed,,Lello,2026-04-22T11:02:21+00:00,2
img_00014597,images/img_00014597.jpeg,05_deepweb,deepweb,85d6376389a39dc5ce3b77178f542dfa01fa350ba244d85c66525cd67433ce5e,,pending,,,,2
img_00014598,images/img_00014598.jpeg,05_deepweb,deepweb,ad0d744e1157422633336c4016425afcdc6b1d191991a755738eecf41e901d34,,pending,,,,2
img_00014599,images/img_00014599.jpeg,05_deepweb,deepweb,c7a1c9b582f1cb0fd6906d680ad1cde3c104211530f9bfd06ec3922d95f4f4d3,non_weapon,reviewed,,Lello,2026-04-22T11:02:23+00:00,2
img_00014600,images/img_00014600.png,05_deepweb,deepweb,c5c7c72352a072e1862674aa0adf5eeca44d5e415d2c43cb1bc52c86f05ef3d7,non_weapon,reviewed,,Lello,2026-04-22T11:02:29+00:00,2
img_00014601,images/img_00014601.jpeg,05_deepweb,deepweb,c395413f5257f2eaa7113479bd35044e66b61136f6a46c4b9d7dd37878595881,,pending,,,,2
img_00014602,images/img_00014602.png,05_deepweb,deepweb,f202f6bb1d8d9cde522c51b597e667204077b39f3526147fc4014bb691805d9e,non_weapon,reviewed,,Lello,2026-04-22T11:02:30+00:00,2
img_00014603,images/img_00014603.png,05_deepweb,deepweb,6054cbbe6ded172427e53e4d8fbc8b0b28331f9264518584d18c8aa7c489ff2b,non_weapon,reviewed,,Lello,2026-04-22T11:02:32+00:00,2
img_00014604,images/img_00014604.jpeg,05_deepweb,deepweb,373ff09ca078f642607abbaeafeed7aaab4da8a7499b279ed98c77a5913580f8,,pending,,,,2
img_00014605,images/img_00014605.png,05_deepweb,deepweb,4e6198c891566902d9c15549565823986a02090d8da859e9c5a7a2f2f0a401c6,non_weapon,reviewed,,Lello,2026-04-22T11:02:34+00:00,2
img_00014606,images/img_00014606.jpeg,05_deepweb,deepweb,78e6990407d6ba3ddf0ebb4e75941c2abe8a11bfc7a58b92ae80303955d26219,,pending,,,,2
img_00014607,images/img_00014607.jpeg,05_deepweb,deepweb,bc9db6e070096c2b9497adf9f305d4eb9757b9a18853a20343c0c616107cdcd8,non_weapon,reviewed,,Lello,2026-04-22T11:02:36+00:00,2
img_00014608,images/img_00014608.jpeg,05_deepweb,deepweb,e1f4de3c9a20716b5bd980f6131171284bc149494994a6ef11ca3d6dc4bfbb8d,non_weapon,reviewed,,Lello,2026-04-22T11:02:38+00:00,2
img_00014609,images/img_00014609.jpeg,05_deepweb,deepweb,52b53d6ebceb53a05fb3cf91e15b567659a69b43bfe05d9c6c7b7c880efd9acc,,pending,,,,2
img_00014610,images/img_00014610.webp,05_deepweb,deepweb,a8a8e42ea5f3777da9c0f5a86ebbaf16bc0906297bdf6aa0a86293ed7f94976c,non_weapon,reviewed,,Lello,2026-04-22T11:02:42+00:00,2
img_00014611,images/img_00014611.jpeg,05_deepweb,deepweb,351f4ebe512ae4c7107aed176eddb31c656929ed703cc3b72d9b26e1ffaabd15,,pending,,,,2
img_00014612,images/img_00014612.jpeg,05_deepweb,deepweb,a7b94ba6d92052362e796abcc6a0c25673ddfddd377076866dba0483f315b626,,pending,,,,2
img_00014613,images/img_00014613.jpeg,05_deepweb,deepweb,ad55e6753ea7abbe91c8a583072d58f11b3a6204a5d0e619b4b9b84e349d5ed0,,pending,,,,2
img_00014614,images/img_00014614.jpeg,05_deepweb,deepweb,a6944d66da5063f2b7c180c811b4a794c364feb4b12a192a811c0a9874bafbd5,,pending,,,,2
img_00014615,images/img_00014615.jpeg,05_deepweb,deepweb,b12259200a96a1afad7aabf79f766f2b259e60cbbee2cb147e154189594ae93f,ood,reviewed,,Lello,2026-04-22T11:02:45+00:00,2
img_00014616,images/img_00014616.png,05_deepweb,deepweb,82ca0bd139e00a4ecd228839230369f6827cbeafd949a8d8f1289b157df680bc,non_weapon,reviewed,,Lello,2026-04-22T11:02:56+00:00,2
img_00014617,images/img_00014617.jpeg,05_deepweb,deepweb,a0cb80038776d8ddedcfe490c6192527e9a7f8f9af943e6a19e83e62dbd74f9d,,pending,,,,2
img_00014618,images/img_00014618.jpeg,05_deepweb,deepweb,f651f8a3d988565b874f35a9e369c70306fca578a75f4524d37dbe6453b556f2,,pending,,,,2
img_00014619,images/img_00014619.webp,05_deepweb,deepweb,2032c9d82a0b5309dbf38478ad8b858cee0c3008bdaeb41c6f547fff98829778,,pending,,,,2
img_00014620,images/img_00014620.jpeg,05_deepweb,deepweb,6753221ad3d7c8ea918fd35bb0a4b0960fc4d149e874b8b8a07075b499f8dec1,,pending,,,,2
img_00014621,images/img_00014621.png,05_deepweb,deepweb,52ed67724621746080eb5d73f6bde6fcec1a39aab840c15af99cbf0a0e485299,non_weapon,reviewed,,Lello,2026-04-22T11:02:51+00:00,2
img_00014622,images/img_00014622.jpeg,05_deepweb,deepweb,2137ab911e4865599b7f5679a1e79694a790ccb35fced6c878e1b6389bba3b27,,pending,,,,2
img_00014623,images/img_00014623.jpeg,05_deepweb,deepweb,dbe23c301286ed7985ccb24038eacd293f37db0f6be37a0cc6101c1d61ac6085,non_weapon,reviewed,,Lello,2026-04-22T11:02:55+00:00,2
img_00014624,images/img_00014624.jpeg,05_deepweb,deepweb,cbaf29ae3af6c12664bbae6e57904ad3585c4d948bd4eb1c9c9d37b00672bddd,non_weapon,reviewed,,Lello,2026-04-22T11:02:58+00:00,2
img_00014625,images/img_00014625.jpeg,05_deepweb,deepweb,d308b76e65bd397f3849e600ed2a61229044b61ff1d5b7be02da6025450b69db,,pending,,,,2
img_00014626,images/img_00014626.jpeg,05_deepweb,deepweb,4521c7b6c70acb482b138c411ca2cc685bb4ce5c627477d2ae7358eeb3cfaa69,,pending,,,,2
img_00014627,images/img_00014627.jpeg,05_deepweb,deepweb,fdf1d19d7f4f32e0664838312c9c6fd04ea20a45e23750e1cb1a750f736dae25,,pending,,,,2
img_00014628,images/img_00014628.jpeg,05_deepweb,deepweb,8cdfbaecad3806a5bcc8cd6810d90c7e82e1016aa0489e5af5641ecf0ae956de,,pending,,,,2
img_00014629,images/img_00014629.png,05_deepweb,deepweb,2678b465f3595dfdbd0663f8a03fe7ffdb2198312bfae7ac9c20777a4eeed22b,non_weapon,reviewed,,Lello,2026-04-22T11:32:08+00:00,2
img_00014630,images/img_00014630.jpeg,05_deepweb,deepweb,3655d2665c006fe7f30f53d0175828599f0fc8ecf2fc5cb42d370b90f8d8b5e3,ood,reviewed,,Lello,2026-04-22T11:08:19+00:00,2
img_00014631,images/img_00014631.jpeg,05_deepweb,deepweb,f92c9996c9a1a33087cb5eab152c022fea46c28a8e58b3b75660ef4d268ef020,non_weapon,reviewed,,Lello,2026-04-22T11:32:10+00:00,2
img_00014632,images/img_00014632.png,05_deepweb,deepweb,e70010128c82bdfe54663b06f9885ff8c13287a4249858b989c9a4d1c3c599a0,non_weapon,reviewed,,Lello,2026-04-22T11:03:02+00:00,2
img_00014633,images/img_00014633.jpeg,05_deepweb,deepweb,79168f77bc0b4f4a6309f70d5213cff620da47aa62bcad42ca1ed2dbbd09b82c,,pending,,,,2
img_00014634,images/img_00014634.jpeg,05_deepweb,deepweb,2565b43f33b70eb4e7f26181c96e65250d8efe9ff9f03a1693502f5f58536231,,pending,,,,2
img_00014635,images/img_00014635.jpeg,05_deepweb,deepweb,cd35b276a40febdaebaeeac0c424e93da41d03bac1fb40d7409fed7ba65711df,,pending,,,,2
img_00014636,images/img_00014636.jpeg,05_deepweb,deepweb,84d51036e0ddd2e23b580c8ccc717c137dd755db8163f34e2adc93ef4c0df534,non_weapon,reviewed,,Lello,2026-04-22T11:32:23+00:00,2
img_00014637,images/img_00014637.jpeg,05_deepweb,deepweb,b9a475843fdfdd6cc26fb74e23b94bd8a12cf1a6fa1959d9060470ed61df4449,non_weapon,reviewed,,Lello,2026-04-22T11:32:24+00:00,2
img_00014638,images/img_00014638.png,05_deepweb,deepweb,88a7658f2f3135a91b06ab9f47cd729e3739def57c8a00276c097e99b293c156,non_weapon,reviewed,,Lello,2026-04-22T11:32:26+00:00,2
img_00014639,images/img_00014639.png,05_deepweb,deepweb,8072046deb749b208dd113b63c3f07a2fb48b13a47deb897d948d4b4c140358b,non_weapon,reviewed,,Lello,2026-04-22T11:32:27+00:00,2
img_00014640,images/img_00014640.jpeg,05_deepweb,deepweb,69ada775eb9dfa113d527e31475bfd819db516cfc8a07d21e8ec18a383a364dd,non_weapon,reviewed,,Lello,2026-04-22T11:32:29+00:00,2
img_00014641,images/img_00014641.jpeg,05_deepweb,deepweb,41ce57c95da2dac65970029de2e8c229a25b97f75d52448981d62246bdbcb010,,pending,,,,2
img_00014642,images/img_00014642.png,05_deepweb,deepweb,63e4a375b4871050ef11584adb552787bc0d8dc68d5df97c0e415776e7e189dc,ood,reviewed,,Lello,2026-04-22T11:08:31+00:00,2
img_00014643,images/img_00014643.jpeg,05_deepweb,deepweb,00b126cf9664d942caf0235fd2efb77e49befd9f71dcc2e1211472780fca94c7,,pending,,,,2
img_00014644,images/img_00014644.png,05_deepweb,deepweb,e8a52ced3a08c542ddf6dcba19dc5b0f15e1f795dfa49fc28d35a724ad95b119,non_weapon,reviewed,,Lello,2026-04-22T11:32:32+00:00,2
img_00014645,images/img_00014645.png,05_deepweb,deepweb,a754ea758877df3d55f688c7aa6f8dc0e30d20f5d40382d87432ce3803bee912,non_weapon,reviewed,,Lello,2026-04-22T11:32:34+00:00,2
img_00014646,images/img_00014646.jpeg,05_deepweb,deepweb,6a704676ff03fc9e66cf8c127aecf7926dde331f52c5bfc555b3890d5d13f720,,pending,,,,2
img_00014647,images/img_00014647.jpeg,05_deepweb,deepweb,f99d3009e5d7ddc651ef77b07b5e6128ec0c07d6b7ff05920547c60a14e2d42c,non_weapon,reviewed,,Lello,2026-04-22T11:32:49+00:00,2
img_00014648,images/img_00014648.jpeg,05_deepweb,deepweb,7a0c32d321cfcb5ba1243cace70d84c39642f01f9b30a8fda4a57bcb91d36b8a,,pending,,,,2
img_00014649,images/img_00014649.jpeg,05_deepweb,deepweb,3e784783462f3b8a074559b72cd4173ee7ca9708a3c2cc861d99aee0b0a202e8,ood,reviewed,,Lello,2026-04-22T11:08:24+00:00,2
img_00014650,images/img_00014650.jpeg,05_deepweb,deepweb,222d5f9756b607843b3b6b41ffa8424f73a32feb950cb7cdd14f678d1ccec93a,,pending,,,,2
img_00014651,images/img_00014651.webp,05_deepweb,deepweb,e47e8582447bf7d2140e0434f7fcb76389a5c1b47c441743cd54e785d03adac3,non_weapon,reviewed,,Lello,2026-04-22T11:32:37+00:00,2
img_00014652,images/img_00014652.jpeg,05_deepweb,deepweb,0fb696db6b0ad59f98037fb2f39db4f6f207d3f24f365347d1eb97530b71babc,,pending,,,,2
img_00014653,images/img_00014653.jpeg,05_deepweb,deepweb,a7c0e11bd2bdd953bce483ff6c4b14739d9a4bb4ce7a96b562bd7b270a37d44f,non_weapon,reviewed,,Lello,2026-04-22T11:32:39+00:00,2
img_00014654,images/img_00014654.jpeg,05_deepweb,deepweb,dd03a6929126ca439f6f7ad7ca6b5fd849bc825b4990298243c4f820c4158982,non_weapon,reviewed,,Lello,2026-04-22T11:32:40+00:00,2
img_00014655,images/img_00014655.jpeg,05_deepweb,deepweb,f79931e734eab178b1d43b79fcd588f710ed1f2581ce894143703e02c0c364bf,non_weapon,reviewed,,Lello,2026-04-22T11:32:42+00:00,2
img_00014656,images/img_00014656.png,05_deepweb,deepweb,14d966ce8a9541b46dec4e2290bf4b53ff66335a5bab37e88283b58d16917560,non_weapon,reviewed,,Lello,2026-04-22T11:32:44+00:00,2
img_00014657,images/img_00014657.jpeg,05_deepweb,deepweb,4d182dca19276c8f7c289cdd0d340a6e5c5477f978b38b9d656245db1c0344bc,non_weapon,reviewed,,Lello,2026-04-22T11:32:46+00:00,2
img_00014658,images/img_00014658.png,05_deepweb,deepweb,5b01680f988a8c8f663d3e2db22ba0039b1f9570440822d1a9ac12595956a7ae,non_weapon,reviewed,,Lello,2026-04-22T11:32:48+00:00,2
img_00014659,images/img_00014659.png,05_deepweb,deepweb,a30648380b7e19777475826e6a3e350d7f53f1ed2f5dbd306e605a335acf9760,non_weapon,reviewed,,Lello,2026-04-22T11:32:51+00:00,2
img_00014660,images/img_00014660.png,05_deepweb,deepweb,2d547125e515234052a23ee9c9d8b152801c05a0f4e9ef3a694c9403fe90403c,,pending,,,,2
img_00014661,images/img_00014661.jpeg,05_deepweb,deepweb,80255e5ba44096ea7a3da3b79490018d168b76ebe84edc92399bab03b398f2bb,non_weapon,reviewed,,Lello,2026-04-22T11:32:53+00:00,2
img_00014662,images/img_00014662.jpeg,05_deepweb,deepweb,fbfd88e48a4a36f2833814682716c3cb4475d3e920f63a78d8090cf4159e8d37,,pending,,,,2
img_00014663,images/img_00014663.jpeg,05_deepweb,deepweb,7bf79ebd041fcaf70e42a89b2edd3844d58617441040b826d4ba874559df4447,non_weapon,reviewed,,Lello,2026-04-22T11:32:57+00:00,2
img_00014664,images/img_00014664.jpeg,05_deepweb,deepweb,2f2a69baba215763cd4a1cf2ed2489d480245787e97a9f66aa132f9dfa7103fc,,pending,,,,2
img_00014665,images/img_00014665.jpeg,05_deepweb,deepweb,144236ade676732459b1d94fd17cba3e6f21ed0a5b6b76f56723f340f9574924,non_weapon,reviewed,,Lello,2026-04-22T11:32:59+00:00,2
img_00014666,images/img_00014666.webp,05_deepweb,deepweb,b88dc57d0c7f1344bb39c0f5fe90b802944530aa6f0c9f53064483cf28393ea4,,pending,,,,2
img_00014667,images/img_00014667.jpeg,05_deepweb,deepweb,80d85ddbaee6960ee112a9c6cc653ddad1ddd4e321be106dd2e2516a95526bb7,,pending,,,,2
img_00014668,images/img_00014668.png,05_deepweb,deepweb,4bae56607d8e78ef5074a20999e59f92562c46b91e12afc7fec4d5b3e6cd6366,non_weapon,reviewed,,Lello,2026-04-22T11:33:00+00:00,2
img_00014669,images/img_00014669.jpeg,05_deepweb,deepweb,55d9d545122940c3968479318b5fc07262a693318fbbebadb71f0daadeb588d8,non_weapon,reviewed,,Lello,2026-04-22T11:33:02+00:00,2
img_00014670,images/img_00014670.png,05_deepweb,deepweb,7fba0229cd62cbed6e4de8a1bb740e8d1317cfb1d4b57b5a81440c2f037f2869,non_weapon,reviewed,,Lello,2026-04-22T11:33:04+00:00,2
img_00014671,images/img_00014671.jpeg,05_deepweb,deepweb,f39f358c460ea2c00c16cd8370d195ac0b204490d6eefbc9c76e14b5042fc5c8,,pending,,,,2
img_00014672,images/img_00014672.jpeg,05_deepweb,deepweb,81c49b1f9fc00c9c80d619628096305d0d918f123e4b46080230d2884b1e6d70,non_weapon,reviewed,,Lello,2026-04-22T11:33:06+00:00,2
img_00014673,images/img_00014673.jpeg,05_deepweb,deepweb,bc84b52610d48e063b3e2d93ad096d0d2cd3af6c5f6c2858fc58ffb63c4790a1,,pending,,,,2
img_00014674,images/img_00014674.jpeg,05_deepweb,deepweb,0bab41c5e8b72f7572d70927c984df49e6ca42cf57ebeb5000da32b466036f40,,pending,,,,2
img_00014675,images/img_00014675.jpeg,05_deepweb,deepweb,d84659dff4791e2a003bfced792012f9af6879d23bf1726e29bb50bd1a28d64a,non_weapon,reviewed,,Lello,2026-04-22T11:33:10+00:00,2
img_00014676,images/img_00014676.jpeg,05_deepweb,deepweb,fa2a9e0aa4dec421044570ff874bcbb3a8c6a91bc783527b7c7fee36d7cfc147,non_weapon,reviewed,,Lello,2026-04-22T11:33:08+00:00,2
img_00014677,images/img_00014677.jpeg,05_deepweb,deepweb,8cd6b2e42f62ea2ac227fe820901114afcd6a94c99bdb2d8046b3b902ca50748,non_weapon,reviewed,,Lello,2026-04-22T11:33:12+00:00,2
img_00014678,images/img_00014678.webp,05_deepweb,deepweb,953942e71545e4a8abe9f4ded6b6c98d2d0633d2c3bd81e142cc297dc685b959,,pending,,,,2
img_00014679,images/img_00014679.png,05_deepweb,deepweb,1738d1622510ec6df16e46607ade11d174ad929184ca21097b882575cad233a0,non_weapon,reviewed,,Lello,2026-04-22T11:33:14+00:00,2
img_00014680,images/img_00014680.png,05_deepweb,deepweb,f6b8ba7c8ebb0b0163bc466330993cfec8284e5a36615d7b9d55f4e6b5b08188,non_weapon,reviewed,,Lello,2026-04-22T11:33:15+00:00,2
img_00014681,images/img_00014681.png,05_deepweb,deepweb,61ebccfaff1b6d26be94004e78958255dbf4ec1a836fad9856a793ba27356ddd,non_weapon,reviewed,,Lello,2026-04-22T11:33:17+00:00,2
img_00014682,images/img_00014682.jpeg,05_deepweb,deepweb,40cb066c73fea207ded0533c16e244469027707b50a6b37cced323a9f7262cfb,non_weapon,reviewed,,Lello,2026-04-22T11:33:20+00:00,2
img_00014683,images/img_00014683.jpeg,05_deepweb,deepweb,b2bd129c46b0a22c36a77b34a4e0637c78586b6995ee4ba42aa41bba3b8ded68,non_weapon,reviewed,,Lello,2026-04-22T11:33:21+00:00,2
img_00014684,images/img_00014684.jpeg,05_deepweb,deepweb,623c35bc1f1ea98c2cb7ff65deef00cb1a2ba5e9f4ab67c93444b708cdeeea3f,,pending,,,,2
img_00014685,images/img_00014685.jpeg,05_deepweb,deepweb,fdf1aab001712e052b4378e88a188e2942b05e59973be22f563b542461a9c2e4,non_weapon,reviewed,,Lello,2026-04-22T11:33:27+00:00,2
img_00014686,images/img_00014686.png,05_deepweb,deepweb,4deddaf795b747f9bd195e729fc298eb5fb3083ca843f42bb28fa13d26484c21,ood,reviewed,,Lello,2026-04-22T11:33:31+00:00,2
img_00014687,images/img_00014687.jpeg,05_deepweb,deepweb,01db91944c1ca26e1c299a654b4c6c6d6cdbc8722328f67be377b0856f205d7e,non_weapon,reviewed,,Lello,2026-04-22T11:33:33+00:00,2
img_00014688,images/img_00014688.jpeg,05_deepweb,deepweb,cf0b7fa5f86ad138863539f8774f5304be06e293bc089db5275f2c79adaf5fe5,,pending,,,,2
img_00014689,images/img_00014689.jpeg,05_deepweb,deepweb,66f73233e66be68ca9ecf498d86b08b98c83481c12538ed2a852e880138f7220,,pending,,,,2
img_00014690,images/img_00014690.jpeg,05_deepweb,deepweb,9bf9cec4ef58cad855ed1d179391c976169183498e0d8e6f1d941384cfe4adcc,non_weapon,reviewed,,Lello,2026-04-22T11:33:38+00:00,2
img_00014691,images/img_00014691.jpeg,05_deepweb,deepweb,05ea561bba5a106f71db944b44f9a012bcc76b4c584f762b97d98520d6dba266,,pending,,,,2
img_00014692,images/img_00014692.png,05_deepweb,deepweb,013d93a0d788d1b2da99208d5d26a0bd27de0254f6724cb00ff35db076312c15,non_weapon,reviewed,,Lello,2026-04-22T11:33:39+00:00,2
img_00014693,images/img_00014693.png,05_deepweb,deepweb,63b13c3521c5f1e9fcc8f3f766ec604bcb20ef4f6294e26fab3718724792e9be,non_weapon,reviewed,,Lello,2026-04-22T11:33:40+00:00,2
img_00014694,images/img_00014694.jpeg,05_deepweb,deepweb,54b4e910c0ce3bc249e868f9863225517d6aa1a84c0cc4ae309da24f6370bf44,non_weapon,reviewed,,Lello,2026-04-22T11:33:42+00:00,2
img_00014695,images/img_00014695.png,05_deepweb,deepweb,a5bf9ebd1323124e0270bb34af90dc12945fe9a216e763b8565bff3169904b7f,non_weapon,reviewed,,Lello,2026-04-22T11:33:43+00:00,2
img_00014696,images/img_00014696.jpeg,05_deepweb,deepweb,13371f9ad501edc3f1d800a72e0f988db4b834af5f7e11ff0f996d9bdfad35cd,ood,reviewed,,Lello,2026-04-22T11:08:55+00:00,2
img_00014697,images/img_00014697.jpeg,05_deepweb,deepweb,b916468701a0350a367868f6f3f7857a639c8431f08c378cead66492339b7d2d,,pending,,,,2
img_00014698,images/img_00014698.jpeg,05_deepweb,deepweb,35ad78e5e30b68f188e3124c2f19fde4d9c1a1e047bd658467a77b47401d4438,non_weapon,reviewed,,Lello,2026-04-22T11:33:47+00:00,2
img_00014699,images/img_00014699.jpeg,05_deepweb,deepweb,b0216a844f1f9ab86b5baf7b6e93872544c458bd81b63a3f3387569b6b8e9f52,,pending,,,,2
img_00014700,images/img_00014700.jpeg,05_deepweb,deepweb,198b027e08a29d91588cd2b286149afac6029f1f55132cfd11957d7fad8c3335,,pending,,,,2
img_00014701,images/img_00014701.png,05_deepweb,deepweb,f2b6ca9cf19184b10107babb82ead1b45b5224d1a199d12fc5175f6fab843c95,ood,reviewed,,Lello,2026-04-22T11:08:58+00:00,2
img_00014702,images/img_00014702.webp,05_deepweb,deepweb,2686352d16b8b567605e6c64b7df2094b09ab1b9487b3d4b43a3898a7c1f671f,non_weapon,reviewed,,Lello,2026-04-22T11:33:49+00:00,2
img_00014703,images/img_00014703.png,05_deepweb,deepweb,1646b74e23f9358e6fb61dbcb23379a12e8f9c9cdc115cd81757f863b5eb16bf,non_weapon,reviewed,,Lello,2026-04-22T11:33:51+00:00,2
img_00014704,images/img_00014704.jpeg,05_deepweb,deepweb,9731186be9b7e8eaf3dabde52316c03139fb65bad0641b7128eaf0b7aa0f3912,,pending,,,,2
img_00014705,images/img_00014705.png,05_deepweb,deepweb,3fda6ca9cc2d9ccb3082b770cc80b79021415dd4d0597feaad8d682a927baa12,non_weapon,reviewed,,Lello,2026-04-22T11:33:53+00:00,2
img_00014706,images/img_00014706.png,05_deepweb,deepweb,1ebbe92bc4fdd9fb90d1d61a1f12bacaacd6255ad61e65a8697350995947412b,,pending,,,,2
img_00014707,images/img_00014707.png,05_deepweb,deepweb,0c1464a23c2aeb05922bf84787a981189683906225b1fba0bf4245a4bc1181ee,non_weapon,reviewed,,Lello,2026-04-22T11:33:55+00:00,2
img_00014708,images/img_00014708.jpeg,05_deepweb,deepweb,9c235d96f2783cecfc3cdaac1b0e46d28e83845783f59c1be8839bd92a697b67,non_weapon,reviewed,,Lello,2026-04-22T11:33:56+00:00,2
img_00014709,images/img_00014709.jpeg,05_deepweb,deepweb,008e8d5ca392bd6f29bbc63896114b00d9b415ca18903d4c4218ea22ce6b74ad,,pending,,,,2
img_00014710,images/img_00014710.jpeg,05_deepweb,deepweb,3ae01836ef13e1944fc4032c3ab5a3bb4dd1ca48198b369f475d59ee4d99f20f,non_weapon,reviewed,,Lello,2026-04-22T11:33:58+00:00,2
img_00014711,images/img_00014711.png,05_deepweb,deepweb,d3095435978d869f07ba51850734bcbf140f4a2fdf8f35015a758bd04a53daff,non_weapon,reviewed,,Lello,2026-04-22T11:33:59+00:00,2
img_00014712,images/img_00014712.jpeg,05_deepweb,deepweb,9ae14c3f0deb4b3a748f21c6410d993fe4367be9cb5eb55419ab3fbd24564fa3,non_weapon,reviewed,,Lello,2026-04-22T11:34:01+00:00,2
img_00014713,images/img_00014713.png,05_deepweb,deepweb,ebd77c7212e36fc0f469f2d001b2f9892abe5a88c213f4ad287d5de45a71b8f1,,pending,,,,2
img_00014714,images/img_00014714.webp,05_deepweb,deepweb,5dfe30eb2a0a311b4af2b0ca1b5bbc39381b92fd9e69501e18c61576ecf4cdde,,pending,,,,2
img_00014715,images/img_00014715.png,05_deepweb,deepweb,1cffe9f02ece55b96def6e555083a61d312648dd4be37e30d8246e938a5bb686,non_weapon,reviewed,,Lello,2026-04-22T11:34:04+00:00,2
img_00014716,images/img_00014716.jpeg,05_deepweb,deepweb,6275a39bb638c9d24934163b2cd94d2490664e366c57c9f33bd1f86e8e9393af,non_weapon,reviewed,,Lello,2026-04-22T11:34:06+00:00,2
img_00014717,images/img_00014717.jpeg,05_deepweb,deepweb,1e041d052861ae0e5bf9de480b91b3875b1df85a3b8fb2639d79ecf7fdea2f95,non_weapon,reviewed,,Lello,2026-04-22T11:34:08+00:00,2
img_00014718,images/img_00014718.jpeg,05_deepweb,deepweb,0004ba18af36a4d7677bd07918a78794549b72bdafc556f751b3277d71b0580d,non_weapon,reviewed,,Lello,2026-04-22T11:34:10+00:00,2
img_00014719,images/img_00014719.png,05_deepweb,deepweb,c482899b9c335f6561250b189c5d6c309675587abde783bf143b0434ebba21c0,non_weapon,reviewed,,Lello,2026-04-22T11:34:12+00:00,2
img_00014720,images/img_00014720.jpeg,05_deepweb,deepweb,99e2ec7f9f85aa58fa45630c28bba3732ac9173069fa5c57f36fa8e81aa76531,,pending,,,,2
img_00014721,images/img_00014721.jpeg,05_deepweb,deepweb,6b5c36a657d47fa6049f6b0888c177bb7c803418e38b1389251e98e9c3ce0cbc,non_weapon,reviewed,,Lello,2026-04-22T11:34:16+00:00,2
img_00014722,images/img_00014722.jpeg,05_deepweb,deepweb,e301a983e0a848f7a05b54d7da7b51e87ed54df8d3c5d8ae52f41c74d88bd80e,non_weapon,reviewed,,Lello,2026-04-22T11:34:18+00:00,2
img_00014723,images/img_00014723.jpeg,05_deepweb,deepweb,df05d120d293df51133a2420b9598dce59ca95ffb226af3bf2d74b0ef92ea94c,,pending,,,,2
img_00014724,images/img_00014724.png,05_deepweb,deepweb,68f5f814f45cc87db5f71800f03e15230f5d3f2eef76b705ccf233840cd9085f,non_weapon,reviewed,,Lello,2026-04-22T11:34:19+00:00,2
img_00014725,images/img_00014725.png,05_deepweb,deepweb,2317fd7ca8cf9055fb30971d60b9d18ba81d6e0a54d67f2f854a364480bfb85f,non_weapon,reviewed,,Lello,2026-04-22T11:34:21+00:00,2
img_00014726,images/img_00014726.jpeg,05_deepweb,deepweb,d86d9fb4036b38772cddccde8f399f6486da987349b87657bd51f9711d284a82,,pending,,,,2
img_00014727,images/img_00014727.jpeg,05_deepweb,deepweb,61e4dec8d1f28ca193ab905d7353515c9a6dfccca617c8fe13bd5dc6b5a2b5c3,ood,reviewed,,Lello,2026-04-22T11:09:15+00:00,2
img_00014728,images/img_00014728.jpeg,05_deepweb,deepweb,7591b84850571b3dd2cb87fb667c2eebcd64bfb91c7d30988a82f519563008bc,non_weapon,reviewed,,Lello,2026-04-22T11:34:22+00:00,2
img_00014729,images/img_00014729.jpeg,05_deepweb,deepweb,0a08c5d206a1898427301b44eb4f790b50b3fd413343f9d09690d5c6472f8c88,non_weapon,reviewed,,Lello,2026-04-22T11:34:23+00:00,2
img_00014730,images/img_00014730.webp,05_deepweb,deepweb,54ee51b5c8cf097bf14151a35a641a6f20cee558141d0dff5164e158c98b6d57,non_weapon,reviewed,,Lello,2026-04-22T11:34:25+00:00,2
img_00014731,images/img_00014731.jpeg,05_deepweb,deepweb,50b44d06bfed230220dccc1b82d0d54d16d6649de46eca930a5421f672c47fd7,non_weapon,reviewed,,Lello,2026-04-22T11:34:26+00:00,2
img_00014732,images/img_00014732.png,05_deepweb,deepweb,e7395d10902470a8327e1d2656578ad7bb94a3d120a2a7287009797a809908e9,,pending,,,,2
img_00014733,images/img_00014733.jpeg,05_deepweb,deepweb,7873cef8018747a7ca54e241eeef370896abadc13b4d1af2b696efaf43c42245,non_weapon,reviewed,,Lello,2026-04-22T11:34:27+00:00,2
img_00014734,images/img_00014734.jpeg,05_deepweb,deepweb,704a0e7c97b606735ebd5e4aef9f8862f2aabec2391f31dc01ade7386d4aa541,non_weapon,reviewed,,Lello,2026-04-22T11:34:29+00:00,2
img_00014735,images/img_00014735.jpeg,05_deepweb,deepweb,b125fdfce009316b994437dd52b84112991ebe7f2c0ea252b3c5bcf073f6894d,,pending,,,,2
img_00014736,images/img_00014736.jpeg,05_deepweb,deepweb,ada2f08864e62564ee402d812f22f609602cf20199fc8068ee08dc705e51a8ee,non_weapon,reviewed,,Lello,2026-04-22T11:34:30+00:00,2
img_00014737,images/img_00014737.webp,05_deepweb,deepweb,9eaa027f1c863a3d6de283db9365b53c95cbd9b6e9d780ad7a733fe04e322456,non_weapon,reviewed,,Lello,2026-04-22T11:34:32+00:00,2
img_00014738,images/img_00014738.jpeg,05_deepweb,deepweb,8bbf98f0ce55694cddca4f41e253069e950c601ef1c58b858f01c41e5530a97a,,pending,,,,2
img_00014739,images/img_00014739.png,05_deepweb,deepweb,da8f7ede00e8f07bc775a790474164ec354209c2a5ea66ab6f46a3eb12f2b2b9,non_weapon,reviewed,,Lello,2026-04-22T11:34:34+00:00,2
img_00014740,images/img_00014740.jpeg,05_deepweb,deepweb,9a9ccbcfdff6069b9f1d2509f5904cb6cd29354e195360de447dbf96a5396ad9,,pending,,,,2
img_00014741,images/img_00014741.png,05_deepweb,deepweb,e659cbdbcc9b9dada8446dfea3463c9f549750f3f3cf06329c942884e15f942a,non_weapon,reviewed,,Lello,2026-04-22T11:34:35+00:00,2
img_00014742,images/img_00014742.jpeg,05_deepweb,deepweb,7d5f508c6efd3ca95988f85c855e09bc7092dfeb6cf02ff042a67814dbc50b2e,non_weapon,reviewed,,Lello,2026-04-22T11:34:37+00:00,2
img_00014743,images/img_00014743.jpeg,05_deepweb,deepweb,b103fddfbc5c9c8211e0494c7527dc45e81ef50d239712c82d99841603bef22e,,pending,,,,2
img_00014744,images/img_00014744.jpeg,05_deepweb,deepweb,e79f38a0125ba6d90817862037fb8f99765a538a63ab4f3ff21a068389e0c199,,pending,,,,2
img_00014745,images/img_00014745.jpeg,05_deepweb,deepweb,66ad73152ba6fcdcb920501b18b45c847370471a0a3584629d10c6efe668652c,,pending,,,,2
img_00014746,images/img_00014746.jpeg,05_deepweb,deepweb,3f01f15e841cbe78c35e269c4391f3a8ec2b5dab9c3fa92da9074c5472a78b9a,non_weapon,reviewed,,Lello,2026-04-22T11:34:38+00:00,2
img_00014747,images/img_00014747.jpeg,05_deepweb,deepweb,2420eb8c7d2579cc4fa36cdcb9de1def0e440580777b8846a60a0fcd7f82d8f6,non_weapon,reviewed,,Lello,2026-04-22T11:34:40+00:00,2
img_00014748,images/img_00014748.png,05_deepweb,deepweb,b9b83f9c65bcb46019a5d574795e5fdb66a30c01430dd54126cb5da25a0e6dc0,non_weapon,reviewed,,Lello,2026-04-22T11:34:41+00:00,2
img_00014749,images/img_00014749.png,05_deepweb,deepweb,3d574f2e09f56ecbc0ef3b70e699c9c33c483799451740b0773c6434867ef49c,non_weapon,reviewed,,Lello,2026-04-22T11:34:43+00:00,2
img_00014750,images/img_00014750.jpeg,05_deepweb,deepweb,76d6f81d7b08aedde24053f26182bb969811796091dc0f23a4c7bf785da6c98f,non_weapon,reviewed,,Lello,2026-04-22T11:34:44+00:00,2
img_00014751,images/img_00014751.jpeg,05_deepweb,deepweb,e8ab605e3b8de28a95610f285df8c9723a94bfe0cbd8a3e9885ca070655b598a,,pending,,,,2
img_00014752,images/img_00014752.jpeg,05_deepweb,deepweb,fcf4bbfe86dd461aaf5fa474a3cb86313b28bf8b8b74bdb07bc71ccb73adefda,,pending,,,,2
img_00014753,images/img_00014753.jpeg,05_deepweb,deepweb,fdb906f6caf8409b2214173255c9958c4d78c9addc35488c72578245542b0e14,,pending,,,,2
img_00014754,images/img_00014754.jpeg,05_deepweb,deepweb,bdab72cb23ddfcd73eab2915297c417ebe9844b1f51ddfe185d1d909787bb745,non_weapon,reviewed,,Lello,2026-04-22T11:34:49+00:00,2
img_00014755,images/img_00014755.jpeg,05_deepweb,deepweb,9606cb57a04af0835639944fb777fb5783b6708eff650c7993ea26a874ec0c8b,,pending,,,,2
img_00014756,images/img_00014756.jpeg,05_deepweb,deepweb,bc797b7be8e403dda36fac006cb59a6b678a3906d84f24d1972bec18327bdfaf,,pending,,,,2
img_00014757,images/img_00014757.jpeg,05_deepweb,deepweb,6e9bcbd2d15339401d515ff3d4c9ae060ec506cee17227fecf0d72b79e2a4a54,,pending,,,,2
img_00014758,images/img_00014758.png,05_deepweb,deepweb,8a794ae4d6355cf1aea161f96fe6d3986d5b94b229c59d1f250d25e567f66524,non_weapon,reviewed,,Lello,2026-04-22T11:34:52+00:00,2
img_00014759,images/img_00014759.jpeg,05_deepweb,deepweb,6ff3d16565616f07dd1956cba73693b22e417be7529dd0d068a9b0d9233b9216,ood,reviewed,,Lello,2026-04-22T11:09:28+00:00,2
img_00014760,images/img_00014760.png,05_deepweb,deepweb,d492667088446399c6a98654023206d3d1ac4a5045cd895af85e2ce066ade11b,non_weapon,reviewed,,Lello,2026-04-22T11:34:54+00:00,2
img_00014761,images/img_00014761.png,05_deepweb,deepweb,ae48d348f85eb100473dca812711e62c39e08d09a13dbfd986afb5a715021e9e,non_weapon,reviewed,,Lello,2026-04-22T11:34:55+00:00,2
img_00014762,images/img_00014762.jpeg,05_deepweb,deepweb,05cdaa7b9f47afd5337e6b741d804f282b468398fc27d03e5a7ddc6e4291f906,,pending,,,,2
img_00014763,images/img_00014763.jpeg,05_deepweb,deepweb,5d0d536b7b925b9e5554027c8d4f89d27057bf77594c2fe678097a3d37439b7e,,pending,,,,2
img_00014764,images/img_00014764.jpeg,05_deepweb,deepweb,0cd7ff30bf6f703b4faf0db56cd119cc359047286ec726da978121029393f946,non_weapon,reviewed,,Lello,2026-04-22T11:34:57+00:00,2
img_00014765,images/img_00014765.png,05_deepweb,deepweb,a7ee3377ac7c94cca6269c62b0c9d1a98701d3a05a73c0cfb68707170edbdeec,non_weapon,reviewed,,Lello,2026-04-22T11:34:59+00:00,2
img_00014766,images/img_00014766.jpeg,05_deepweb,deepweb,26e569fd666763486f53063a9a6c82fd5b473b5d49b48bdbcca23396b0c5ee18,,pending,,,,2
img_00014767,images/img_00014767.jpeg,05_deepweb,deepweb,071827cddf1d59eeb7c09aaa88f6083ea5249d68ec60bbcf0133fcbb1047cc62,,pending,,,,2
img_00014768,images/img_00014768.jpeg,05_deepweb,deepweb,b907cdf474c6d84e2bbd0cda4e88ea4ada9c57050ac8bba60aa817590fd9e438,,pending,,,,2
img_00014769,images/img_00014769.webp,05_deepweb,deepweb,5e19f5a1c936b6d637a08cd2a4fb22c03889570f07027c786e9dc5e83b9a329a,non_weapon,reviewed,,Lello,2026-04-22T11:35:12+00:00,2
img_00014770,images/img_00014770.jpeg,05_deepweb,deepweb,8dcb358dfd1dc1bbc9a1913dee097a58358d4907c1f608679666a15e00c62814,non_weapon,reviewed,,Lello,2026-04-22T11:35:14+00:00,2
img_00014771,images/img_00014771.jpeg,05_deepweb,deepweb,23aa39855dff99c74c4f11b70fa9e1d624bcca2239d06a33f7383d72f496bd63,non_weapon,reviewed,,Lello,2026-04-22T11:35:15+00:00,2
img_00014772,images/img_00014772.jpeg,05_deepweb,deepweb,882206932cb58fceb5a013bcfb96908a8e9cbe3c701c75b00ce7f829e2b760ac,,pending,,,,2
img_00014773,images/img_00014773.png,05_deepweb,deepweb,5394abe202f839dbf82b16372f4cf0e399c849e4582959c1837b44ae3a3114bc,non_weapon,reviewed,,Lello,2026-04-22T11:35:17+00:00,2
img_00014774,images/img_00014774.jpeg,05_deepweb,deepweb,4fbd6eac745a3b9510e6e3aacf3f476b7cbf639b31a9551164e1babee22737b1,,pending,,,,2
img_00014775,images/img_00014775.jpeg,05_deepweb,deepweb,12b7da93386de37b06b8220a1c92f0a159b7ae58df742d4ea672edc03e7af999,,pending,,,,2
img_00014776,images/img_00014776.jpeg,05_deepweb,deepweb,62f15d333f0d5c7a25c0609baaf4d3e32ef425a4a0d8f5edcf7e221814c99b45,non_weapon,reviewed,,Lello,2026-04-22T11:35:19+00:00,2
img_00014777,images/img_00014777.png,05_deepweb,deepweb,5b6be1fbb0008509e4d59807b6ed3b38d90e9ec941f0bd0ad9471639b0b7c6f6,non_weapon,reviewed,,Lello,2026-04-22T11:35:20+00:00,2
img_00014778,images/img_00014778.jpeg,05_deepweb,deepweb,e9763f234d46ffaf52ec33b889bdc67e9b04c9d8d328ccf83c8420dc5be5b187,,pending,,,,2
img_00014779,images/img_00014779.png,05_deepweb,deepweb,4f867b94c726ae81a4958423025fd2fc73b0743e89d16a5d05f5d3de5c0cd646,non_weapon,reviewed,,Lello,2026-04-22T11:35:22+00:00,2
img_00014780,images/img_00014780.jpeg,05_deepweb,deepweb,d0d33ab5b68d6de81d3b13db9b9793516389520d5780aad929ef312fc2dd9479,non_weapon,reviewed,,Lello,2026-04-22T11:35:23+00:00,2
img_00014781,images/img_00014781.jpeg,05_deepweb,deepweb,65fe2d294817b388c58d6dec33fe1ab752f545f2f48714c828ccd2cde4b5b43d,non_weapon,reviewed,,Lello,2026-04-22T11:35:25+00:00,2
img_00014782,images/img_00014782.jpeg,05_deepweb,deepweb,04010318f11d67d6355c503d61fcad6f2124505ab53015749f7304041038e183,,pending,,,,2
img_00014783,images/img_00014783.png,05_deepweb,deepweb,16b1aa5848601e0b9ecf2d73b2f90427719463ed7af12c75d7dbb937a73ba639,non_weapon,reviewed,,Lello,2026-04-22T11:35:27+00:00,2
img_00014784,images/img_00014784.png,05_deepweb,deepweb,54a5f5caebaa226a49da42e05ea09f157d6de0554aa916b849e8d5f5859d0cc5,non_weapon,reviewed,,Lello,2026-04-22T11:35:28+00:00,2
img_00014785,images/img_00014785.jpeg,05_deepweb,deepweb,4229a9fc655aa806ac94ea235407e1ea0829578dbb3c1e9612b015bf416600d8,ood,reviewed,,Lello,2026-04-22T11:09:38+00:00,2
img_00014786,images/img_00014786.jpeg,05_deepweb,deepweb,200528ae12c8d0e510a7a70a1dce0e751a372a72e64c17873fedadba0142fdb4,,pending,,,,2
img_00014787,images/img_00014787.png,05_deepweb,deepweb,8d1bb8ad57eaf153662e89b4b6cc75a38f65abb38cf745a59049097686dfdf39,,pending,,,,2
img_00014788,images/img_00014788.png,05_deepweb,deepweb,921efd01732a529fc0f360285de1984f277c7a863952bcf3fe44b5029ff4571b,non_weapon,reviewed,,Lello,2026-04-22T11:35:30+00:00,2
img_00014789,images/img_00014789.png,05_deepweb,deepweb,fac1cbff26bb06715d0fe231008688acea2d03bcd5213d74e33f8ee0f750ff27,non_weapon,reviewed,,Lello,2026-04-22T11:35:32+00:00,2
img_00014790,images/img_00014790.png,05_deepweb,deepweb,91a3e15ab32dc3186fb0cd5ebd84b5efa027054e550760e4037748c0e47f93a1,non_weapon,reviewed,,Lello,2026-04-22T11:35:33+00:00,2
img_00014791,images/img_00014791.png,05_deepweb,deepweb,2a29fbd47376fd562fbdb830735a64b19f7f012b971d2ac6988180f704b0e84b,non_weapon,reviewed,,Lello,2026-04-22T11:35:34+00:00,2
img_00014792,images/img_00014792.jpeg,05_deepweb,deepweb,f7ec288c3671acb7eda75297f02572297220237da8ec82fa525f58e8719a3558,non_weapon,reviewed,,Lello,2026-04-22T11:35:36+00:00,2
img_00014793,images/img_00014793.png,05_deepweb,deepweb,1e1a1688bcd4a209f14580cde944d054c48b063eae5e19b0aa23a2bbd4b6c3be,non_weapon,reviewed,,Lello,2026-04-22T11:35:37+00:00,2
img_00014794,images/img_00014794.png,05_deepweb,deepweb,7b7f6ee003d520a912a2324be6906480dbc837456d968cbf89a3c333589aafd7,non_weapon,reviewed,,Lello,2026-04-22T11:35:38+00:00,2
img_00014795,images/img_00014795.jpeg,05_deepweb,deepweb,0d22501f273ec4de3746cf34aebcbcc4a5c7caab1b40bbb3f404b8542d939b60,non_weapon,reviewed,,Lello,2026-04-22T11:35:39+00:00,2
img_00014796,images/img_00014796.jpeg,05_deepweb,deepweb,b6df7578debfc4bec127f00a59e7baa47c307f2ae12749c87fc7405df6c546b7,,pending,,,,2
img_00014797,images/img_00014797.jpeg,05_deepweb,deepweb,e6a8b7b9f2bacf53ed58628b5a1d68b9a75f63bd8331a78040fa9cf2f72fee99,non_weapon,reviewed,,Lello,2026-04-22T11:35:41+00:00,2
img_00014798,images/img_00014798.jpeg,05_deepweb,deepweb,ee65fda6ceee7a602eed99d358d010b0882307d3e913b69726e541a97bba4276,,pending,,,,2
img_00014799,images/img_00014799.jpeg,05_deepweb,deepweb,7f755da336f4a979fd7ba0a712188cfe4b1854297b9292079827e940a34c3407,non_weapon,reviewed,,Lello,2026-04-22T11:35:43+00:00,2
img_00014800,images/img_00014800.png,05_deepweb,deepweb,a7d4287d47374c89e309f4b63d76640e013ccaa7d3117ac6161eeddffaf8f1d2,non_weapon,reviewed,,Lello,2026-04-22T11:35:44+00:00,2
img_00014801,images/img_00014801.jpeg,05_deepweb,deepweb,c3a6df99f08532c6d902c8224728fa2d8213f4d0ae04db612765c71a63758ba7,,pending,,,,2
img_00014802,images/img_00014802.jpeg,05_deepweb,deepweb,85f00cad474523dad296d09e8f223536a160b7efda91a6ff519f6853f175b8fd,,pending,,,,2
img_00014803,images/img_00014803.jpeg,05_deepweb,deepweb,abffa53b8f426814dc3e0ba7d73fc446a60525309e7970370a548186a375bc6d,non_weapon,reviewed,,Lello,2026-04-22T11:35:48+00:00,2
img_00014804,images/img_00014804.png,05_deepweb,deepweb,56a67e8996de47370f7fb6b9696089be6907fa48c195778378c288557c7d5675,non_weapon,reviewed,,Lello,2026-04-22T11:35:50+00:00,2
img_00014805,images/img_00014805.jpeg,05_deepweb,deepweb,92d8498898113cb250b9171147543dace169c83096ddc3e1b716945059f9b93f,ood,reviewed,,Lello,2026-04-22T11:35:55+00:00,2
img_00014806,images/img_00014806.jpeg,05_deepweb,deepweb,6178d0028868b3b2b46cca8d989821558dbf4204218fd3061e683bf1e395cf72,,pending,,,,2
img_00014807,images/img_00014807.png,05_deepweb,deepweb,ad778fe82db4fc84de03776d27f0f1d444d4596400d5dc2f046912dbe85e7cf4,non_weapon,reviewed,,Lello,2026-04-22T11:35:58+00:00,2
img_00014808,images/img_00014808.png,05_deepweb,deepweb,d6a10bd142b5e57ef22477250508b8d201de984427340c0d6d5a85f1a57e08f4,non_weapon,reviewed,,Lello,2026-04-22T11:35:59+00:00,2
img_00014809,images/img_00014809.jpeg,05_deepweb,deepweb,3c8bac1e99e001a3d7b9fbb6e0a4494f4848000fc3efcc9e4ef909b0f5607c14,,pending,,,,2
img_00014810,images/img_00014810.png,05_deepweb,deepweb,33a54b696d94fc0594823eefffea7bae0519d1fdd4d40e79edf678c734692538,non_weapon,reviewed,,Lello,2026-04-22T11:36:01+00:00,2
img_00014811,images/img_00014811.jpeg,05_deepweb,deepweb,4a9db13562f879cccdd868d861b492bb118d2311f14d187caf6b06a95efd2966,,pending,,,,2
img_00014812,images/img_00014812.jpeg,05_deepweb,deepweb,dcb096c15a3a1bb9baba2ee40fbe2066d34f9f88b411281e0a92c1eb4d218d8a,,pending,,,,2
img_00014813,images/img_00014813.webp,05_deepweb,deepweb,afe0f8bf4392b4d2a23f35d678cf94ac454e329b464a6bb374b863049f0e77af,,pending,,,,2
img_00014814,images/img_00014814.png,05_deepweb,deepweb,fab279cac739ede3ad45111cec7e282d731dd0c9fb1fa3c35f84c98d1c46d442,non_weapon,reviewed,,Lello,2026-04-22T11:36:03+00:00,2
img_00014815,images/img_00014815.jpeg,05_deepweb,deepweb,41fd9030a563d86e3b75921019b12a43640eddd275f56f7599372f78ac34a304,non_weapon,reviewed,,Lello,2026-04-22T11:36:04+00:00,2
img_00014816,images/img_00014816.jpeg,05_deepweb,deepweb,ba406140117f697b2486469d14aba0efa388fa3c70bf3e1bc4e6aee860b0c8e0,non_weapon,reviewed,,Lello,2026-04-22T11:36:06+00:00,2
img_00014817,images/img_00014817.png,05_deepweb,deepweb,69c85427d93eef0425a3c96bd3784c4de20112cc9db5e02a34196fc2539de7f4,,pending,,,,2
img_00014818,images/img_00014818.jpeg,05_deepweb,deepweb,8eae77bcd56d088772869be7dd0497c6af1d72408b2d928df1612bcda0d40724,,pending,,,,2
img_00014819,images/img_00014819.png,05_deepweb,deepweb,6897c25c8d1cc6ec6d9c3ee53a4a76316e801f59bf0c1199a03af251b21f4d27,non_weapon,reviewed,,Lello,2026-04-22T11:36:08+00:00,2
img_00014820,images/img_00014820.jpeg,05_deepweb,deepweb,55ff42c9a6d8f97b7f7e29c5e6484a07d563753b83dfc5ab9b3ad86e4f901394,,pending,,,,2
img_00014821,images/img_00014821.png,05_deepweb,deepweb,170c616ec05d47de121a0a599ad77135af342f975ce8f402a8b88d68cd2ef712,,pending,,,,2
img_00014822,images/img_00014822.jpeg,05_deepweb,deepweb,f2dfc599c90a3379914f8d0f7837403ad622c8be441bb0f1475b74a74a9761c0,ood,reviewed,,Lello,2026-04-22T11:09:56+00:00,2
img_00014823,images/img_00014823.jpeg,05_deepweb,deepweb,caba3a02c4d0e8e367488678ba0d6536bde34b9c66231253639c4058eb325c85,non_weapon,reviewed,,Lello,2026-04-22T11:36:11+00:00,2
img_00014824,images/img_00014824.jpeg,05_deepweb,deepweb,85dedd7d0646286c151b4f15f4f2ba6a2c69a7543dcf75c31a6c033366745cf3,non_weapon,reviewed,,Lello,2026-04-22T11:36:13+00:00,2
img_00014825,images/img_00014825.png,05_deepweb,deepweb,4c38b741ca2fb3ce6b6fb15daa8ef9cdf8956b120b54353356235751d72fd73f,,pending,,,,2
img_00014826,images/img_00014826.jpeg,05_deepweb,deepweb,039669aba78fa68bdc51b21bbec8e100ba354e040de2cfd7f034281ed5d213de,,pending,,,,2
img_00014827,images/img_00014827.jpeg,05_deepweb,deepweb,c6f4342491eb94eaf7af6ecee5e395347705ecf9b3ee13cf384b0e9c7bf9f519,non_weapon,reviewed,,Lello,2026-04-22T11:36:14+00:00,2
img_00014828,images/img_00014828.jpeg,05_deepweb,deepweb,15a81e30b649b91eaa6cec03f0830f11f1068746dcb14f2d254171afcd5dad60,,pending,,,,2
img_00014829,images/img_00014829.jpeg,05_deepweb,deepweb,547827320686835fe043e3fbfdc9db9625c07f4db14fe8ef96f5fda3ca2a6040,non_weapon,reviewed,,Lello,2026-04-22T11:36:16+00:00,2
img_00014830,images/img_00014830.jpeg,05_deepweb,deepweb,6f551740a9a5ad778e8cae712b88cfed33095076aa541e69f368bfac090502ae,,pending,,,,2
img_00014831,images/img_00014831.jpeg,05_deepweb,deepweb,8f62e310004df359e5f5ef62206451e981372b0968a421feb22807e38219ea86,,pending,,,,2
img_00014832,images/img_00014832.jpeg,05_deepweb,deepweb,66e6a7884418e8f09fa3f431d6ee31ba6b4f1d506fc7835aa6d5350a85158488,,pending,,,,2
img_00014833,images/img_00014833.png,05_deepweb,deepweb,dd1e0e5713fe486dc6e933a809a29c440aeea22b930e1d07d7f6a7e6cadd2a77,non_weapon,reviewed,,Lello,2026-04-22T11:36:18+00:00,2
img_00014834,images/img_00014834.png,05_deepweb,deepweb,256a743a577319181d138a6dffce51eecc800e98ebbb2c22f84c3fac5c1deb07,non_weapon,reviewed,,Lello,2026-04-22T11:36:19+00:00,2
img_00014835,images/img_00014835.jpeg,05_deepweb,deepweb,a5d8a5b5e09872f0b161b8c31d38b63d839cbe8a6b98c0e4693260d4a902614b,,pending,,,,2
img_00014836,images/img_00014836.png,05_deepweb,deepweb,1b10124f731c02b4bb1295ed5881e25a012b67af75c45290fa1166cb031e14fc,non_weapon,reviewed,,Lello,2026-04-22T11:36:26+00:00,2
img_00014837,images/img_00014837.png,05_deepweb,deepweb,67444d5e40ac687c7e275f90fb30db627c975462dcafb7ae84b8e51ec5325b22,non_weapon,reviewed,,Lello,2026-04-22T11:36:27+00:00,2
img_00014838,images/img_00014838.png,05_deepweb,deepweb,da8d6d364f5c9701fb04b9684a2b66496438eb3c2d7e5d92b43ae4a06f4ea889,non_weapon,reviewed,,Lello,2026-04-22T11:36:28+00:00,2
img_00014839,images/img_00014839.jpeg,05_deepweb,deepweb,6114afadc1b4cfc7282a67c0fb6063c46cf9f810d0f05608890044fabf0356f6,,pending,,,,2
img_00014840,images/img_00014840.png,05_deepweb,deepweb,06d75b0043b0c09bc948bb4bcd8f361f0c272199d23ce6f56b8717ecedfd1e16,non_weapon,reviewed,,Lello,2026-04-22T11:36:29+00:00,2
img_00014841,images/img_00014841.png,05_deepweb,deepweb,2038913ae2aa78a9a6cc3f562491f1d869f482ad58e3e7d6db80d0c00832e56d,non_weapon,reviewed,,Lello,2026-04-22T11:36:31+00:00,2
img_00014842,images/img_00014842.jpeg,05_deepweb,deepweb,35596181080fccc4bc910f06502c366d30ebbd78d78cd0741b3a2ec4cdc76047,,pending,,,,2
img_00014843,images/img_00014843.jpeg,05_deepweb,deepweb,5c9d65f26368f6b743568966c2b13c6add097c7fb6d0194b5009442c2b076305,non_weapon,reviewed,,Lello,2026-04-22T11:36:35+00:00,2
img_00014844,images/img_00014844.jpeg,05_deepweb,deepweb,14153d45f5375c088651c0fefab92f54a4da5bf092b73da0d3317a6d80771b36,,pending,,,,2
img_00014845,images/img_00014845.png,05_deepweb,deepweb,ec8fc9e737e77f75e36b84f065c89c41a34ac5bb606c05a5f59de3785fa6ddec,non_weapon,reviewed,,Lello,2026-04-22T11:36:38+00:00,2
img_00014846,images/img_00014846.jpeg,05_deepweb,deepweb,6cd4c2f12c14bcc797774e12be6ab73c4913e89e624c3ef25ff486c68d4b639c,,pending,,,,2
img_00014847,images/img_00014847.jpeg,05_deepweb,deepweb,37315c29ec04a824c120c793ed1eaee9257b7eb165140526c0dcc8d3ee7017aa,,pending,,,,2
img_00014848,images/img_00014848.jpeg,05_deepweb,deepweb,1973ec346decd59fb30996ca78703dcfefb7a7fb636634b6064fad356e646c6f,non_weapon,reviewed,,Lello,2026-04-22T11:36:40+00:00,2
img_00014849,images/img_00014849.jpeg,05_deepweb,deepweb,d13507d937240deb86b57ed374aa7199762acf85da5670d5c766d063083b5ab1,,pending,,,,2
img_00014850,images/img_00014850.png,05_deepweb,deepweb,8dee58de7b1ca0b7545a5bdab5a48b0cc712e01b4571e1a34c6e24198b7efdbc,ood,reviewed,,Lello,2026-04-22T11:10:09+00:00,2
img_00014851,images/img_00014851.jpeg,05_deepweb,deepweb,e25dbce5fcaf6370261d8ae83db3bd91ff31dc300d27c1e9fa7622f0c24c17af,non_weapon,reviewed,,Lello,2026-04-22T11:36:41+00:00,2
img_00014852,images/img_00014852.png,05_deepweb,deepweb,5566f8a59e666e4b88fb6157f8c21a6c580e3c0adcb3cf69e1e288b02b2dc785,non_weapon,reviewed,,Lello,2026-04-22T11:36:43+00:00,2
img_00014853,images/img_00014853.jpeg,05_deepweb,deepweb,ef3fda637744e8b26aa783990839180eaea92a4a67faf46a4768cd4bde2de519,,pending,,,,2
img_00014854,images/img_00014854.jpeg,05_deepweb,deepweb,56347f920981f05f957355e2ba317a707ee7102ff4111fc71daefeab86f1ad67,,pending,,,,2
img_00014855,images/img_00014855.jpeg,05_deepweb,deepweb,16e11bc8f53b5027044f604136b535be0f806e62ee0fa69fb2aaebab8e9a5ee9,,pending,,,,2
img_00014856,images/img_00014856.png,05_deepweb,deepweb,3beec9d56c254359a44191286395347d54389346b6dc8f1819283cda62224ab3,,pending,,,,2
img_00014857,images/img_00014857.jpeg,05_deepweb,deepweb,e42b4c2e996bd038193af42f21c976701732f90f20b7207f54daa81e35b03a8c,,pending,,,,2
img_00014858,images/img_00014858.png,05_deepweb,deepweb,cb1f10bf2872e4dea917deb93fb6ab7e2ddbde3ea3ce5b581cfc4d9a91c4a3b7,,pending,,,,2
img_00014859,images/img_00014859.png,05_deepweb,deepweb,efe211c9f0c6b0b2f9101b5ee583cd84ec8217d1d952f9ede79f6b32e2f33904,,pending,,,,2
img_00014860,images/img_00014860.jpeg,05_deepweb,deepweb,0afa4ab990543f5973d7443207aaacb0b0d2e3d080d95d2e5225f0b5534d2ef3,,pending,,,,2
img_00014861,images/img_00014861.jpeg,05_deepweb,deepweb,70adb017194f29a364ffd4c4bbcd29a1a4bb59e26335ef5bc0400e4e7e28adce,,pending,,,,2
img_00014862,images/img_00014862.jpeg,05_deepweb,deepweb,26ca1ada4308e6cbe583b63fa4676eb6609590529bb027faecac51fa18a799a0,,pending,,,,2
img_00014863,images/img_00014863.jpeg,05_deepweb,deepweb,4c30cd10e2685fa75d598abd1e8b25b00b3934254b8d46953b9d947c5cf7016f,,pending,,,,2
img_00014864,images/img_00014864.jpeg,05_deepweb,deepweb,033d66bddfe2b1d82ecee5711510e711b4a2190df07715198d114e72a4f9682b,,pending,,,,2
img_00014865,images/img_00014865.png,05_deepweb,deepweb,b7a039b0184a47059fa13f07fde2fa040b6bf2507a5028b86d8148f46d4400f0,,pending,,,,2
img_00014866,images/img_00014866.png,05_deepweb,deepweb,e44800b17730bec0b98714768ea736edb3775694d29a786d473c57096bd12803,,pending,,,,2
img_00014867,images/img_00014867.jpeg,05_deepweb,deepweb,1ec727466316c9287a47840c17796595371b6ceeed89ba3c372b6be5109a6a90,,pending,,,,2
img_00014868,images/img_00014868.jpeg,05_deepweb,deepweb,0e91014affd7d222e887f73cb8b8ff7bd5c81d8222baffdd08dd5942e12c3b76,,pending,,,,2
img_00014869,images/img_00014869.jpeg,05_deepweb,deepweb,1a4c354cf66174a5a636f6306e9e383f74124476ee3cb965fd842ae2cb0c4bef,,pending,,,,2
img_00014870,images/img_00014870.jpeg,05_deepweb,deepweb,8c27bc6c954a0e2e49402c1fcb832d2e0d7336761fc6400c8fafaac909a7c8e4,,pending,,,,2
img_00014871,images/img_00014871.jpeg,05_deepweb,deepweb,b1cc224fe0f3c6333c87ea72fecbdbce5cf426b5502a64e25af2b98bc7776936,,pending,,,,2
img_00014872,images/img_00014872.jpeg,05_deepweb,deepweb,7514de500ce65ad4cc3b896cf6bb791639928b56d0fcf37373e53cb85cd8d82b,,pending,,,,2
img_00014873,images/img_00014873.webp,05_deepweb,deepweb,8059bdb8591a3e55469f89dd783a279d02ae3b8e00bca73ed927cddb311bfdf1,,pending,,,,2
img_00014874,images/img_00014874.jpeg,05_deepweb,deepweb,0044c3cb80d645512c8f7ff870398b9de9701aff488196005258feb454166cc5,,pending,,,,2
img_00014875,images/img_00014875.png,05_deepweb,deepweb,99c8901f2546486effb50ff2b661949e00591531591478fb48a144b05ac6f290,,pending,,,,2
img_00014876,images/img_00014876.jpeg,05_deepweb,deepweb,b92f4775ab2dbc8a5681d32f5236e5977ca8bad40ebd1167cab42ec83a49aae7,,pending,,,,2
img_00014877,images/img_00014877.jpeg,05_deepweb,deepweb,94a1a55bfdb19e867e1bf1ace6b8c90064f204b28755c138f95a128d2983cf6b,,pending,,,,2
img_00014878,images/img_00014878.jpeg,05_deepweb,deepweb,6cfba2c86ad4d95a5cded72568eaf6bbcfd5012fbf859ef337ca465224d68066,,pending,,,,2
img_00014879,images/img_00014879.jpeg,05_deepweb,deepweb,0a5027f4ff9e1167e3920e48e1eafa2279fcd9de05b6457b2f47eaa8bc5c02f7,,pending,,,,2
img_00014880,images/img_00014880.jpeg,05_deepweb,deepweb,66a2eaad7b001b283f4eb3e711c03342e730dae86b8b6fe38b0da5c98b50b905,,pending,,,,2
img_00014881,images/img_00014881.jpeg,05_deepweb,deepweb,d2f26e11f62a12941b980e0c42c35069ae865c5575f4f03ab03a615fa7eac3c6,,pending,,,,2
img_00014882,images/img_00014882.jpeg,05_deepweb,deepweb,37ab75533e29cd56cd5d2379693253699480e40952cdd1827f1712bdddd4ec54,,pending,,,,2
img_00014883,images/img_00014883.png,05_deepweb,deepweb,e9effaf98ef8b81ced192b26fbcc9074a42b2fb19dc837158f8d4cad4f9131a7,,pending,,,,2
img_00014884,images/img_00014884.jpeg,05_deepweb,deepweb,8434846399c3a0a1fa8f54b058574f8098a944951654e5fc5e3f36bf7afe9473,,pending,,,,2
img_00014885,images/img_00014885.png,05_deepweb,deepweb,e66a65dda4a2e3748247e5110d17b7cecf08429a827b3aad8f9b5f08c9429503,,pending,,,,2
img_00014886,images/img_00014886.png,05_deepweb,deepweb,f7a342401065e970a7c92734cee1b642cdfcd3231f88cc4beef9cf8cdaabb3ab,,pending,,,,2
img_00014887,images/img_00014887.jpeg,05_deepweb,deepweb,339998c1e73783b9b9203206ae30a92dd51afd3ae587f06895688f0db0764163,,pending,,,,2
img_00014888,images/img_00014888.jpeg,05_deepweb,deepweb,e4ebb51d786e09465b619429aec63a2f00006c4e0d46f971d536df3155c69e42,,pending,,,,2
img_00014889,images/img_00014889.png,05_deepweb,deepweb,6e78ac70f8db7dd777ea6a1ddc265a8c10f99ee04b088cebb5c3a1d997adcd2a,,pending,,,,2
img_00014890,images/img_00014890.jpeg,05_deepweb,deepweb,98f3bc7887f2ecb0275a3caf4a700ec3a69a1a2b29ec534f3e9f8fab90e63014,,pending,,,,2
img_00014891,images/img_00014891.jpeg,05_deepweb,deepweb,db2ea8710c3e7ae2f40ec5d6742361575fe4808e13ecb4e9319eb8268578c2ac,,pending,,,,2
img_00014892,images/img_00014892.jpeg,05_deepweb,deepweb,d15d47b511a5b0b7d9aec6e1d40d199b3ec2457df0bcd4879e1c610ac1930b53,,pending,,,,2
img_00014893,images/img_00014893.jpeg,05_deepweb,deepweb,1d25d8511a95a78d78d412221294752902e79befa66156d89ad3d166eb1d65c3,,pending,,,,2
img_00014894,images/img_00014894.png,05_deepweb,deepweb,4d5fbd984395e04fc9ac441bf8c19525c8e8e0243e5d8d3eb9b75151cd1628db,,pending,,,,2
img_00014895,images/img_00014895.jpeg,05_deepweb,deepweb,6537682d843147c4c0444f442448ab82dabc0f5361772be97ffcc6c2950eaff9,,pending,,,,2
img_00014896,images/img_00014896.jpeg,05_deepweb,deepweb,2e86eb22324bc510d1a2809ae30ea34fd65cfa14b495fbadc366eb0dfcfaeac1,,pending,,,,2
img_00014897,images/img_00014897.jpeg,05_deepweb,deepweb,fa630471e539311b81d1d53892b9941638500cff3c91ab59e3f742ab390ab122,ood,reviewed,,Lello,2026-04-22T11:10:38+00:00,2
img_00014898,images/img_00014898.jpeg,05_deepweb,deepweb,6563a35b079fcda123760be7c72b55d93b8b3799668f200cae38179bc833e98e,,pending,,,,2
img_00014899,images/img_00014899.jpeg,05_deepweb,deepweb,e62d9c2057279cb6d1de888e1a2a405bdcc1bbca099eb8311edad2600e917540,,pending,,,,2
img_00014900,images/img_00014900.png,05_deepweb,deepweb,d7b751095f5674dee54190206aed20175fd8901cc2dd9ed4f42d84e5ca7288ec,,pending,,,,2
img_00014901,images/img_00014901.jpeg,05_deepweb,deepweb,006cc2df2a541e32b231c4a06821b57387c90358c48d631c508daa34dfbb71f8,,pending,,,,2
img_00014902,images/img_00014902.jpeg,05_deepweb,deepweb,47571cbbcec9ffe14584e22c1dffaa8c7e9e18c14e9c9325ccad18996063ae33,ood,reviewed,,Lello,2026-04-22T11:10:46+00:00,2
img_00014903,images/img_00014903.jpeg,05_deepweb,deepweb,e865bc19892397455c0a5a8814b81c50463fddfd972242cdea68865430202920,,pending,,,,2
img_00014904,images/img_00014904.jpeg,05_deepweb,deepweb,0bd1c45251dbe28f3492f7600f37ed7d1c4b1762d4c5bf986ee1468bf9febda5,,pending,,,,2
img_00014905,images/img_00014905.jpeg,05_deepweb,deepweb,fa0bb689b9fae4ded8669d90683e1ed53da03e9d055f3858fea5882156ae29fe,,pending,,,,2
img_00014906,images/img_00014906.jpeg,05_deepweb,deepweb,52732a0ba7df0626e4b242bae006147b809136ca4b822300873ffc11beceb823,,pending,,,,2
img_00014907,images/img_00014907.jpeg,05_deepweb,deepweb,a8b7fe904ed46a337065021902c2490412bc8c890f2632c2fa7b1412d35ad069,,pending,,,,2
img_00014908,images/img_00014908.jpeg,05_deepweb,deepweb,aa52aea5c9cab9558eb03888ce5265ae0853ed6240a41207d6e853f9a69d2cb4,,pending,,,,2
img_00014909,images/img_00014909.webp,05_deepweb,deepweb,b2aace685b3f435a4db5c53a6749fe29b7f1c8f3501348d3807fca464412a46a,,pending,,,,2
img_00014910,images/img_00014910.png,05_deepweb,deepweb,651214ffb8aa741a6b130a2c05d0f71d290d48c9d68b921c024202121cd5adde,,pending,,,,2
img_00014911,images/img_00014911.png,05_deepweb,deepweb,a72b4b7fa7fd40390f3e7411397cbe74b2eac20ceef173b192720cfe27256448,,pending,,,,2
img_00014912,images/img_00014912.png,05_deepweb,deepweb,2f2f67a001cd785fd01526be8a423925eb694253245002f8a434124625002caf,,pending,,,,2
img_00014913,images/img_00014913.jpeg,05_deepweb,deepweb,b5399aa959900ec3b4c841e491ae22d4f1b5c02486109281c89a35d1ea4c9ab4,,pending,,,,2
img_00014914,images/img_00014914.png,05_deepweb,deepweb,adad8b77ba37f63c1dc8416db70b490c9691e51bdc29f51392b4af90fd4b0e1d,,pending,,,,2
img_00014915,images/img_00014915.png,05_deepweb,deepweb,041d48fc1b62141e71a10fdc35261d19d0699021604e92cf09de520101deeb53,,pending,,,,2
img_00014916,images/img_00014916.jpeg,05_deepweb,deepweb,b6f95b1ce88131d31425f1828de84909fff8f6caec04b2eacc689842f4f81520,,pending,,,,2
img_00014917,images/img_00014917.jpeg,05_deepweb,deepweb,00c4f0f970ee177971ec2d10708e8e1f7be3904cea22f9e85d17751627a24b1f,,pending,,,,2
img_00014918,images/img_00014918.jpeg,05_deepweb,deepweb,a470894613329190fd1d7a8259bd8d0faa7316f5cf912ecca29ac1a56b8e8603,,pending,,,,2
img_00014919,images/img_00014919.jpeg,05_deepweb,deepweb,c797a1d86844e38d781aa1afc1d9097a82960049d31ec2d4d821ee451e994905,,pending,,,,2
img_00014920,images/img_00014920.jpeg,05_deepweb,deepweb,3c7317371b5d44c9876fcac6994b91288c9f0b630b6b0622fe0f662d58a2c5f0,,pending,,,,2
img_00014921,images/img_00014921.jpeg,05_deepweb,deepweb,539a71de7e876f074da04fc34b48cb4e37bc33c7ee4852d899af94a468e2416e,ood,reviewed,,Lello,2026-04-22T11:10:52+00:00,2
img_00014922,images/img_00014922.webp,05_deepweb,deepweb,5d8603b5a399ca3f7f15c33b0c8781e4f5799836f143076d03d33886a470065b,,pending,,,,2
img_00014923,images/img_00014923.jpeg,05_deepweb,deepweb,28887ba94aea6ff9f8908714b01a7c8573c1cb3364644c9fba5400f65124c9e5,,pending,,,,2
img_00014924,images/img_00014924.jpeg,05_deepweb,deepweb,57bb5282900801b39c75c02389808277c3939455e313f538ea90b52bea27bca5,,pending,,,,2
img_00014925,images/img_00014925.jpeg,05_deepweb,deepweb,344da587c5aa86441c01ea42b91c768d11a4050e5a6a476e65833eb55f68e4e5,,pending,,,,2
img_00014926,images/img_00014926.png,05_deepweb,deepweb,99b6ef4d999c6825d644a66ecadcaa7ff60b1572ea93e870151392e615777675,,pending,,,,2
img_00014927,images/img_00014927.png,05_deepweb,deepweb,71c07029f6737313ce4b2fde3072d71b2d8b0bc40358ac99c042b4b0e9e470cc,,pending,,,,2
img_00014928,images/img_00014928.jpeg,05_deepweb,deepweb,63f94effbb4d46ede79222e0a650d57f65396f51e788f0f1b06213d205216862,,pending,,,,2
img_00014929,images/img_00014929.jpeg,05_deepweb,deepweb,bacb20691007018dddad1bd148be1033563f5c8d1cf9be19959440ef896fb4ba,,pending,,,,2
img_00014930,images/img_00014930.png,05_deepweb,deepweb,0517a8f0995d4aeb2cb8c7139aea1d390ca9d06921abc18f725260bfa8a4cbf6,,pending,,,,2
img_00014931,images/img_00014931.webp,05_deepweb,deepweb,dde518ee0e0afa6b63f14cadf7e6f46edb69332210ebcd95404a079683bfce35,,pending,,,,2
img_00014932,images/img_00014932.png,05_deepweb,deepweb,f385b20408646354b9111bbfd4b1a056bb65f9579108ecd5e8979155eac73412,,pending,,,,2
img_00014933,images/img_00014933.jpeg,05_deepweb,deepweb,07de4dd21a1894c93c9f3c1bc59110c011b07de6e04785bc510d5098acfcc17a,,pending,,,,2
img_00014934,images/img_00014934.jpeg,05_deepweb,deepweb,d6c365f107784011255222d6cd749eb5feaa6c7ecdb3e0ec89362988702ab504,,pending,,,,2
img_00014935,images/img_00014935.jpeg,05_deepweb,deepweb,773f2d94be07571de0428eb49aeea6aaeb50a575a6b23a8fd5f81ea401397a61,,pending,,,,2
img_00014936,images/img_00014936.webp,05_deepweb,deepweb,3fe9ea3a70b69618e5710fe17453f13687e1fb4cd2c4d96fbb566a515b4c3f56,,pending,,,,2
img_00014937,images/img_00014937.jpeg,05_deepweb,deepweb,ce11fccc3be8186a34a50e9fcc213856ccff356840406b219e5f7eebda3de3c5,,pending,,,,2
img_00014938,images/img_00014938.jpeg,05_deepweb,deepweb,09603f076716d4d162bbae71b346ae327b772bbbd26ef45a886eee642e143899,ood,reviewed,,Lello,2026-04-22T11:11:06+00:00,2
img_00014939,images/img_00014939.jpeg,05_deepweb,deepweb,8b6f6aa34229fb2b9e1f269e045c411afa056e4c440a373d62270140fff2a5c0,ood,reviewed,,Lello,2026-04-22T11:11:05+00:00,2
img_00014940,images/img_00014940.webp,05_deepweb,deepweb,75e94c63d5940f52cc2673b137dfb4ad97fe79d95731c5ec8b85b011b91b1a1f,,pending,,,,2
img_00014941,images/img_00014941.png,05_deepweb,deepweb,43616e97c0694887fe638b90d30e4bad77d8868b30c6e62dc3d6d38bbd661c6e,,pending,,,,2
img_00014942,images/img_00014942.jpeg,05_deepweb,deepweb,94e6056c339510fda1bbfc4a946ea395063e0a6161bc2d8123a4a27346f42fcc,,pending,,,,2
img_00014943,images/img_00014943.webp,05_deepweb,deepweb,6d8741d45b4fb82dbd163da7f65f6afec2ad3c5d260ac9f1e2c79fdcf64cf806,,pending,,,,2
img_00014944,images/img_00014944.webp,05_deepweb,deepweb,20e45e007e11b75e5b9cfbbed5a0baca1c096dfce266e62791eb1ba62f668588,,pending,,,,2
img_00014945,images/img_00014945.jpeg,05_deepweb,deepweb,e6dcc71e34ad8d93ed20500a17c606c56e5abb6cec53123c43b9162ef5cfff3b,,pending,,,,2
img_00014946,images/img_00014946.png,05_deepweb,deepweb,ba53c079db9e3e468801824bc8e03c38409ceb714a74212412e52a3a42d96a49,ood,reviewed,,Lello,2026-04-22T11:11:13+00:00,2
img_00014947,images/img_00014947.jpeg,05_deepweb,deepweb,fb527de4d36ae100c83290c009c60a72c8bfecc96af3e780a84c4b1cc9fa91c8,,pending,,,,2
img_00014948,images/img_00014948.jpeg,05_deepweb,deepweb,6d90f2c4c7f51033cbfe129ac1b3d5cc822ea9583876c54676bf6316629fa834,,pending,,,,2
img_00014949,images/img_00014949.jpeg,05_deepweb,deepweb,80c9ec74159dcd984faddc191c821d675979b53b69b41e92c994dac91df50607,,pending,,,,2
img_00014950,images/img_00014950.jpeg,05_deepweb,deepweb,82162e6c3a76e06a658f4c565f165c15bf6092b15b9603df3a3e80a994dc6870,,pending,,,,2
img_00014951,images/img_00014951.jpeg,05_deepweb,deepweb,1fbeb3d540d203c732ffd5a4316d3d578b25e809f14be7a58e1ad8d2a9086e10,,pending,,,,2
img_00014952,images/img_00014952.webp,05_deepweb,deepweb,61db56f08a96c2f0b9087e1822265b1d5361559c4d245eccda1fe88a4170e9f1,,pending,,,,2
img_00014953,images/img_00014953.jpeg,05_deepweb,deepweb,f3cc5103cf0799d5f29d134dc74a02c10e5476d0851dea03984b954b7dcce100,,pending,,,,2
img_00014954,images/img_00014954.png,05_deepweb,deepweb,0f5270e38b46a7e6c00a876a11529982cf589b6ddd7c2ef40f2b746c6d940e90,,pending,,,,2
img_00014955,images/img_00014955.png,05_deepweb,deepweb,0e5b28dbe42260ae832c347bc036034eb50ef6c1b55594ddad39746833033381,ood,reviewed,,Lello,2026-04-22T11:11:16+00:00,2
img_00014956,images/img_00014956.jpeg,05_deepweb,deepweb,d4a31d9362d26cb249d740c7a0587bdb4ec0cf7269904228263c8450418e2574,,pending,,,,2
img_00014957,images/img_00014957.jpeg,05_deepweb,deepweb,d2d412649780d274320605c840b972b6d7cc24ca02c01e7c58cda47c6d5f2fc7,,pending,,,,2
img_00014958,images/img_00014958.webp,05_deepweb,deepweb,d0e4446fb444d23a7b379df60723bddc53dbef2c78399d9248dd43f4682c756a,,pending,,,,2
img_00014959,images/img_00014959.png,05_deepweb,deepweb,2a797bf37e00faaade47aa8b804482a76e18df5b516cf583752685e4c9ddf55b,,pending,,,,2
img_00014960,images/img_00014960.png,05_deepweb,deepweb,3e0620462241687d794ba36d97e5a25ebf0db2a08784c3fff05f61ba9c2cd11e,,pending,,,,2
img_00014961,images/img_00014961.jpeg,05_deepweb,deepweb,920bed22b3c1a5049b8404622bbeb565a18a3ae69291ed5bc201fe051d0f27e8,,pending,,,,2
img_00014962,images/img_00014962.jpeg,05_deepweb,deepweb,3e4617f0d31ab17a41d6e4a98bbe3361d22263fd8b0acd83d1079640228069b2,,pending,,,,2
img_00014963,images/img_00014963.jpeg,05_deepweb,deepweb,e2863855d07a36160402237b0ae9d8cfdf2c7452f0d99526b67af2349dd445f9,,pending,,,,2
img_00014964,images/img_00014964.jpeg,05_deepweb,deepweb,e8451444d7f1d197283035251eea4c931cc0bf82378a7f127e0f0af17c637ebe,,pending,,,,2
img_00014965,images/img_00014965.jpeg,05_deepweb,deepweb,f4a6fe6e0670e9e970cb255890e65e7e853abd9571b0e140f8660171d2b29d0b,,pending,,,,2
img_00014966,images/img_00014966.jpeg,05_deepweb,deepweb,d60896bca6c57b587352b60f04cc2750ba6b5c905c2984d6e595b6e41cc010b0,,pending,,,,2
img_00014967,images/img_00014967.jpeg,05_deepweb,deepweb,3ab6bf5cd0d3513842e3b777f7a0cfb710f7ba27392907b4e376a8f41f6cf78a,,pending,,,,2
img_00014968,images/img_00014968.jpeg,05_deepweb,deepweb,315e2d6e03ab70442aad801f3f3e3aa2de3b56ea5761a89eb63579a20f3f6bec,,pending,,,,2
img_00014969,images/img_00014969.webp,05_deepweb,deepweb,df8f5f19b94acc219660fcb66504acdd639e8f7adffb720103f983e7951bf1c1,,pending,,,,2
img_00014970,images/img_00014970.jpeg,05_deepweb,deepweb,055ead15faef29c59e8ec56f80898f341dfe7ceab5983b720acac5dbf5d23b21,,pending,,,,2
img_00014971,images/img_00014971.jpeg,05_deepweb,deepweb,0c974fd942d98606cef6cd796815539ce086bd43586f9a98ec109e7d1ea50f52,,pending,,,,2
img_00014972,images/img_00014972.jpeg,05_deepweb,deepweb,a1d89aa42072b3f69d7d106fe989483069b1a36d73af3a1bad780635599f086f,,pending,,,,2
img_00014973,images/img_00014973.jpeg,05_deepweb,deepweb,fa5d63e77e2383a41565b67bab0d78d25fcd66fce3486f0a3e4f97edf186b01a,,pending,,,,2
img_00014974,images/img_00014974.jpeg,05_deepweb,deepweb,a21a0599e3f7906042ffc9fa4fbc6622252a6786ffe844688f82929fc9a32aa3,,pending,,,,2
img_00014975,images/img_00014975.jpeg,05_deepweb,deepweb,e3b8aef022055d3902b2321a0315cfe7f6b4806b35bef7434b82f30a6c6f1d2f,ood,reviewed,,Lello,2026-04-22T11:11:26+00:00,2
img_00014976,images/img_00014976.jpeg,05_deepweb,deepweb,c697c0d5bfe372b7bed190be1a5b514c8bfe3dc2cc45fb34fe6aa2755e82eb1f,,pending,,,,2
img_00014977,images/img_00014977.jpeg,05_deepweb,deepweb,ff6886034d7a0ce94c812da57ebbb6b9624bc937faccb73749edb00f98213dd0,,pending,,,,2
img_00014978,images/img_00014978.jpeg,05_deepweb,deepweb,09b1fac729806dafc50f37a0c8246c29772d326df9af0d33433cf500e9cb12fd,,pending,,,,2
img_00014979,images/img_00014979.webp,05_deepweb,deepweb,e994bc68f7fff1f378b2ba81c31a644123deaaa87a20fadba4ab0af395ea1608,,pending,,,,2
img_00014980,images/img_00014980.jpeg,05_deepweb,deepweb,76b71e49181fcc3fe6f8e5d5ac98d4d15071639572dda6024d58aaf1f06ad710,,pending,,,,2
img_00014981,images/img_00014981.jpeg,05_deepweb,deepweb,cb1aab7592eaabaa96da87f2153dfcd400fe258ed54b7575a147b1e79055d6fd,ood,reviewed,,Lello,2026-04-22T11:11:43+00:00,2
img_00014982,images/img_00014982.jpeg,05_deepweb,deepweb,99eea73bb0c146c8e0940005841cbe1e05af228d1a69b049999f80cd272515df,ood,reviewed,,Lello,2026-04-22T11:11:42+00:00,2
img_00014983,images/img_00014983.jpeg,05_deepweb,deepweb,a699739d31f7f2ed16138dabcae1889ac942627451afb1e2457139a49a553675,,pending,,,,2
img_00014984,images/img_00014984.jpeg,05_deepweb,deepweb,42886152ce4e87569b5eeb071113b8905ca985626b893d11c73891c000bce6f8,,pending,,,,2
img_00014985,images/img_00014985.jpeg,05_deepweb,deepweb,71891bbe22175b844b2d8bdaefd10d84f3d83333b67e5c0f3ce9f67a2fc71b6c,,pending,,,,2
img_00014986,images/img_00014986.jpeg,05_deepweb,deepweb,4408318261ee747f153081159c730bbc9b4f8a4262b0b51b132cb0b7d2da8f75,,pending,,,,2
img_00014987,images/img_00014987.webp,05_deepweb,deepweb,4f5d185ff9fd22ada1b53b71d65dbc7e4b6a90027d7b898cec95db65adc79dca,ood,reviewed,,Lello,2026-04-22T11:11:32+00:00,2
img_00014988,images/img_00014988.jpeg,05_deepweb,deepweb,9d078a45685751726744d716b23e0bc77fd2a7e9ff4ecc23adddf3ecb0f1a5d6,,pending,,,,2
img_00014989,images/img_00014989.jpeg,05_deepweb,deepweb,89cf79e8d7b1e90c11a4531a1ff08b2df5c078639664608f22d2f1a59299f557,ood,reviewed,,Lello,2026-04-22T11:11:40+00:00,2
img_00014990,images/img_00014990.jpeg,05_deepweb,deepweb,8ae849f15ed51129a6be45d0d84af29517d120c7c835590e8b87659fad27517e,,pending,,,,2
img_00014991,images/img_00014991.jpeg,05_deepweb,deepweb,79f0e9d789e586bb3c07dd9eef83f506e1e7d21572e4539dadc0324899a894d2,,pending,,,,2
img_00014992,images/img_00014992.jpeg,05_deepweb,deepweb,36add1bb15d18b72012e912db1e9a652677e25407b13323d221f55ea9c425079,,pending,,,,2
img_00014993,images/img_00014993.jpeg,05_deepweb,deepweb,cc9c3eea52c77a066b004eee0a316ab987f2dc8b33326ac044f9cff8e29d71cc,,pending,,,,2
img_00014994,images/img_00014994.jpeg,05_deepweb,deepweb,127cbc6f0a69a48bd2eca1ec5f1578753e5765defa8b6cc8a279e8942ccff185,,pending,,,,2
img_00014995,images/img_00014995.jpeg,05_deepweb,deepweb,54927deeec0d6c21d8bc89dc5b65becb415de1c357d0e44a4eec681353f07a66,,pending,,,,2
img_00014996,images/img_00014996.jpeg,05_deepweb,deepweb,c5837c93ddfde7772ce7f9ae0def896f4d863d52650275de46efd71a49f44e36,,pending,,,,2
img_00014997,images/img_00014997.webp,05_deepweb,deepweb,e962bddf45687ee92d55b339e0529d22526d4ecacff5e42e5147e85a02d66cf2,,pending,,,,2
img_00014998,images/img_00014998.webp,05_deepweb,deepweb,2ba0a3caafae3736daeda543174fcc8f018604ae5cb637a6252c588869cee5c4,,pending,,,,2
img_00014999,images/img_00014999.png,05_deepweb,deepweb,697d80b88af2bc3fd42f134a7400cc12567a216e7a07e9dbdfd0465ca2bd6c0c,,pending,,,,2
img_00015000,images/img_00015000.webp,05_deepweb,deepweb,b80453e6a1c8cf4b53627796344631787130264096988e7d7d22309e1b248115,,pending,,,,2
img_00015001,images/img_00015001.jpeg,05_deepweb,deepweb,92d3d8d51010b2360bccfc4f30df042835a01e8fb728a000b45f586de94ba3cf,,pending,,,,2
img_00015002,images/img_00015002.jpeg,05_deepweb,deepweb,c9b52cb097ec486bd252c0de9a6dd88605b7da8836f89123f17f0316f405e97f,,pending,,,,2
img_00015003,images/img_00015003.jpeg,05_deepweb,deepweb,8e456a1ce1a392f2f96364de79b7801b65ae9c98ca5c236af51b9b95ac77f5dd,,pending,,,,2
img_00015004,images/img_00015004.jpeg,05_deepweb,deepweb,b7850c77e98d527eaed1b99e6d38eaf448035e0e697603221f727768d781a65d,,pending,,,,2
img_00015005,images/img_00015005.jpeg,05_deepweb,deepweb,94a5c489ddb73d7bbc5181f7f9466743d3e72d7a4786bb88ffacfaa7f270d18e,,pending,,,,2
img_00015006,images/img_00015006.jpeg,05_deepweb,deepweb,60e70c5b597424ee9c1f36fe3693e0ab29c1ea869f0766679a3a2ed52978e9cf,ood,reviewed,,Lello,2026-04-22T11:12:00+00:00,2
img_00015007,images/img_00015007.jpeg,05_deepweb,deepweb,c237b99ff4fb6dadd370e9d6d035bcda536e4f8f758aaec71cb7eb1e65c1e02b,,pending,,,,2
img_00015008,images/img_00015008.jpeg,05_deepweb,deepweb,62dda47a2a93e1647d4759e244aa0c7c4df4d6cac40980e6fccc56a682ac119b,,pending,,,,2
img_00015009,images/img_00015009.jpeg,05_deepweb,deepweb,28e63aeba10a3b7330c5aa23c92c0049ac3626e946d03e5be157c9e683f918e7,,pending,,,,2
img_00015010,images/img_00015010.jpeg,05_deepweb,deepweb,eb50cbab4f63d5558ae40df1615954c9b9bead1161363e5adba267d30299ecee,,pending,,,,2
img_00015011,images/img_00015011.png,05_deepweb,deepweb,9f30e257f067c481fdd3be78c3cd87c1e112ecdc9cd31bf06dc55615f9ba6df6,,pending,,,,2
img_00015012,images/img_00015012.png,05_deepweb,deepweb,2938801da29037394513b75f4e43ea443d490dd7a74b42e11ed6e0f7f3d1383f,,pending,,,,2
img_00015013,images/img_00015013.jpeg,05_deepweb,deepweb,499781ebfb532f2c9fece669c90980c8d567aced532ed56ba3381ad4e1531d73,,pending,,,,2
img_00015014,images/img_00015014.jpeg,05_deepweb,deepweb,19c3c582a67c71facf6ab1a0f9012e3e90fce2977d220d4f11c1b43b7f85cc63,,pending,,,,2
img_00015015,images/img_00015015.jpeg,05_deepweb,deepweb,22c20123a0a5dd7c5208fc48ddc8debb244efcb023d7cba9caa12caf53f4c4ab,,pending,,,,2
img_00015016,images/img_00015016.jpeg,05_deepweb,deepweb,88a336b285345c4bf54c73d96d1137ea4996e3f1cc9c35f52211448012b0a87e,,pending,,,,2
img_00015017,images/img_00015017.jpeg,05_deepweb,deepweb,6e37f9b3713797c02622c298e5a1ef3172240a5f22d04f404e1a5e8e87ec98d2,ood,reviewed,,Lello,2026-04-22T11:12:06+00:00,2
img_00015018,images/img_00015018.png,05_deepweb,deepweb,29749c36a20e51cf0a30b396f51d8d6859e6e50a89d553348588d5f68fb8aaf4,,pending,,,,2
img_00015019,images/img_00015019.jpeg,05_deepweb,deepweb,a755db27883f0ac0a9e5389dfc693b683119c9b6bcdec63f7bd68c25e3b26e72,,pending,,,,2
img_00015020,images/img_00015020.jpeg,05_deepweb,deepweb,1f84c2b09eb949dc4dcc6df1031ff3713d4261c44091184555ae03747f1570a0,,pending,,,,2
img_00015021,images/img_00015021.png,05_deepweb,deepweb,7c0c6203a85d3b8eafebc35149036a386ca826f2632338c65f9cbd533122ce0b,,pending,,,,2
img_00015022,images/img_00015022.png,05_deepweb,deepweb,dfb64b1c9a40329eaf9198f0ce1e3c7a73b11cb8ead688101928799c011a00b9,,pending,,,,2
img_00015023,images/img_00015023.jpeg,05_deepweb,deepweb,3f1c7d22e6101e0a7ab5cf70e7d89dec064311804d36deca6fb740e6b3d3cd92,,pending,,,,2
img_00015024,images/img_00015024.png,05_deepweb,deepweb,8fe53c48c721495d8608333da993d677ab555046eb0fec9dedbf22568753fd48,,pending,,,,2
img_00015025,images/img_00015025.png,05_deepweb,deepweb,9259bf3912f0787100343e8728ad24754748c977a942c56df46e905d4099aef5,,pending,,,,2
img_00015026,images/img_00015026.png,05_deepweb,deepweb,b84fd8fa901927b37596c6e275e9056c1306afa052546c139aeba23ec7b94ecf,,pending,,,,2
img_00015027,images/img_00015027.jpeg,05_deepweb,deepweb,1663d463fcd0138746db006f3b2935b81be49e955122f57424e1b910f98844f5,,pending,,,,2
img_00015028,images/img_00015028.png,05_deepweb,deepweb,1aff9d8fa18cedc17bcac39379704dc7dd0d10aa49597e1603eda1d89c516905,,pending,,,,2
img_00015029,images/img_00015029.webp,05_deepweb,deepweb,cbccf79d18bae63bed3f054297e43a8d287622af26de273d74479a3718508484,,pending,,,,2
img_00015030,images/img_00015030.png,05_deepweb,deepweb,c01f42f56996e4c5e25c7c9cd04a51874f04ee17f1bcf842f689718884308274,,pending,,,,2
img_00015031,images/img_00015031.jpeg,05_deepweb,deepweb,237b95021fe858abc85d8454d18b99d6816faaf14718a02185b007576ec9307d,ood,reviewed,,Lello,2026-04-22T11:12:20+00:00,2
img_00015032,images/img_00015032.jpeg,05_deepweb,deepweb,cca63e8681ce1658508aabd40a786733f9da4e44e511c2fcb373c641cba1d974,ood,reviewed,,Lello,2026-04-22T11:12:18+00:00,2
img_00015033,images/img_00015033.png,05_deepweb,deepweb,16c9c9e40803c92f2e42e88ff94f2d0d97286c4b6cc5e7f811989dbaf6c66c0f,,pending,,,,2
img_00015034,images/img_00015034.jpeg,05_deepweb,deepweb,66c7cbd4c826799fb1e90818777ccd783f186957922712d5375b1ea6cb82a67a,ood,reviewed,,Lello,2026-04-22T11:12:21+00:00,2
img_00015035,images/img_00015035.jpeg,05_deepweb,deepweb,eb057907d88b57c1573300dc989671bf28fe2b55911058610816848f89c8df63,ood,reviewed,,Lello,2026-04-22T11:12:23+00:00,2
img_00015036,images/img_00015036.jpeg,05_deepweb,deepweb,ca6f5f02b0f1e182294eb53154c2cc75b30a7faa910f27d4ec1215be930175b4,,pending,,,,2
img_00015037,images/img_00015037.jpeg,05_deepweb,deepweb,6d6bd560ab17e85da8ac85b338aecf09b8fda2da2eeb3580f6068da4bf79955a,ood,reviewed,,Lello,2026-04-22T11:12:26+00:00,2
img_00015038,images/img_00015038.jpeg,05_deepweb,deepweb,bf3627e181212e8028341b3c705d9200ac76b4f55596f251005611bf522c4492,,pending,,,,2
img_00015039,images/img_00015039.jpeg,05_deepweb,deepweb,c6ef24b53ce3f1ce31c8c614c8d868f82b8a5fcd7af01380dea230a1d9e6f6ba,,pending,,,,2
img_00015040,images/img_00015040.jpeg,05_deepweb,deepweb,3d9fea8f96c296438ee73ab4b29161cd30697fdfc4a6f8ff68331b5de2292fdb,,pending,,,,2
img_00015041,images/img_00015041.jpeg,05_deepweb,deepweb,210f5be7a9d0d1148742790236e6b117afb7e6523594e1a5a83727701bad2c3f,,pending,,,,2
img_00015042,images/img_00015042.jpeg,05_deepweb,deepweb,21dd31cfccb6cedd8af39a9a451cda62a34efa3997119ba0808d8412df0479a8,,pending,,,,2
img_00015043,images/img_00015043.png,05_deepweb,deepweb,74f14526ab04055b7a2d4f4e7e4b9b1d698ea0d7b5e07dbedeb7db0db5c1ef4b,,pending,,,,2
img_00015044,images/img_00015044.jpeg,05_deepweb,deepweb,f1909d6038b442e92d7c8166fcc5666f005b5542cf1083db62d888c28717165b,,pending,,,,2
img_00015045,images/img_00015045.jpeg,05_deepweb,deepweb,33c4b151e847b4472b192cd128e1ee4befb3dc8c2f068c42dca1eee085b91d47,,pending,,,,2
img_00015046,images/img_00015046.webp,05_deepweb,deepweb,8dfd72f01ced04d13ac2e5c635842d8f21408bdbdb005ad077e8811f1d7fa797,ood,reviewed,,Lello,2026-04-22T11:12:32+00:00,2
img_00015047,images/img_00015047.jpeg,05_deepweb,deepweb,ac632cf192992d10dd49459195b2e5f17de6a4b7bb85ad4f3e89fc4db9245946,,pending,,,,2
img_00015048,images/img_00015048.jpeg,05_deepweb,deepweb,e6078acb65694915764c93bf95813f129edb42819af2efbefebceb1d7d1e3050,,pending,,,,2
img_00015049,images/img_00015049.jpeg,05_deepweb,deepweb,1316248b955b96c518c9d180c6c09e3ba85cba0de111bdd84d5371327c997908,,pending,,,,2
img_00015050,images/img_00015050.jpeg,05_deepweb,deepweb,cd2cc31c8006c2508e1976d14351c7c0f22958cd8ff120e839b2c477833b8d9a,,pending,,,,2
img_00015051,images/img_00015051.jpeg,05_deepweb,deepweb,7e66cb3a9ad9afc1ab59699e34b6c3eefcbded83d4fccc155d1e44af8b847c7d,,pending,,,,2
img_00015052,images/img_00015052.png,05_deepweb,deepweb,c4989f288540ca8d044a051e334605966d9100270e857a7ab984d8979c97ece5,,pending,,,,2
img_00015053,images/img_00015053.jpeg,05_deepweb,deepweb,b63c68d4cece875071c0c00404d430f5ad02d6c8b29789b2b39900780b34b82d,,pending,,,,2
img_00015054,images/img_00015054.jpeg,05_deepweb,deepweb,00e7ba5da7ce6a189d8c1bc9275e0869fc9ac57df0d901a459a87e09258bbb98,,pending,,,,2
img_00015055,images/img_00015055.jpeg,05_deepweb,deepweb,5336dd200ecb157bb4de2edfcceeaf3b228f6cc47025e692898535037ec082d6,ood,reviewed,,Lello,2026-04-22T11:12:42+00:00,2
img_00015056,images/img_00015056.png,05_deepweb,deepweb,7eb3dd93a3c0416dcf7af10ad99a6d4164a7caa484dfddd1236c7e2165dffa1d,ood,reviewed,,Lello,2026-04-22T11:12:47+00:00,2
img_00015057,images/img_00015057.jpeg,05_deepweb,deepweb,837942ebe9bf471fd4f38c6a064dcc27452df1a5665b336c29d41cb0a2f09a8d,,pending,,,,2
img_00015058,images/img_00015058.jpeg,05_deepweb,deepweb,022f47d34e816e7976c19bb6bcb47dbf20df4dee8bbfa756ab355ff12a16beb2,ood,reviewed,,Lello,2026-04-22T11:12:36+00:00,2
img_00015059,images/img_00015059.jpeg,05_deepweb,deepweb,6f629694e70dde6a3055bf001acf4d0c32a4e01684815f7a7e6b1ef82a86750f,,pending,,,,2
img_00015060,images/img_00015060.png,05_deepweb,deepweb,5287b851646f2a6d2880f4be7dfe1d631374a2d102784643b9e40658256c7b81,ood,reviewed,,Lello,2026-04-22T11:12:40+00:00,2
img_00015061,images/img_00015061.jpeg,05_deepweb,deepweb,9b26827102c9690a886fd5df584aa2380bb57ac877bae124d312d052928e8b48,,pending,,,,2
img_00015062,images/img_00015062.jpeg,05_deepweb,deepweb,27df40babe2d06d72e1b8f96fbe777d1353422d8dd95de043eafbec76b3f415b,,pending,,,,2
img_00015063,images/img_00015063.jpeg,05_deepweb,deepweb,40d0953c6c8616821684f7504910a0275c57e8179957d6dba722be4c74b06801,ood,reviewed,,Lello,2026-04-22T11:12:45+00:00,2
img_00015064,images/img_00015064.webp,05_deepweb,deepweb,ce2d668adf736691056fbd8a8d53be0c84860e57d88de55a65655fa4b8e73d52,,pending,,,,2
img_00015065,images/img_00015065.webp,05_deepweb,deepweb,e41cc5b747d62367dd4ab5dbed81bd3df09cfe69c72b3033ec3ae9c3d0ebdab0,,pending,,,,2
img_00015066,images/img_00015066.jpeg,05_deepweb,deepweb,c217f5d4d6b6346a1c44f622a9587d7a03ff91a03920a8b5b22a424b3b84020c,,pending,,,,2
img_00015067,images/img_00015067.webp,05_deepweb,deepweb,a448523c21e3c7ece080dd56d0e23839ca9a97a8fa3212b50a076a05904a3bfc,,pending,,,,2
img_00015068,images/img_00015068.png,05_deepweb,deepweb,9649a24d7730dcfe831d0985cb064cfd84a67773038e02a1b3527115f62aeb08,,pending,,,,2
img_00015069,images/img_00015069.png,05_deepweb,deepweb,b5b14fc60f77664ee57cbc21c3e38684052441813105138d6c598b2c10e768cc,,pending,,,,2
img_00015070,images/img_00015070.png,05_deepweb,deepweb,18fa4f4b5d892038c49d1fc53a9d5e150eb69a58d11b2c04df50e205b8c10ecb,ood,reviewed,,Lello,2026-04-22T11:12:54+00:00,2
img_00015071,images/img_00015071.webp,05_deepweb,deepweb,ad692a9ae23abff0eb0d2306a49241ea9d6fb022a5c5acf03d477be859199c5b,,pending,,,,2
img_00015072,images/img_00015072.webp,05_deepweb,deepweb,fdde247377e1d078c094ca7c67c76d9788eb8a7b470b4ea84440c4c96317bbca,,pending,,,,2
img_00015073,images/img_00015073.jpeg,05_deepweb,deepweb,38392120a1fd4b30e6e5d180da6ed43741aa75dd16cb10f62323fd02eea3e396,,pending,,,,2
img_00015074,images/img_00015074.jpeg,05_deepweb,deepweb,8838ac3aa4e988d17986ed9ddeb75a06e421d579a879b7b894bd4ea3ee60820e,,pending,,,,2
img_00015075,images/img_00015075.jpeg,05_deepweb,deepweb,c1ec1b64f3504eabd8b56504e5c4cbc6d5a426ba838a11637de5b753a6db87cb,,pending,,,,2
img_00015076,images/img_00015076.png,05_deepweb,deepweb,0664ad13cb0a416ebf3ac117c0fbc91340dbbf01615ba4e0c573f87c743df25e,,pending,,,,2
img_00015077,images/img_00015077.png,05_deepweb,deepweb,30ea23076cc9cf4a2fa315042776d7b296fdab3ce63945f926c3e35f7406d3a1,,pending,,,,2
img_00015078,images/img_00015078.jpeg,05_deepweb,deepweb,96a8c037354edd2ff461321d2f778257e0d83c8285e2b89865ba1e7bd8dfc4c3,,pending,,,,2
img_00015079,images/img_00015079.png,05_deepweb,deepweb,46ecfbf7bf31549122ceed39d4337bc006708eeffa6536d98ff872cb1f0fdd2a,,pending,,,,2
img_00015080,images/img_00015080.webp,05_deepweb,deepweb,659dec2c6f317f469ee211be2f3ed7ccf903179cf1a3d7f441b9025cb56a7e14,,pending,,,,2
img_00015081,images/img_00015081.jpeg,05_deepweb,deepweb,4acfb9a3a4f5c779d5d45624cd8b7441cb2b7e1921c103a05981ec6284968ec9,,pending,,,,2
img_00015082,images/img_00015082.jpeg,05_deepweb,deepweb,2fa623853712b3141b74b27fdabfea6b05a8c3e5f0fd01523e8a54a78c33de98,,pending,,,,2
img_00015083,images/img_00015083.jpeg,05_deepweb,deepweb,d11ef74aa78d8d62c52027d8058af2d18c2bd0309a78e9ce292366d7f38a1be0,,pending,,,,2
img_00015084,images/img_00015084.png,05_deepweb,deepweb,2f074a405767ff009cc35e6c99f588905b24b80e67479db36e6ebde0e3df0dce,,pending,,,,2
img_00015085,images/img_00015085.jpeg,05_deepweb,deepweb,6915748424bce1b0f954a84ffc495c2d6770e8c27826bc25ebddb4745bccbfda,,pending,,,,2
img_00015086,images/img_00015086.jpeg,05_deepweb,deepweb,40595d07fd8d8a2c9853daa17fe4ae9a30ebcb6e2e9ddca52404b5927f81bee4,ood,reviewed,,Lello,2026-04-22T11:13:09+00:00,2
img_00015087,images/img_00015087.jpeg,05_deepweb,deepweb,0aa6d77d3ad46a7e527ab7355e406cbe53353aad35cce9bd66098f3f0ef77415,,pending,,,,2
img_00015088,images/img_00015088.png,05_deepweb,deepweb,21278db200d12bc810e2b62cf4704ec0c7c93fbd44e42c93ac54fb5b37bf3af4,,pending,,,,2
img_00015089,images/img_00015089.webp,05_deepweb,deepweb,49de5d5d6ec534604a99de36080fc064885401eb93527ab3db07ce3a69d7526b,,pending,,,,2
img_00015090,images/img_00015090.jpeg,05_deepweb,deepweb,8dd5426cad741001a02307373d2cefba36c23cce37a3a8f019fea5baebaa9bdc,,pending,,,,2
img_00015091,images/img_00015091.jpeg,05_deepweb,deepweb,c9f5fb2d737e834892a852c01c8e5952997fcfcca0da5109eebf31cccfa39c09,,pending,,,,2
img_00015092,images/img_00015092.jpeg,05_deepweb,deepweb,05b87b2fe3e7c9837e55a4ceaea962e572eefd771b5beec91126c822f563ae4b,,pending,,,,2
img_00015093,images/img_00015093.jpeg,05_deepweb,deepweb,3fcf427e96ed36af81ba3afff019715b91bacd3c314d5d8351795887577c8759,,pending,,,,2
img_00015094,images/img_00015094.png,05_deepweb,deepweb,b895e20cf0b0db7dc59e9660e6e4d9fc7e986c3a4d05d62f33c57252d9ac8978,,pending,,,,2
img_00015095,images/img_00015095.jpeg,05_deepweb,deepweb,93364af2bc218a3ab1bc1895e60c3059a7b628bbb38c04d54a9e75debaf12572,,pending,,,,2
img_00015096,images/img_00015096.webp,05_deepweb,deepweb,e38171b4ef0b4e4b366c8a0c7eb26e82ef0ea4415d93fddfcdcdb6fa8f3b527d,ood,reviewed,,Lello,2026-04-22T11:13:14+00:00,2
img_00015097,images/img_00015097.jpeg,05_deepweb,deepweb,4843add405f6783a68b36b73e5817551f21947f73808756edddb068aa316763c,,pending,,,,2
img_00015098,images/img_00015098.jpeg,05_deepweb,deepweb,9993ff9f49f3925e423fab82e323f72596f972abdfc3c4fa82a98f2052b09929,,pending,,,,2
img_00015099,images/img_00015099.jpeg,05_deepweb,deepweb,0fa524b5fd654e949fa7ace52d495ca560a90001e1d31aec9ab1e99dfd930c42,,pending,,,,2
img_00015100,images/img_00015100.png,05_deepweb,deepweb,2932c4aeca7fd4b18b0e92901f16f4c115d91708327cecfa326df9cc38ff6880,,pending,,,,2
img_00015101,images/img_00015101.jpeg,05_deepweb,deepweb,521bdd7bf5a3525808a0fc52c42564ef6eae6a6b83bc85aa5ae52950a80722ae,,pending,,,,2
img_00015102,images/img_00015102.png,05_deepweb,deepweb,fd498695a24be3a4479b9beff7b3549b37ab33407c0a57f3cc896e0f86d09c47,,pending,,,,2
img_00015103,images/img_00015103.png,05_deepweb,deepweb,7bb36af501c0c6d8c9d52644acb92e4f1b0388a19c641fa37fde0c13c0f389e8,,pending,,,,2
img_00015104,images/img_00015104.jpeg,05_deepweb,deepweb,9ee096ad474eb26c801ccf4df8ab3d916084bdb7b96c2cbab35da5e111e6f0c3,,pending,,,,2
img_00015105,images/img_00015105.jpeg,05_deepweb,deepweb,16c92ee93090a536f210185fca2f54281e4f49f5401989cca56c30c78baa2330,,pending,,,,2
img_00015106,images/img_00015106.webp,05_deepweb,deepweb,0e5256165c751518ea61f963c6a6a0e71ec7566084889cba6ea715ef77b197f2,,pending,,,,2
img_00015107,images/img_00015107.jpeg,05_deepweb,deepweb,3ac7d7a69a0dc7316c51d549ac9ce15090e88764283243bab252986f08cdd55e,,pending,,,,2
img_00015108,images/img_00015108.webp,05_deepweb,deepweb,0674e365b5bcb3fd5f9be0ca2829be0d4ec3b374c37dd5d5ae4d89cf64741609,,pending,,,,2
img_00015109,images/img_00015109.webp,05_deepweb,deepweb,3fa51ba558442212f930e0f19b3000fa5045c636d9150164135605642985aa89,,pending,,,,2
img_00015110,images/img_00015110.jpeg,05_deepweb,deepweb,12f5600e97e4f392e5fc88b84ad35575f5daa933cf9eeaf74a2e11ecab7e9037,ood,reviewed,,Lello,2026-04-22T11:13:23+00:00,2
img_00015111,images/img_00015111.jpeg,05_deepweb,deepweb,dffd9efcc1dbd475b76d2ccaba7cafffa77cee49aa535dddb435340648da690d,,pending,,,,2
img_00015112,images/img_00015112.png,05_deepweb,deepweb,895ee1d912efe60dc9187462eb3a7ad9891f33dff09e03857265d5becf4b9225,ood,reviewed,,Lello,2026-04-22T11:13:25+00:00,2
img_00015113,images/img_00015113.jpeg,05_deepweb,deepweb,e05a807043815b4b1dd471214d05f8694d7734c3b2e9cceb74f668220033d442,,pending,,,,2
img_00015114,images/img_00015114.webp,05_deepweb,deepweb,3d2319423bd2cc68a1c9417e73fb25a7cfed55077db4f893b3e81455af431d93,,pending,,,,2
img_00015115,images/img_00015115.jpeg,05_deepweb,deepweb,adf81ce2ccbdd02889555a20945292e4ba2059845d7c36c201aa6b3d7a7abca4,,pending,,,,2
img_00015116,images/img_00015116.jpeg,05_deepweb,deepweb,14c556126a27fdd546996d9f092738dfbd324a541a878ddc89ab239725b47afd,,pending,,,,2
img_00015117,images/img_00015117.png,05_deepweb,deepweb,4b5f0557c2df09d9c6db0e6238a0b0988d19ae144a3d18151a3ee7731041b5f3,,pending,,,,2
img_00015118,images/img_00015118.jpeg,05_deepweb,deepweb,659f3079d6196689e37c3cea8574fe743737ec36c92605a0dfa36ebea54290b6,,pending,,,,2
img_00015119,images/img_00015119.png,05_deepweb,deepweb,2f8224e82365509c6150da5ac01502893e3c1b6ef0b2c5696c9b51713cd967bc,,pending,,,,2
img_00015120,images/img_00015120.png,05_deepweb,deepweb,b4cc6a44473580411cc08365a136ed49c9e2a7310f280a005ffd44e765e5eb10,,pending,,,,2
img_00015121,images/img_00015121.png,05_deepweb,deepweb,7e56a51a49cd88c5800831eb8cc53bb6c4d749302c38c08cf288d949ceb24455,ood,reviewed,,Lello,2026-04-22T11:13:29+00:00,2
img_00015122,images/img_00015122.jpeg,05_deepweb,deepweb,211c743e2e7243b5e754a77ae83fc1da02c1a1d3ccd43b8b3031ab0c6016818f,,pending,,,,2
img_00015123,images/img_00015123.jpeg,05_deepweb,deepweb,9ba84d7258f9cd45827e534c065e04db0a447bf9b81b8e4bd838c6797bd69a7e,,pending,,,,2
img_00015124,images/img_00015124.jpeg,05_deepweb,deepweb,8a36ccba1abf80e70f8a65b454f8e51deee03f6711182cdfc8f80023787bfe11,,pending,,,,2
img_00015125,images/img_00015125.jpeg,05_deepweb,deepweb,a2e77022fb9e1f387ed1124ff6df289e6cc57eb63eeefcd2c3d18354a70de756,,pending,,,,2
img_00015126,images/img_00015126.jpeg,05_deepweb,deepweb,dcf9fb84e1df7ce3e3ecd53a8d2fd78f3c6923e24cc5900c8cd9118707a8db98,,pending,,,,2
img_00015127,images/img_00015127.webp,05_deepweb,deepweb,cb8a072034d5ffef8095859c7fe6041e926f5a877cda46fa43dd314d1af11004,,pending,,,,2
img_00015128,images/img_00015128.png,05_deepweb,deepweb,490682dfad15b5682ecc787179f215e7321768ebd6a8fb9d39cd4d1e272d9492,,pending,,,,2
img_00015129,images/img_00015129.jpeg,05_deepweb,deepweb,ab87ae7bd5f8fcddf79e5c52687da517f777c8d864b7357879e4536b2cc20a40,,pending,,,,2
img_00015130,images/img_00015130.jpeg,05_deepweb,deepweb,561a60b523702c1ceced9bb0cf951c63616b51217069889c627b3f81bc4bef21,,pending,,,,2
img_00015131,images/img_00015131.jpeg,05_deepweb,deepweb,079da093cd9225b1bfdb41664664864053724ada0bc5dce25860f4d0d2a6680b,,pending,,,,2
img_00015132,images/img_00015132.webp,05_deepweb,deepweb,17ddb9f41890354976cc2de619a3e9cb2806cf803dbace2fa7e5cb21e700ad5c,,pending,,,,2
img_00015133,images/img_00015133.webp,05_deepweb,deepweb,3cb86ded277b128f9ddeb6fc06716493b1ac37c4547d88fd55e6c53782029279,ood,reviewed,,Lello,2026-04-22T11:13:36+00:00,2
img_00015134,images/img_00015134.jpeg,05_deepweb,deepweb,e82dffc732bf52fd9dc214f2ceab1485adbf7d1752d4217c4aa49989bbbbfe2d,ood,reviewed,,Lello,2026-04-22T11:13:38+00:00,2
img_00015135,images/img_00015135.jpeg,05_deepweb,deepweb,c3cac08ea998d9ab84c05955980a77aa823b9608835535f943cc31570175b9d8,,pending,,,,2
img_00015136,images/img_00015136.webp,05_deepweb,deepweb,a602c1f60c0f95de1eddb55bc5a445d16be91965dc365978968cc04a8d409263,,pending,,,,2
img_00015137,images/img_00015137.jpeg,05_deepweb,deepweb,83ca925e98a4708228500b8e8e5fa5f477b4141557f38b5e35d4cf3b936f13f6,,pending,,,,2
img_00015138,images/img_00015138.jpeg,05_deepweb,deepweb,5e8f381ee2ea5460cb7e62af5157072d8f78bed92b0dbd66c491221deeadce5d,,pending,,,,2
img_00015139,images/img_00015139.jpeg,05_deepweb,deepweb,829944e1dbcd0f9096fc0dc25c9d0fdd5fdf2e644438c9bed9c970b3acb2a3ae,,pending,,,,2
img_00015140,images/img_00015140.jpeg,05_deepweb,deepweb,433b87fe9d745571ce3c7e47c790ad8a2dda7534f69150fcc1081c4fc5a66e90,,pending,,,,2
img_00015141,images/img_00015141.webp,05_deepweb,deepweb,8e5654a74efe8462c98badb1e98238d30b83c8e01ddef27e076db397c1d5f27d,,pending,,,,2
img_00015142,images/img_00015142.png,05_deepweb,deepweb,eb4010bef3a5a365350f1caa7184380e51255c35b031bc6d7b95f295e552594a,ood,reviewed,,Lello,2026-04-22T11:13:41+00:00,2
img_00015143,images/img_00015143.webp,05_deepweb,deepweb,840469029b05842ffad2043d7e494ef2e8eac5d09531f951018b2b8b2303c3b8,,pending,,,,2
img_00015144,images/img_00015144.png,05_deepweb,deepweb,d777c82638b62b40fa39d41bc392b16c6084a922e5086dfc819e0c1c90ef1879,,pending,,,,2
img_00015145,images/img_00015145.png,05_deepweb,deepweb,b207bfc50434ff10f4d5f2b9b0c3d7892c06ff72083026e3356dd7b6c3a04b45,,pending,,,,2
img_00015146,images/img_00015146.png,05_deepweb,deepweb,40ac133cd4e49d0b69da2da3a8fb3616c49850b00bb885fcc37a384b8426e265,,pending,,,,2
img_00015147,images/img_00015147.jpeg,05_deepweb,deepweb,c965b77aa338f892802bce73fd18d66c17720081f5a703232eadbe46667ab9db,,pending,,,,2
img_00015148,images/img_00015148.png,05_deepweb,deepweb,ac921d8335b0fd7d636e68d741c817f07c83a85bfe64239061f93486a966a4c1,,pending,,,,2
img_00015149,images/img_00015149.jpeg,05_deepweb,deepweb,2c083f33f4c5ff422a98087d4953f7850cce01a8b0fe3886806bdba368227e51,,pending,,,,2
img_00015150,images/img_00015150.jpeg,05_deepweb,deepweb,4681ddde749e335b5f70039a554b145916952c0752cc17c99efdf9f580a3c5c4,ood,reviewed,,Lello,2026-04-22T11:13:49+00:00,2
img_00015151,images/img_00015151.png,05_deepweb,deepweb,9cc6762ea46288e24bb5594bf6347186044fd8940b65bbd01af6c41e08e00e90,,pending,,,,2
img_00015152,images/img_00015152.jpeg,05_deepweb,deepweb,b18d57b71c0beac78e091c17055d5e4fb49d3023e90290ae45d556fdda084747,,pending,,,,2
img_00015153,images/img_00015153.jpeg,05_deepweb,deepweb,d1afe6b1806a282c289b421f95c45d56341f6c5ad170d44e0693b4b613ddd130,ood,reviewed,,Lello,2026-04-22T11:13:51+00:00,2
img_00015154,images/img_00015154.png,05_deepweb,deepweb,8429919f75f67f4dec93f588718566d0b40bb53dc79b49f1e5623b1b24ebf239,ood,reviewed,,Lello,2026-04-22T11:13:48+00:00,2
img_00015155,images/img_00015155.jpeg,05_deepweb,deepweb,b27462a168f22ccd4a800c5081c7a0697e2c1ec364fbe6da32e3d1e5a0caa168,,pending,,,,2
img_00015156,images/img_00015156.jpeg,05_deepweb,deepweb,ba3c552ddae6ead50711d7c1e89a0fa89bd6231ca92a9fce81b3a5121201a0cd,,pending,,,,2
img_00015157,images/img_00015157.jpeg,05_deepweb,deepweb,0d45c855dcb6aaf4324263c6f170585385b1278e7f5166ebbbd6076789dff209,,pending,,,,2
img_00015158,images/img_00015158.jpeg,05_deepweb,deepweb,e1d1a4c4854c125d19b6f37f4231d66febf0cb71111076c4c3351d5f0ab11641,,pending,,,,2
img_00015159,images/img_00015159.png,05_deepweb,deepweb,a7dca23562667e4cadae9a02ba3d77733b56a74ea5c88ba1e9b16bb3f1d5af78,,pending,,,,2
img_00015160,images/img_00015160.jpeg,05_deepweb,deepweb,11c93566e150e81022b8088b3f89e2f83f89e283d08104bf00396384fc756cd3,ood,reviewed,,Lello,2026-04-22T11:13:57+00:00,2
img_00015161,images/img_00015161.webp,05_deepweb,deepweb,2654276cd332967f67ee39dc07edc6cb52b68a407dda597c994adfd196e73156,,pending,,,,2
img_00015162,images/img_00015162.jpeg,05_deepweb,deepweb,37c9760c0e5d55e969a16cacd29fc3ea208af468616e7ed10ccaf4962d8fca12,,pending,,,,2
img_00015163,images/img_00015163.webp,05_deepweb,deepweb,a731b9bb968a526646e56277314b289f183d1cc02fbd857a83530e94dc489c86,,pending,,,,2
img_00015164,images/img_00015164.png,05_deepweb,deepweb,278ba35984287c9e92bcaf64086235e4f94598188b59f94ee3fb68f992954161,,pending,,,,2
img_00015165,images/img_00015165.png,05_deepweb,deepweb,d1876bd501f4ad7de4c275a6bc6bbb68d8222fa69a180a2381ccd9d388a66fe2,,pending,,,,2
img_00015166,images/img_00015166.jpeg,05_deepweb,deepweb,1c30fd25cee8def431061860ff70442c183d6907fef3a4bffb976876043c2bda,,pending,,,,2
img_00015167,images/img_00015167.png,05_deepweb,deepweb,40c3c0ea38e0e5ddf5e0708d12ddf5a634e04c266c4a1de0936c79fad8cb0471,,pending,,,,2
img_00015168,images/img_00015168.webp,05_deepweb,deepweb,7d1aa59e1cac8de3f7c4dee993accc9de266f5b8e4a6fe229c8f1d1d0d2f0958,,pending,,,,2
img_00015169,images/img_00015169.jpeg,05_deepweb,deepweb,67dc57e42e0636006bda822cd1c2f9ad70582fb4b9cb97753ba37b0cb9190957,,pending,,,,2
img_00015170,images/img_00015170.jpeg,05_deepweb,deepweb,3cb701c89476f370d6e7d5c0371061e2b46bd07339fa28a9a796edd0337690d4,,pending,,,,2
img_00015171,images/img_00015171.jpeg,05_deepweb,deepweb,0805d025e59e6b14ad5c8b0c423c73f8ea14a03ba5d2db0aa2612d020c06d9c1,,pending,,,,2
img_00015172,images/img_00015172.jpeg,05_deepweb,deepweb,a73839b4eff6a76f324460d8b9d7d21ec4719930d6c96a8597c36aae73b369e5,,pending,,,,2
img_00015173,images/img_00015173.png,05_deepweb,deepweb,0d7678607ff133e184519ca61d996084f4a0d5d5f49791ebb92e6a33ac484e32,ood,reviewed,,Lello,2026-04-22T11:14:03+00:00,2
img_00015174,images/img_00015174.jpeg,05_deepweb,deepweb,96262fceee726cbb28c4d70dae12c958f8e6d4964ce9f83b1cf34df68bf994a8,ood,reviewed,,Lello,2026-04-22T11:14:12+00:00,2
img_00015175,images/img_00015175.png,05_deepweb,deepweb,f48c5991efea850e037aced12f700e7ed850c1c13c03b2608412a4ab1174fe73,,pending,,,,2
img_00015176,images/img_00015176.jpeg,05_deepweb,deepweb,e0a694a49abd14b05a616bc8dff7bb0877afa42731c01d181739793fab636bde,,pending,,,,2
img_00015177,images/img_00015177.png,05_deepweb,deepweb,bdc49279370beeeaa11d90fc493da422d38c3238c129c94b202f2a2411d721f3,ood,reviewed,,Lello,2026-04-22T11:14:06+00:00,2
img_00015178,images/img_00015178.webp,05_deepweb,deepweb,7832634e67912f33f7bdf26d5a57dad0268081378b4dc613f5cce7e0d7bb4c32,,pending,,,,2
img_00015179,images/img_00015179.jpeg,05_deepweb,deepweb,c374a3665709e492bf96d7e8a35554a160354792cfd2486b190d07a72d5517cd,ood,reviewed,,Lello,2026-04-22T11:14:05+00:00,2
img_00015180,images/img_00015180.jpeg,05_deepweb,deepweb,f96c18ddfcbb986cff4644813af67433a48caace4636d47f832a44d349d5f6f9,ood,reviewed,,Lello,2026-04-22T11:14:08+00:00,2
img_00015181,images/img_00015181.jpeg,05_deepweb,deepweb,ec9249f3233020bd930493d0608873b0baebbce0bd0a879e0991943db36a6df3,ood,reviewed,,Lello,2026-04-22T11:14:10+00:00,2
img_00015182,images/img_00015182.jpeg,05_deepweb,deepweb,f37e4a254138560dfecba15bfc9a2e3cf0ff8b24eede75db0794133d75e5ec90,,pending,,,,2
img_00015183,images/img_00015183.png,05_deepweb,deepweb,7b32ec7e2770a47c95788fbcfb42705facfda4e962101fda3cdf0d39986cad17,,pending,,,,2
img_00015184,images/img_00015184.png,05_deepweb,deepweb,5b8f6b100eecd63e320ef2fea61cd240e36b1854662906c62df44eda9d4ce2a9,,pending,,,,2
img_00015185,images/img_00015185.jpeg,05_deepweb,deepweb,80fa21ee28d050c6df0bbfdb45236a2d8424b1116ba135a6235e99e0cf3bc144,ood,reviewed,,Lello,2026-04-22T11:14:19+00:00,2
img_00015186,images/img_00015186.jpeg,05_deepweb,deepweb,9221b8b5f0803bb3402d5fdbc922fbab558ec296fc61d3d1ad87807dd5678247,ood,reviewed,,Lello,2026-04-22T11:14:18+00:00,2
img_00015187,images/img_00015187.png,05_deepweb,deepweb,ad7cd8b4b8a00fd582f18d9da74baa4fdf6487419a7bc13a03e81f187f286aa6,,pending,,,,2
img_00015188,images/img_00015188.jpeg,05_deepweb,deepweb,9e4ba350e08cb1d21ad8665d52d506e3fcb08dfc180ea3f113e29ba00cc89449,,pending,,,,2
img_00015189,images/img_00015189.webp,05_deepweb,deepweb,6f6c5e62b68a808fdd615ef7e4a114613ef6ce7026447195cebc519287c2a762,ood,reviewed,,Lello,2026-04-22T11:14:22+00:00,2
img_00015190,images/img_00015190.webp,05_deepweb,deepweb,61dd3ca0de6953a1f85ce6558409ab300b7c2d3e059ed5a906b4df3cea824d35,,pending,,,,2
img_00015191,images/img_00015191.jpeg,05_deepweb,deepweb,f9e7763feb9fbcafce15d8c9fc40efcfe8f6a38468968ec40da6a2b70f4beccc,,pending,,,,2
img_00015192,images/img_00015192.jpeg,05_deepweb,deepweb,e6714a00e83b6b2c3f58fcbec60fe8e6ef1d5d7126f7ca805a9d36efc60af4c1,,pending,,,,2
img_00015193,images/img_00015193.png,05_deepweb,deepweb,1a8bfc22b2ea133f2e2c1760ff5180f83798350de3b6b6a39a7fd98e949d6b35,,pending,,,,2
img_00015194,images/img_00015194.jpeg,05_deepweb,deepweb,e7df72205b77a9e516c3417714dc69e49d7086893f90c54c607329c698e6df3a,ood,reviewed,,Lello,2026-04-22T11:14:25+00:00,2
img_00015195,images/img_00015195.jpeg,05_deepweb,deepweb,ea0a5e6ef6a3df1ef8ee6e3e4c517ec67d3b423f7431ff9b3357dbea7515c9b0,,pending,,,,2
img_00015196,images/img_00015196.jpeg,05_deepweb,deepweb,59306136c3a3811eb2f5bd634c2d04e0bb3dd986ce84a480a016f7021634321a,,pending,,,,2
img_00015197,images/img_00015197.jpeg,05_deepweb,deepweb,f724d5f96756da5b28d95d3ff606fd28d59af3de7e6db8c53c4d889c2bb679de,,pending,,,,2
img_00015198,images/img_00015198.jpeg,05_deepweb,deepweb,1762116b94340a104a3a2d87e7d5d477ed8bb2301cf9d3435b62af13d06e1e48,,pending,,,,2
img_00015199,images/img_00015199.jpeg,05_deepweb,deepweb,def7d2b1e1028a6ad607d56118dd1de6bdad49a894289cc54be259ecf2036386,,pending,,,,2
img_00015200,images/img_00015200.webp,05_deepweb,deepweb,d7edd2005d18e9842447f8943613de0defd643a799cda950d74cdd7b30fd95fc,,pending,,,,2
img_00015201,images/img_00015201.jpeg,05_deepweb,deepweb,f4581ced33d306e8f3b6d2f10445ab4fa88f540fdf216173bfa179bb1f1673d3,,pending,,,,2
img_00015202,images/img_00015202.jpeg,05_deepweb,deepweb,5428692ec6408e6ac553b98ddf4e9171a145903d2d02112079098ebfcf620631,,pending,,,,2
img_00015203,images/img_00015203.jpeg,05_deepweb,deepweb,f7c64a3fed19ec19d76e9195159eb6bfdd4dceabb5cf9f27d2b8aea9373e00e6,,pending,,,,2
img_00015204,images/img_00015204.jpeg,05_deepweb,deepweb,9a4e577b7339f2b1c04c903c4c1b972f834c53be44126919d0c563c921c2493a,,pending,,,,2
img_00015205,images/img_00015205.png,05_deepweb,deepweb,1cb39891af6784f5dfe5adfceeccc74cc04d7d8d3426e99f1643cb6b09691605,,pending,,,,2
img_00015206,images/img_00015206.jpeg,05_deepweb,deepweb,e369e969c670bdad03cc9ff054ba94a661b08a0c9cdc4a2756ac2467461f3359,,pending,,,,2
img_00015207,images/img_00015207.jpeg,05_deepweb,deepweb,c9e272571a0f798522343dfc89508e38e6924a7424af657b3348e747072b8239,,pending,,,,2
img_00015208,images/img_00015208.jpeg,05_deepweb,deepweb,cbd93a32e12ccddf79749c722caa3edc5357d443a825a84121e5dab702731e22,,pending,,,,2
img_00015209,images/img_00015209.jpeg,05_deepweb,deepweb,4ffd118960545e02228f0680610a7cc803f951156b22f5c12030e02ea4476a69,,pending,,,,2
img_00015210,images/img_00015210.jpeg,05_deepweb,deepweb,701e1801bfba6765592cd3be7b19dcc8daaddb4f6bb1fbb114fba0d3156509eb,,pending,,,,2
img_00015211,images/img_00015211.png,05_deepweb,deepweb,436766c4c0b465a243eb6875a0709e112116924cad0e6beb6821501abb1e91ca,,pending,,,,2
img_00015212,images/img_00015212.jpeg,05_deepweb,deepweb,e848b2935fe62bc89976da2a80fee98d47d6633eb400df059c4fa02a5743cfae,,pending,,,,2
img_00015213,images/img_00015213.jpeg,05_deepweb,deepweb,09fa22e2f454798b10d50ed04733111ac4585c43b02d348e00f5cf55e806b5c5,,pending,,,,2
img_00015214,images/img_00015214.jpeg,05_deepweb,deepweb,f5f86c392983fb925caecb1836796f5cd9b12fdcad8ff3917b34634f12178cfb,,pending,,,,2
img_00015215,images/img_00015215.jpeg,05_deepweb,deepweb,258c6abe5a2e50171e4ee0866f04cf60ee61eaf0b9d4f93e46b8a75ca38827f8,ood,reviewed,,Lello,2026-04-22T11:14:35+00:00,2
img_00015216,images/img_00015216.png,05_deepweb,deepweb,1c34318039788f7a5cc5cfbbd73a0d2d2496f661d6ad620df67d3a7bccae923b,,pending,,,,2
img_00015217,images/img_00015217.jpeg,05_deepweb,deepweb,b3c2bd69970edf4a55e0e116b7142879d5c827aa918de8d71fb9b45dc3d600b2,,pending,,,,2
img_00015218,images/img_00015218.jpeg,05_deepweb,deepweb,d3deb6ed4e502cc0eb1d144187f80f6de99cef29ed815935d59d1e8b4f8ed6b5,,pending,,,,2
img_00015219,images/img_00015219.jpeg,05_deepweb,deepweb,37e3ecb4a8bf581046567da0434bb54235cb72cd87caa035a631c3b50d5e49dd,,pending,,,,2
img_00015220,images/img_00015220.jpeg,05_deepweb,deepweb,2f8667987454b12233a80f0baabd48f223cc5269203809ab81c60f9c03fbd5ce,,pending,,,,2
img_00015221,images/img_00015221.jpeg,05_deepweb,deepweb,f41209914169ce9438641c544cbee1d838821020e34a367326fa627ced62c2a5,,pending,,,,2
img_00015222,images/img_00015222.png,05_deepweb,deepweb,d4185b99ea036805808f3b42fe26eaaa661fd69f7970af787d89dcd1436ac0e0,,pending,,,,2
img_00015223,images/img_00015223.jpeg,05_deepweb,deepweb,a976b9563c44fc0752bb21d49b7e5bf5d8f1a5aef654d2f481f0e252015e27e6,,pending,,,,2
img_00015224,images/img_00015224.jpeg,05_deepweb,deepweb,6a2f7872fdd6ae5d7a3de586b7cd562e867017b5bd0e73f3173c2042a4a39d87,,pending,,,,2
img_00015225,images/img_00015225.webp,05_deepweb,deepweb,8bc3f71ae1a47e40f94623a5e9308d99afc819ba01a864160c0547e99150f1ef,,pending,,,,2
img_00015226,images/img_00015226.jpeg,05_deepweb,deepweb,d654a215c873bd393ee34450873d8a293a67e7de8ec82eb809e9821e936ac61a,,pending,,,,2
img_00015227,images/img_00015227.jpeg,05_deepweb,deepweb,311623c29ba75ca8a07c17074eb0742cb9f01586802db9aabd99225819e947db,,pending,,,,2
img_00015228,images/img_00015228.png,05_deepweb,deepweb,30fd94d990088818d1707e19d741e4d284a77630eda588f7cbf2f1145d8f8490,,pending,,,,2
img_00015229,images/img_00015229.jpeg,05_deepweb,deepweb,c8bd07f2a940e930586336376abd9293d2ccd04674f9ca3dd47ce19e8dc65461,,pending,,,,2
img_00015230,images/img_00015230.webp,05_deepweb,deepweb,ccbfda9f2195339b5c9eeccda75009ac40a282ed35b0b922b3afa0697b6b748a,,pending,,,,2
img_00015231,images/img_00015231.png,05_deepweb,deepweb,e074b5c93b1e1022bc25c9fa9c8a7735147a4cd5e80495b20f2e1d0db735df5e,,pending,,,,2
img_00015232,images/img_00015232.jpeg,05_deepweb,deepweb,5e53c40d5a5966426e8b9cd35424da7e80eb3bc2cda59eed01f0cd5ed3131d22,,pending,,,,2
img_00015233,images/img_00015233.jpeg,05_deepweb,deepweb,0988d8a14c9e1a5b5aa48892da8a7f14e6d42c67673d41344977356882bfaf82,,pending,,,,2
img_00015234,images/img_00015234.png,05_deepweb,deepweb,4ff4c336505aec757e7e87edd62c757f001563bc31f88dd198f5e6d3a3e7cea8,,pending,,,,2
img_00015235,images/img_00015235.jpeg,05_deepweb,deepweb,85ec958d444293543a8ce03468fbf68198812e773c133489aee9855a338fa93d,,pending,,,,2
img_00015236,images/img_00015236.png,05_deepweb,deepweb,f2de30c276b6154460a0322bbc6984885397882e3790809a5a8ce4661033dada,,pending,,,,2
img_00015237,images/img_00015237.jpeg,05_deepweb,deepweb,a2bada1b0c5806243730426bb950ed6cfa18390773599901e9ade714a09e7c21,ood,reviewed,,Lello,2026-04-22T11:14:46+00:00,2
img_00015238,images/img_00015238.jpeg,05_deepweb,deepweb,04a9b0450cdd507387c120ec4540bff55803a5e7ee711693e564aa8396f702dd,,pending,,,,2
img_00015239,images/img_00015239.jpeg,05_deepweb,deepweb,10b9b612e337edfd298148571a56c5491eafaf465b2ef497383bdfa076b79f54,,pending,,,,2
img_00015240,images/img_00015240.png,05_deepweb,deepweb,46facf5ea241dbc7e27cc4b74ccffdfd536725b7d75dfeb2261f28592fac0b55,ood,reviewed,,Lello,2026-04-22T11:14:48+00:00,2
img_00015241,images/img_00015241.jpeg,05_deepweb,deepweb,0c6083e1d91c174a7e4058df50689056f9707bb022f96a87f0d6c98080071bd5,,pending,,,,2
img_00015242,images/img_00015242.jpeg,05_deepweb,deepweb,f0830f2631bb608b0a1a12dbb89b92b6b18bb85e2d9596ae76ec18d48a197948,,pending,,,,2
img_00015243,images/img_00015243.jpeg,05_deepweb,deepweb,ac0fe49f030e4f1cddb89d4615cdec111a190d81dff4c10157e241831f195369,,pending,,,,2
img_00015244,images/img_00015244.jpeg,05_deepweb,deepweb,4ea0837e02e4ecb8c219e2170b1a634c9981544bbfb675881e50dfbcee75b16c,ood,reviewed,,Lello,2026-04-22T11:14:57+00:00,2
img_00015245,images/img_00015245.jpeg,05_deepweb,deepweb,6efdf39abe589d6f1fe067f60bb4489d4515742b3a951fc2b4c7851a9bdc5492,,pending,,,,2
img_00015246,images/img_00015246.jpeg,05_deepweb,deepweb,24d9ab6324ec94eb6127d4c15e512532ea322d5ffd28e0318922a7d04ebfdaef,,pending,,,,2
img_00015247,images/img_00015247.jpeg,05_deepweb,deepweb,9556b721a6bf4cf331ccfd297a52a09a65e4344aaf2c3db23cfa3f7ee5f35464,,pending,,,,2
img_00015248,images/img_00015248.png,05_deepweb,deepweb,dabab211399f590a0bde43b08262bbbae7d82946d5f20a01a1819b700e0dc697,,pending,,,,2
img_00015249,images/img_00015249.jpeg,05_deepweb,deepweb,32a71d4cdacb00bbb5d7edbeb28efd132e48598916557d21c9f19572f4b4337d,,pending,,,,2
img_00015250,images/img_00015250.jpeg,05_deepweb,deepweb,23f4f9834646211576f6523ba5bbd78cfb8d7aff63d0a48a15f83e32ee56fbcf,ood,reviewed,,Lello,2026-04-22T11:14:54+00:00,2
img_00015251,images/img_00015251.jpeg,05_deepweb,deepweb,6254ad5a07353ad73b0b8afb76f4f2a09d31768b4811f998e5eb603de7054976,ood,reviewed,,Lello,2026-04-22T11:14:55+00:00,2
img_00015252,images/img_00015252.jpeg,05_deepweb,deepweb,706380f3c78714aab77e235819af9844b9400ecfe60a4176797626ec7ae91d67,,pending,,,,2
img_00015253,images/img_00015253.jpeg,05_deepweb,deepweb,36f907b5af3e0fba73b017ee905105c5981da84a69bd075f4bf69dc0c053295a,,pending,,,,2
img_00015254,images/img_00015254.jpeg,05_deepweb,deepweb,c6612273e8d914851d569b3cefbf7b1d14f7f8db5e2120b0c9d8785554ba67b4,,pending,,,,2
img_00015255,images/img_00015255.jpeg,05_deepweb,deepweb,f2ed833f72032f675be6d0647aeef77b387d302d1532acbe64552ca78f813220,,pending,,,,2
img_00015256,images/img_00015256.jpeg,05_deepweb,deepweb,6ca32f9bd2b45ff98f324cbaf1edd24d36671ce8f590fa2ccfa2e31e1d02b070,ood,reviewed,,Lello,2026-04-22T11:15:06+00:00,2
img_00015257,images/img_00015257.png,05_deepweb,deepweb,2cb1f7a534da58b915ffac9fd6598803c13a12e7da0aae44f0df94cd6271c737,,pending,,,,2
img_00015258,images/img_00015258.jpeg,05_deepweb,deepweb,d5e53461e5c1213c9abe02848cbd169418a4d64f6d3086b25280bdc55fa984b9,,pending,,,,2
img_00015259,images/img_00015259.jpeg,05_deepweb,deepweb,bf00e2185932e0113376d330b3c0a9c020cf3695b7459ae626da3dcc71a9ead1,,pending,,,,2
img_00015260,images/img_00015260.jpeg,05_deepweb,deepweb,2208c3518d88af6592fa98e587e05e3640ab4cf6694fc84b0ee0d6029c1adb61,,pending,,,,2
img_00015261,images/img_00015261.jpeg,05_deepweb,deepweb,918575f2bcc4e339724b8ccdda6efd8bec3d5cd07b15a2539b8244e8b070e70a,,pending,,,,2
img_00015262,images/img_00015262.jpeg,05_deepweb,deepweb,939c1228ae56bc5dff6009ce8a3c365004d701fde03fc3bbc9892d86e7c7d06d,ood,reviewed,,Lello,2026-04-22T11:15:04+00:00,2
img_00015263,images/img_00015263.webp,05_deepweb,deepweb,82717f369bd1a635e9239693be2a975275e3ccbb470cb5aaf7fbc0585d0a1378,,pending,,,,2
img_00015264,images/img_00015264.jpeg,05_deepweb,deepweb,e9dd107dd36c2e048c4284692d380018db4357a822ccf36a3c9e222d92cd39e6,,pending,,,,2
img_00015265,images/img_00015265.jpeg,05_deepweb,deepweb,a7cba0463ad2ecf83fbd1221c0eca58b483466e7ac111f65a751244835a24fc6,,pending,,,,2
img_00015266,images/img_00015266.jpeg,05_deepweb,deepweb,215c35a452b95e75a712c3e2dcc8f4e6b2102a872f6b6869827e2141c3140e0b,,pending,,,,2
img_00015267,images/img_00015267.jpeg,05_deepweb,deepweb,bc8202dc848e251bdbff0c04ed0d1a3f86f9956c1078eb100a31361719cde972,,pending,,,,2
img_00015268,images/img_00015268.png,05_deepweb,deepweb,c865ebdd8018b73582bfd866c0c9a4ffe8ad7da4c48ffcf3265e8ab62b271224,,pending,,,,2
img_00015269,images/img_00015269.jpeg,05_deepweb,deepweb,e43e297c75e04c289be14f192a3623493139cbb87fc463c566762e94b8d7ad80,,pending,,,,2
img_00015270,images/img_00015270.png,05_deepweb,deepweb,13c1928a8e948193462c9826c38908ad3932874c9adc82e477af74731505a0c4,,pending,,,,2
img_00015271,images/img_00015271.png,05_deepweb,deepweb,36b00db26d053f5d12b809ff22e60b8b3f32d62537c8dbfe8b033480311eb063,,pending,,,,2
img_00015272,images/img_00015272.jpeg,05_deepweb,deepweb,0632bb388de73d027a327cf94a746ff6931c8ed46bf852b0e2f09f3e82707f46,,pending,,,,2
img_00015273,images/img_00015273.png,05_deepweb,deepweb,3bfa76f4f5f7bf007be107fc46f4005c7f2c29d81ec79eace9923be8e49e127a,,pending,,,,2
img_00015274,images/img_00015274.jpeg,05_deepweb,deepweb,b07099bef3c3ade0eb069c10da53cccad4511903918a4c73a165fa0dea5536d2,,pending,,,,2
img_00015275,images/img_00015275.jpeg,05_deepweb,deepweb,ccd222a1ae597ff05e9237418d7abd2f8f32fa2529b0644bb97377eead9edc48,,pending,,,,2
img_00015276,images/img_00015276.jpeg,05_deepweb,deepweb,0bc089da26a345fe86d95ad96d534937d209c5f0b956eac0a1baa4c0251cae9d,,pending,,,,2
img_00015277,images/img_00015277.jpeg,05_deepweb,deepweb,5ebb17d83ee95bd3de8247a24a2fb0508a054988a1f037373325eb367816e2a7,,pending,,,,2
img_00015278,images/img_00015278.jpeg,05_deepweb,deepweb,3e288ac9434ec919a89a4d108e03ab2085d944079588ab45584f8a2fc0cc02cb,,pending,,,,2
img_00015279,images/img_00015279.jpeg,05_deepweb,deepweb,a9ea0fd0c6a9b8e86d9859a05967716734baf51a7cf27d86ca9161871c9eaed7,ood,reviewed,,Lello,2026-04-22T11:15:18+00:00,2
img_00015280,images/img_00015280.jpeg,05_deepweb,deepweb,b184568d686a30fe84f8ce50b3228ac97d578dc4b4dac829e5799359c460bd1e,,pending,,,,2
img_00015281,images/img_00015281.jpeg,05_deepweb,deepweb,7c1f70633bd76f109786754485bafa82378b4f6ed990d69a8586ce83a77d6573,,pending,,,,2
img_00015282,images/img_00015282.png,05_deepweb,deepweb,27907c3e43282f5b19ae237fe387def9f2d59d454de55c62884875c03bb64482,,pending,,,,2
img_00015283,images/img_00015283.png,05_deepweb,deepweb,7292b3a5cc396f3d8f3dd8750163ea0ea9ce260ee9c70b07138ca20018dfce90,,pending,,,,2
img_00015284,images/img_00015284.jpeg,05_deepweb,deepweb,259088f279244c2757023ca2bebbcc1e9236be709da650df9460fb160111b0c0,,pending,,,,2
img_00015285,images/img_00015285.jpeg,05_deepweb,deepweb,603c2f9444684dc99be1825f95d2c272f7b3f63421c1b859c6965b564931d3e1,,pending,,,,2
img_00015286,images/img_00015286.jpeg,05_deepweb,deepweb,ffd03d372ab43c022b757e06652935315d013fd9f8edf167dc138a8aac1f035f,,pending,,,,2
img_00015287,images/img_00015287.jpeg,05_deepweb,deepweb,48ca8950043870f7c12efb12735fc8039aa5ed32411e24886254b2fd01839496,,pending,,,,2
img_00015288,images/img_00015288.jpeg,05_deepweb,deepweb,c407544ffc3321f3141cc65bbcef4b3f54a65a39a9d36274c881efb3b7c65986,,pending,,,,2
img_00015289,images/img_00015289.png,05_deepweb,deepweb,79796168a6e2ca810f3c2aef07038346eaec3652c7375691f388dc3f2b211f5a,,pending,,,,2
img_00015290,images/img_00015290.jpeg,05_deepweb,deepweb,c14bd717f05790ed740cf3eae0013b98163a830c198a7a93f9395f3d7e58b0b1,,pending,,,,2
img_00015291,images/img_00015291.png,05_deepweb,deepweb,cadb6c167cdcad236ee9e42916723126ca7474e1846780575c997ffa916e78a8,ood,reviewed,,Lello,2026-04-22T11:15:25+00:00,2
img_00015292,images/img_00015292.jpeg,05_deepweb,deepweb,254c946948a87b2ba6c996da078d8f108558d654eb47741d17946b259a1d6067,ood,reviewed,,Lello,2026-04-22T11:15:27+00:00,2
img_00015293,images/img_00015293.webp,05_deepweb,deepweb,2d8163c0ec77bd51e559e6851f5f382236bb97e8e78ac8dfe3d80d5a6fc0f871,,pending,,,,2
img_00015294,images/img_00015294.png,05_deepweb,deepweb,180b8e5152060eae7fd6706d4f7ee5b82d1f5aea7fdaa9dcdc729dfc863a099b,,pending,,,,2
img_00015295,images/img_00015295.jpeg,05_deepweb,deepweb,c88e9b52d86ac140dae53273faf3aa3e1d1b25a9a3ccd22ed9b12716c58ce550,ood,reviewed,,Lello,2026-04-22T11:15:23+00:00,2
img_00015296,images/img_00015296.jpeg,05_deepweb,deepweb,5235b7a8f14bda513368acaced0ed63c43816900dfe6402bb83af75b66db288a,,pending,,,,2
img_00015297,images/img_00015297.png,05_deepweb,deepweb,7a7262e800ba76babe42d71e163c060241303bcb13d365da0e38bf8e29003522,,pending,,,,2
img_00015298,images/img_00015298.jpeg,05_deepweb,deepweb,57f34832bdd1f27dcbc141b39aae8eb5fb9105b8eceec46229798002a6674912,,pending,,,,2
img_00015299,images/img_00015299.png,05_deepweb,deepweb,e5d679a11af2cc26ebcafbe5f4f1848c5db8a15ea7b5def67b7f9bb376fb2e27,ood,reviewed,,Lello,2026-04-22T11:15:29+00:00,2
img_00015300,images/img_00015300.jpeg,05_deepweb,deepweb,8a812cf536c79f249c4957a481df9d964a7fb2b9119aa2a0fe2b14a26495546a,,pending,,,,2
img_00015301,images/img_00015301.png,05_deepweb,deepweb,038538c895664f2cfc8852dc3fa9aaa3aaa1c83e78da071284269e5f06c3044e,,pending,,,,2
img_00015302,images/img_00015302.webp,05_deepweb,deepweb,727bac063a2c190e3745ce75c861317a0c84b3fdd9d8f837da401355c164d54d,,pending,,,,2
img_00015303,images/img_00015303.jpeg,05_deepweb,deepweb,95d64d113f6e42f85e32e12aa897770929db9ee0bc2c0aa4e8364841d935dc03,,pending,,,,2
img_00015304,images/img_00015304.jpeg,05_deepweb,deepweb,3f9817ee706b6bf85b129d6b1f45a61d1160e41e4d47586b1de9c3948a15f0a7,,pending,,,,2
img_00015305,images/img_00015305.png,05_deepweb,deepweb,f40e746e4df6f19e3dac9b56c4212ceeda371c37d9af9e68ddb1801d08289546,,pending,,,,2
img_00015306,images/img_00015306.jpeg,05_deepweb,deepweb,12357270dd3bac3b1777dcfd9bdecbca4d4676a844af90fcc3e89fc36beefcca,,pending,,,,2
img_00015307,images/img_00015307.png,05_deepweb,deepweb,d9df377437ee1b26e841bcaab444eba3ce634924cfc54116be87dd9a96e658bb,,pending,,,,2
img_00015308,images/img_00015308.png,05_deepweb,deepweb,0ae2f37be63cc3ed9442e096e5f61c22199cd08adb3cf0ec12f9d757895a35c1,,pending,,,,2
img_00015309,images/img_00015309.webp,05_deepweb,deepweb,56e6fb010a6a898e0b59f563b509881cb7577de0745169fc261663de5058238f,ood,reviewed,,Lello,2026-04-22T11:15:42+00:00,2
img_00015310,images/img_00015310.jpeg,05_deepweb,deepweb,110a8b167920af57bf27bb8647915684cc41125f6b8043ce79bdebdef431c526,,pending,,,,2
img_00015311,images/img_00015311.png,05_deepweb,deepweb,861deb4765ee40c80f519d4ea4c979a2b83b3d99b508b360869321ee6f3e9f34,,pending,,,,2
img_00015312,images/img_00015312.jpeg,05_deepweb,deepweb,8f40911d67e9ee4711de151bdacac0770b048ebfec963a12f6d58e8b0e3d0d08,ood,reviewed,,Lello,2026-04-22T11:15:45+00:00,2
img_00015313,images/img_00015313.jpeg,05_deepweb,deepweb,c1cab0efe74bae931638925adf554cbf74b99653e3c3f5e327e4113392b4cb94,,pending,,,,2
img_00015314,images/img_00015314.jpeg,05_deepweb,deepweb,d12249650e9444442221f7b223cc90e1aa06300041e7523117a27135bed1d294,,pending,,,,2
img_00015315,images/img_00015315.webp,05_deepweb,deepweb,42d7ac558d9bdfeb2c14451686277b377515c99349777deb4e9f2f4ea6d6463d,ood,reviewed,,Lello,2026-04-22T11:15:55+00:00,2
img_00015316,images/img_00015316.jpeg,05_deepweb,deepweb,29679d51898d7ab0adee1348959109f562d550fe5614f59ba1614ec412a310c4,,pending,,,,2
img_00015317,images/img_00015317.jpeg,05_deepweb,deepweb,6e779569ae55a40ea27a6db44912d933d1cf413ea6e80e777dd51539bd1f84cd,,pending,,,,2
img_00015318,images/img_00015318.jpeg,05_deepweb,deepweb,c804f38ecfff5d7184240718222e23730d4480a7acd8c58aeeb4f94e69e25aee,ood,reviewed,,Lello,2026-04-22T11:00:48+00:00,2
img_00015319,images/img_00015319.jpeg,05_deepweb,deepweb,5d6d7dd2b63ac6454492434808cc8a59c174e92a2bcc2a715b773efb85d8d9c2,ood,reviewed,,Lello,2026-04-22T11:15:51+00:00,2
img_00015320,images/img_00015320.jpeg,05_deepweb,deepweb,82f6d2f9581291fa86fa1e3facf1a0680d29769bb717d8b1b879fb17003446f9,ood,reviewed,,Lello,2026-04-22T11:15:56+00:00,2
img_00015321,images/img_00015321.jpeg,05_deepweb,deepweb,050e80ea5354c74352e852e82fd864854974dba07857abef16b4cae9d9346477,,pending,,,,2
