image_id,relative_path,source_dataset,source_group,sha256,final_label,review_state,review_notes,reviewer_id,review_timestamp,source_priority
img_00012872,images/img_00012872.jpg,03_google_scraped,google,7639ba10481f814742de7142bd8677cd7d3557e0175031766f063a39e9f39101,non_weapon,reviewed,,Lello,2026-04-22T09:35:52+00:00,3
img_00012881,images/img_00012881.jpg,03_google_scraped,google,5c737cf8f9b914adb67ff0198ba300bc18cd18da9d1b454924508178fa065dfc,non_weapon,reviewed,,Lello,2026-04-22T09:29:55+00:00,3
img_00012884,images/img_00012884.jpg,03_google_scraped,google,953b9d1d817b403d340cbfd61c803aa864aa58545f987a27c64cce91f9f0c59c,non_weapon,reviewed,,Lello,2026-04-22T09:29:46+00:00,3
img_00012885,images/img_00012885.jpg,03_google_scraped,google,6984a34eac1e7d1f7147b634af38fddb01d89236654e10630d8805956a8783f0,non_weapon,reviewed,,Lello,2026-04-22T09:36:08+00:00,3
img_00012897,images/img_00012897.jpg,03_google_scraped,google,4484f6a5a5f5e3250e0249922944adc1da8346ce7079e1de875535018271ae79,non_weapon,reviewed,,Lello,2026-04-22T09:30:17+00:00,3
img_00012902,images/img_00012902.jpg,03_google_scraped,google,417262b30be08f0c33e218b4ca98792fa37f86913369753bb43afb9ede93872b,non_weapon,reviewed,,Lello,2026-04-22T09:30:19+00:00,3
img_00012922,images/img_00012922.jpg,03_google_scraped,google,29495f52ef4c878c4974db2e904c89e3e1b2bf066c1d686f703973ab1362883f,non_weapon,reviewed,,Lello,2026-04-22T09:31:05+00:00,3
img_00012932,images/img_00012932.jpg,03_google_scraped,google,89c4783e4fd11c050ec215e4899a197e9205d4d09a0377527717eb4ba1fafa43,non_weapon,reviewed,,Lello,2026-04-22T09:31:10+00:00,3
img_00012935,images/img_00012935.jpg,03_google_scraped,google,f8612d8baf6af33bb18b5ee2e3a8f1c6aa7b52f73901f4831e59cf3213c0faf2,non_weapon,reviewed,,Lello,2026-04-22T09:31:24+00:00,3
img_00012936,images/img_00012936.jpg,03_google_scraped,google,36b767a59e74743568a98a476f1565340b249efe9016a0bd64514c15a4474f0d,non_weapon,reviewed,,Lello,2026-04-22T09:31:21+00:00,3
img_00012948,images/img_00012948.jpg,03_google_scraped,google,d5995951b610a7195a562798fa38af1bb4b6099e4beb33795ed1d8005ad928a6,non_weapon,reviewed,,Lello,2026-04-22T09:31:33+00:00,3
img_00000001,images/img_00000001.jpg,01_kaggle_weapon,kaggle,a9df9263d583d137f19ed1578dd0906d19b44a107d8046794fef3a9ad9389a99,weapon,reviewed,,Lello,2026-04-22T08:46:22+00:00,4
img_00000002,images/img_00000002.jpg,01_kaggle_weapon,kaggle,7a7d8e2da32ca3cd887666524285720c66283cc691b7075ec48510003d1b724b,weapon,reviewed,,Lello,2026-04-22T08:46:33+00:00,4
img_00000003,images/img_00000003.jpg,01_kaggle_weapon,kaggle,efa5d09ad0e32d215b4cf92103658bd8f539bce02ac34f8c67fd8044e597715f,weapon,reviewed,,Lello,2026-04-22T08:46:34+00:00,4
img_00000004,images/img_00000004.jpg,01_kaggle_weapon,kaggle,768d8265386d41b3bcce73ae5becccd59c425358143101e6a429dc5a7c36aaae,weapon,reviewed,,Lello,2026-04-22T08:46:37+00:00,4
img_00000005,images/img_00000005.jpg,01_kaggle_weapon,kaggle,80634cc6bac7fd5a77fe211611d5e9186b6a3694c0b287c11632c4e844fe549e,weapon,reviewed,,Lello,2026-04-22T08:46:38+00:00,4
img_00000006,images/img_00000006.jpeg,01_kaggle_weapon,kaggle,53632b0dcc9c8b8b79da2cf9ed829da6f1e49241eba912c0c63bb10ba00a8ff8,weapon,reviewed,,Lello,2026-04-22T08:46:40+00:00,4
img_00000007,images/img_00000007.jpeg,01_kaggle_weapon,kaggle,3df5b7a968dc6c91265468c6d6ed3286c3f8a914f865f9550af76469c0d1e20e,weapon,reviewed,,Lello,2026-04-22T08:46:42+00:00,4
img_00000014,images/img_00000014.png,01_kaggle_weapon,kaggle,9e72cf191b6539dc28f205176aa14bef73d2ff9ad7f9c79765c8147be68cb147,weapon,reviewed,,Lello,2026-04-22T08:46:50+00:00,4
img_00000016,images/img_00000016.jpeg,01_kaggle_weapon,kaggle,77023af700c6393981c82b34a69ca3f178c5499564dc4bf6cfba4277204763c5,weapon,reviewed,,Lello,2026-04-22T08:46:52+00:00,4
img_00000020,images/img_00000020.jpeg,01_kaggle_weapon,kaggle,69f1b2e9a1945edacb78acbe7d33021cb549a42879cfde1ad73a9205d789c0c8,weapon,reviewed,,Lello,2026-04-22T08:46:56+00:00,4
img_00000022,images/img_00000022.jpeg,01_kaggle_weapon,kaggle,5401e0d351375c934eccb9eeb02db3b7bde60a34f785e9ab747a5bbc45dc5498,weapon,reviewed,,Lello,2026-04-22T08:46:57+00:00,4
img_00000023,images/img_00000023.jpeg,01_kaggle_weapon,kaggle,4632d9aeb70633cfaef57985847fcd9ce1b87a9e2ee5c08ac82d57efc6faf66b,weapon,reviewed,,Lello,2026-04-22T08:46:59+00:00,4
img_00000031,images/img_00000031.jpeg,01_kaggle_weapon,kaggle,329c9b874b82dbdbf1d42c01185cba8b44e103b97b02659f398f050401acd10c,weapon,reviewed,,Lello,2026-04-22T08:47:05+00:00,4
img_00000034,images/img_00000034.jpeg,01_kaggle_weapon,kaggle,200dfb689a4e096f71667d40bbdf8b993135f84b0027d9df6ed6bfde94a0fc2d,weapon,reviewed,,Lello,2026-04-22T08:49:35+00:00,4
img_00000035,images/img_00000035.jpeg,01_kaggle_weapon,kaggle,c27d63aa78099bf560602fd5b19a605bb34737bad5158588891ed60d9e258be2,weapon,reviewed,,Lello,2026-04-22T08:49:30+00:00,4
img_00000037,images/img_00000037.jpeg,01_kaggle_weapon,kaggle,29656949e96a839d4a7292ebbab646b36d974ed1f4fbc8e9a1d096214f2354d3,weapon,reviewed,,Lello,2026-04-22T09:05:46+00:00,4
img_00000039,images/img_00000039.jpeg,01_kaggle_weapon,kaggle,ad5a42fc7f4249fd01949903839ef7a5b288870f978fe67b705da4493e1026db,weapon,reviewed,,Lello,2026-04-22T08:49:33+00:00,4
img_00000040,images/img_00000040.jpeg,01_kaggle_weapon,kaggle,4c499ed0a64deea84293bd42fadcaff9ee980764113827b745250f0932928316,weapon,reviewed,,Lello,2026-04-22T08:49:38+00:00,4
img_00000041,images/img_00000041.jpeg,01_kaggle_weapon,kaggle,83dbd88e9717ef1c800b2c67aa506fbf07a587f2e76d07f71c3cc81168714190,weapon,reviewed,,Lello,2026-04-22T08:49:37+00:00,4
img_00000042,images/img_00000042.jpeg,01_kaggle_weapon,kaggle,81a63895319f9599680c8dc3f5e98dd15b292126893123abac48e6b2df7673fd,weapon,reviewed,,Lello,2026-04-22T08:49:39+00:00,4
img_00000044,images/img_00000044.jpeg,01_kaggle_weapon,kaggle,1ee955e9abb3442b27430a0f9853938280a08eb2c894e8bbd5da0f2cb454b50e,weapon,reviewed,,Lello,2026-04-22T08:49:41+00:00,4
img_00000125,images/img_00000125.jpeg,01_kaggle_weapon,kaggle,9638d90292eb092489fcb52a31f7391b602a4878ad2a0878a993d0e353e37931,weapon,reviewed,,Lello,2026-04-22T08:50:40+00:00,4
img_00000126,images/img_00000126.jpeg,01_kaggle_weapon,kaggle,fe973ca118e8e33758a29d64cb0d2e46356feca802b397b36d3a19c133fc495f,weapon,reviewed,,Lello,2026-04-22T08:50:41+00:00,4
img_00000127,images/img_00000127.jpeg,01_kaggle_weapon,kaggle,63a005592372def7414adc83bae1de11ac530fabf8be9e9d3b9b2b7dc1351306,weapon,reviewed,,Lello,2026-04-22T08:50:43+00:00,4
img_00000128,images/img_00000128.png,01_kaggle_weapon,kaggle,f021bcb3e39fdedbd2212ba38b68d7b36f38a88e5f7555e86ec2a2a49ad20084,weapon,reviewed,,Lello,2026-04-22T08:50:44+00:00,4
img_00000129,images/img_00000129.jpeg,01_kaggle_weapon,kaggle,6912da70b94387fc65665d272daf2a12272c3dbd2045a3994ee18686bc046879,weapon,reviewed,,Lello,2026-04-22T08:50:46+00:00,4
img_00000130,images/img_00000130.jpeg,01_kaggle_weapon,kaggle,0db44874ae62c532c231ba1d82b8117d2701561b824facc3d310fbf657e18bb3,weapon,reviewed,,Lello,2026-04-22T08:50:49+00:00,4
img_00000131,images/img_00000131.jpeg,01_kaggle_weapon,kaggle,fd099285453b789e059e6a26def826b5ee0acda60e621d6dbad985e54e61a098,weapon,reviewed,,Lello,2026-04-22T08:50:51+00:00,4
img_00000132,images/img_00000132.jpeg,01_kaggle_weapon,kaggle,84105c4775264d85305fe251b87407f4349a9586fa87bb1d72b1075bc0717314,weapon,reviewed,,Lello,2026-04-22T08:50:54+00:00,4
img_00000133,images/img_00000133.jpeg,01_kaggle_weapon,kaggle,e4320d322b310c716d2886b88ad19ef2783b95ab996b046b9e6afae72b931620,weapon,reviewed,,Lello,2026-04-22T08:50:56+00:00,4
img_00000134,images/img_00000134.jpeg,01_kaggle_weapon,kaggle,e609aee0aafbdb3af75cbda5fd32b06fa7c75189b26f57120d9d7a3f10dc8fc5,weapon,reviewed,,Lello,2026-04-22T08:50:57+00:00,4
img_00000135,images/img_00000135.jpeg,01_kaggle_weapon,kaggle,ad459a143250dbebfe9d2be907db3938b9a90c9cb869750b3ef85fdbd642fb7b,weapon,reviewed,,Lello,2026-04-22T08:50:59+00:00,4
img_00000136,images/img_00000136.jpeg,01_kaggle_weapon,kaggle,6935212f247479338ab542412da10d41196b6e5e1f3d2636338f3b1071e8cedf,weapon,reviewed,,Lello,2026-04-22T08:51:02+00:00,4
img_00000137,images/img_00000137.jpeg,01_kaggle_weapon,kaggle,a067e1901e7313cd6da70b97b1b62e8b07525d7855e11bf106e50e412d81ae08,weapon,reviewed,,Lello,2026-04-22T08:51:04+00:00,4
img_00000138,images/img_00000138.jpeg,01_kaggle_weapon,kaggle,5fbf5041006905c153d52f7fa8bad0438930867fa221ab1c61e086f86cdd20f9,weapon,reviewed,,Lello,2026-04-22T08:51:06+00:00,4
img_00000139,images/img_00000139.jpeg,01_kaggle_weapon,kaggle,33c069e03fdcecc4628be28b3317b0da9aafbf010980633a8489781741809c52,weapon,reviewed,,Lello,2026-04-22T08:51:08+00:00,4
img_00000141,images/img_00000141.png,01_kaggle_weapon,kaggle,85ef98c9a91829adf033e7627ecc3b896abd218cfd4d37a01bf53819d8ffae04,weapon,reviewed,,Lello,2026-04-22T08:51:11+00:00,4
img_00000142,images/img_00000142.jpeg,01_kaggle_weapon,kaggle,94de9b5b16a79843641571a3ef8e14836b5fa2d2ee21657fcff3c2cbddfc901c,weapon,reviewed,,Lello,2026-04-22T08:51:12+00:00,4
img_00000143,images/img_00000143.jpeg,01_kaggle_weapon,kaggle,165a322d3865296d214562a6a3425ac873b843c1aa7b6e7764aa08678ac6b862,weapon,reviewed,,Lello,2026-04-22T08:51:14+00:00,4
img_00000144,images/img_00000144.jpeg,01_kaggle_weapon,kaggle,3791ef269518187993b2487000d4edbfe1a1746568d3ba1f813a955b4c95fb18,weapon,reviewed,,Lello,2026-04-22T08:51:15+00:00,4
img_00000145,images/img_00000145.jpeg,01_kaggle_weapon,kaggle,c82e8dc9fd181021c6438dc38f2bca814dfe0dfd16a0e367adf64931fedb91ff,weapon,reviewed,,Lello,2026-04-22T08:51:17+00:00,4
img_00000146,images/img_00000146.jpeg,01_kaggle_weapon,kaggle,b01896e9e8a7e97f37f7710155eb534be78971e619aacab83970108b4a5abf10,weapon,reviewed,,Lello,2026-04-22T08:51:18+00:00,4
img_00000147,images/img_00000147.jpeg,01_kaggle_weapon,kaggle,9ad9aa84ff3fa884dbd4328ea64aceb4a49af88e0f75185c57993b7af5468466,weapon,reviewed,,Lello,2026-04-22T08:51:20+00:00,4
img_00000148,images/img_00000148.jpeg,01_kaggle_weapon,kaggle,f1486d51407b5248f3fbcfcf7ec09721bb0125d5f7269ddddcf5787e9acb2734,weapon,reviewed,,Lello,2026-04-22T08:51:21+00:00,4
img_00000149,images/img_00000149.jpeg,01_kaggle_weapon,kaggle,e3ec341f5d9062c8a04bbdafc7b37f49b8d1289271c19fc9618b6f6c43e2efe8,weapon,reviewed,,Lello,2026-04-22T08:51:22+00:00,4
img_00000150,images/img_00000150.jpeg,01_kaggle_weapon,kaggle,1bd3cf87a1178c3f3405487230e7ccedd92a0af10a98e9514c50df2cee600e22,weapon,reviewed,,Lello,2026-04-22T08:51:24+00:00,4
img_00000151,images/img_00000151.jpeg,01_kaggle_weapon,kaggle,1c3e30c8653d7c107c3dc00637ef84ef700e6b5981fd10f0403f1b46196e9ba6,weapon,reviewed,,Lello,2026-04-22T08:51:26+00:00,4
img_00000152,images/img_00000152.jpeg,01_kaggle_weapon,kaggle,60cbcdc8d9e7ea0545651d6b56bec84adfc4e28709b33f08bb1f5bd1020c9725,weapon,reviewed,,Lello,2026-04-22T08:51:27+00:00,4
img_00000153,images/img_00000153.png,01_kaggle_weapon,kaggle,0b22b9f6c8ea9dde8bfc39aabd1fb13d238aa1ae13452a73c1b80e29fd9cb8e4,weapon,reviewed,,Lello,2026-04-22T08:51:29+00:00,4
img_00000154,images/img_00000154.jpeg,01_kaggle_weapon,kaggle,514aee12c1f504518fc12d5774e1b3fc6e7565b15d7670642e3394f6e4dd7bde,weapon,reviewed,,Lello,2026-04-22T08:51:30+00:00,4
img_00000155,images/img_00000155.jpeg,01_kaggle_weapon,kaggle,faea579ddcba65c2d327aec667f2f9c14d8b50e4ffe4fabace1bb9f01d62a2fd,weapon,reviewed,,Lello,2026-04-22T08:51:32+00:00,4
img_00000156,images/img_00000156.jpeg,01_kaggle_weapon,kaggle,c331fbcbc63b354172bfc6977741240f8f0d61bd6e8c2917c00b3fbddf9a4c56,weapon,reviewed,,Lello,2026-04-22T08:51:33+00:00,4
img_00000157,images/img_00000157.jpeg,01_kaggle_weapon,kaggle,40de046c486cd629e4e4f4c068ba0fc990819778b0755d4ffd089da19891e854,weapon,reviewed,,Lello,2026-04-22T08:51:35+00:00,4
img_00000158,images/img_00000158.jpeg,01_kaggle_weapon,kaggle,e4f20f6be1aaf17d588c04fdb455e4c46c59f12bac798257d39bbb0c01b4fba9,weapon,reviewed,,Lello,2026-04-22T08:51:37+00:00,4
img_00000159,images/img_00000159.jpeg,01_kaggle_weapon,kaggle,0e1f75723decd3a587ae34be218a2396b5d7ff48d52a94c1a084edac890361df,weapon,reviewed,,Lello,2026-04-22T08:51:39+00:00,4
img_00000160,images/img_00000160.png,01_kaggle_weapon,kaggle,f5d312d7dcec328e43ca9fe258559a2f527f7fae15fad3b296e7064348de74c6,weapon,reviewed,,Lello,2026-04-22T08:51:41+00:00,4
img_00000161,images/img_00000161.jpeg,01_kaggle_weapon,kaggle,1cfb2d5bca4b2a0f041ddae5a0798a3611da19d6237e94d451f0301d8782fd5a,weapon,reviewed,,Lello,2026-04-22T08:51:43+00:00,4
img_00000162,images/img_00000162.jpeg,01_kaggle_weapon,kaggle,352cb9360f7b36a08854bcacebc292b257330183c54a120da674b72ce71f1618,weapon,reviewed,,Lello,2026-04-22T08:51:44+00:00,4
img_00000163,images/img_00000163.jpeg,01_kaggle_weapon,kaggle,e97a4ad59f9f63dbd298b909d5aa5b7f27d738015018e970524ab7863d1c41e7,weapon,reviewed,,Lello,2026-04-22T08:51:48+00:00,4
img_00000165,images/img_00000165.jpeg,01_kaggle_weapon,kaggle,a1e2784acafcd3b0a823c320e51f404bc0ccda123e31953a0a9f8bc75aea9b1a,weapon,reviewed,,Lello,2026-04-22T08:51:55+00:00,4
img_00000166,images/img_00000166.jpeg,01_kaggle_weapon,kaggle,26596381c8b153d9f8fddc69d6441a854b8b358520371de5100ea501e164fda7,weapon,reviewed,,Lello,2026-04-22T08:51:58+00:00,4
img_00000167,images/img_00000167.jpeg,01_kaggle_weapon,kaggle,ded4cf0a2889a1e7a0ddf8c2136d8facebf9958cd39695e7475886161ca1ee48,weapon,reviewed,,Lello,2026-04-22T08:52:00+00:00,4
img_00000168,images/img_00000168.jpeg,01_kaggle_weapon,kaggle,948b21d06f447cf3b824ac0335e16b5ae96588b64bb9b5ff5116a161961e5cb7,weapon,reviewed,,Lello,2026-04-22T08:52:01+00:00,4
img_00000169,images/img_00000169.jpeg,01_kaggle_weapon,kaggle,83b245081858ffb88f14254705fd0744ec4a39e5712ec7600cbc1e9d43d438d9,weapon,reviewed,,Lello,2026-04-22T08:52:03+00:00,4
img_00000218,images/img_00000218.jpeg,01_kaggle_weapon,kaggle,829e75fa3f72a157c21917cd5c2f7ec5c0f1e83a36f1c9814ce1314d1d0aeee0,weapon,reviewed,,Lello,2026-04-22T09:00:38+00:00,4
img_00000219,images/img_00000219.jpeg,01_kaggle_weapon,kaggle,dbec6e62b1978891632993a467937cdc9a59e08567fd037c1ade97d30d98aa4e,weapon,reviewed,,Lello,2026-04-22T09:00:39+00:00,4
img_00000220,images/img_00000220.jpeg,01_kaggle_weapon,kaggle,6350710988c99f6128f8b05a90112d24e46172a2a897c2e925745906dc8dc050,weapon,reviewed,,Lello,2026-04-22T09:00:41+00:00,4
img_00000221,images/img_00000221.png,01_kaggle_weapon,kaggle,a3e1916dd7ec12fad6bd6fd094327dab663f4105183b86c96ba91e14d8003c12,weapon,reviewed,,Lello,2026-04-22T09:00:42+00:00,4
img_00000222,images/img_00000222.jpeg,01_kaggle_weapon,kaggle,cb3e8760a649d57266baaf33606a2b264857bc107acdee7bfc83520b7beec5b3,weapon,reviewed,,Lello,2026-04-22T09:00:44+00:00,4
img_00000223,images/img_00000223.png,01_kaggle_weapon,kaggle,00bc1c9fabb12d6a32959bd57a58a283cbf4416329abc29cf2a7d284077d310e,weapon,reviewed,,Lello,2026-04-22T09:00:46+00:00,4
img_00000225,images/img_00000225.jpeg,01_kaggle_weapon,kaggle,6f71ab535b8ebf9fc9f67aca862bad05944c7102d2fc982b32d8d549618e4c61,weapon,reviewed,,Lello,2026-04-22T09:00:49+00:00,4
img_00000226,images/img_00000226.jpeg,01_kaggle_weapon,kaggle,11a1e29931a3851efdce39815edb024f3870681cfad77410a882141aa0fb66af,weapon,reviewed,,Lello,2026-04-22T09:00:50+00:00,4
img_00000229,images/img_00000229.jpeg,01_kaggle_weapon,kaggle,fca34242b5dfe05e598f17dfad24e642e8448ec8aaf67395080d820c88090512,weapon,reviewed,,Lello,2026-04-22T09:00:52+00:00,4
img_00000230,images/img_00000230.png,01_kaggle_weapon,kaggle,ebb07eb4f0a7c398919fc492005fc3ecf831a822408a9f15de7e8c4cab88fd93,weapon,reviewed,,Lello,2026-04-22T09:00:54+00:00,4
img_00000231,images/img_00000231.jpeg,01_kaggle_weapon,kaggle,3ee76c6db83f669036ead39c858c042217d65e046251187616c399b4f4f88d71,weapon,reviewed,,Lello,2026-04-22T09:00:55+00:00,4
img_00000232,images/img_00000232.jpeg,01_kaggle_weapon,kaggle,a8f65a11db3bea7acbc1f70954de12716bdce3d50b86541f0011b50c641941cb,weapon,reviewed,,Lello,2026-04-22T09:00:59+00:00,4
img_00000233,images/img_00000233.jpeg,01_kaggle_weapon,kaggle,bbaded0037fd0ec0972b6fe5ecfab27a5f26ede6c1417bf02b9a14d73a3f0b84,weapon,reviewed,,Lello,2026-04-22T09:01:01+00:00,4
img_00000234,images/img_00000234.jpeg,01_kaggle_weapon,kaggle,633846f757b634766416f062ebf63babe2547d516c0f0835f2f31c950b93dd01,weapon,reviewed,,Lello,2026-04-22T09:01:03+00:00,4
img_00000235,images/img_00000235.jpeg,01_kaggle_weapon,kaggle,ce417b1fe908213a08484cc21fc0664c4feeb595ca059849c83a7181be94f4d9,weapon,reviewed,,Lello,2026-04-22T09:01:08+00:00,4
img_00000236,images/img_00000236.png,01_kaggle_weapon,kaggle,98249d5b5069c4f713a355a43aee2750f5665da11c606d66f10c052d28d42452,weapon,reviewed,,Lello,2026-04-22T09:01:10+00:00,4
img_00000238,images/img_00000238.jpeg,01_kaggle_weapon,kaggle,deaaf37f7823897f7f994e88e2f8ec55f5fdde7e6d8dcae67cb85552a2481801,weapon,reviewed,,Lello,2026-04-22T09:01:15+00:00,4
img_00000239,images/img_00000239.jpeg,01_kaggle_weapon,kaggle,496c58b5c820b2f7f41ebc45f1d4d2facf794f44c49d675399ed0f0da1c197e5,weapon,reviewed,,Lello,2026-04-22T09:01:16+00:00,4
img_00000240,images/img_00000240.jpeg,01_kaggle_weapon,kaggle,751894f8a94e64bbab15e3bcc23b185c10bdc4ee965323d701d7aa188b1fc388,weapon,reviewed,,Lello,2026-04-22T09:01:18+00:00,4
img_00000241,images/img_00000241.jpeg,01_kaggle_weapon,kaggle,71a4e97a114da0d1af98aec2e188c949d94c2714ef5d5bfa13fa35e02f6a2bbe,weapon,reviewed,,Lello,2026-04-22T09:01:20+00:00,4
img_00000247,images/img_00000247.png,01_kaggle_weapon,kaggle,8765f25d7d48dc8c09cfff4561998a92cf384b61340c6e14cf88bc0c2fad7b83,weapon,reviewed,,Lello,2026-04-22T09:01:24+00:00,4
img_00000272,images/img_00000272.jpeg,01_kaggle_weapon,kaggle,96c403b8e43152f11ae630f4bab16512519e6b0c84103945815855362c2407b6,weapon,reviewed,,Lello,2026-04-22T09:07:26+00:00,4
img_00000273,images/img_00000273.jpeg,01_kaggle_weapon,kaggle,e2af1a2f8c96c980dd420a0c3a9e981da025df5a7ae5cd7668c1f8d4a609314d,weapon,reviewed,,Lello,2026-04-22T09:07:29+00:00,4
img_00000288,images/img_00000288.png,01_kaggle_weapon,kaggle,8cf01cfa71fdb00a678d6d7004690e3701dde86fef2711fd00bb091ede59d694,weapon,reviewed,,Lello,2026-04-22T09:07:37+00:00,4
img_00000293,images/img_00000293.jpeg,01_kaggle_weapon,kaggle,da990903eccc877c80b1e07b1561ecf014701fe9d6f7a5a91308664deb85d3b6,weapon,reviewed,,Lello,2026-04-22T09:07:40+00:00,4
img_00000299,images/img_00000299.jpeg,01_kaggle_weapon,kaggle,15c4e03e8977e4af19b60ef9193c64a894fc69087b9242f1373ffee55ddd7b3b,weapon,reviewed,,Lello,2026-04-22T09:07:45+00:00,4
img_00000307,images/img_00000307.jpeg,01_kaggle_weapon,kaggle,bc1a2c6380fa99c983dad529ebbfb3700172f9f905f45321f0e17720996959e7,weapon,reviewed,,Lello,2026-04-22T09:07:47+00:00,4
img_00000314,images/img_00000314.jpeg,01_kaggle_weapon,kaggle,52d6d33d022adae9edfe4609ea397da947776c49af9344dad749d91c0834c247,weapon,reviewed,,Lello,2026-04-22T09:07:58+00:00,4
img_00000315,images/img_00000315.jpeg,01_kaggle_weapon,kaggle,11827b5fa86aa3c64fe28fb5677b759b014100a03e1f88b224364248975f4bdf,weapon,reviewed,,Lello,2026-04-22T09:07:57+00:00,4
img_00000324,images/img_00000324.jpeg,01_kaggle_weapon,kaggle,ce7c04050e2b91e68d3c6c6a917115ad776f4af2c46aefe0fcb1f23ae3e58fc2,weapon,reviewed,,Lello,2026-04-22T09:08:08+00:00,4
img_00000325,images/img_00000325.jpeg,01_kaggle_weapon,kaggle,15f7f374bd5d6fe1c7af06acabf4e45e3fc195d4600fd7a3db5bff6dd0784982,weapon,reviewed,,Lello,2026-04-22T09:01:45+00:00,4
img_00000327,images/img_00000327.jpeg,01_kaggle_weapon,kaggle,f504972e4cf3e08e91c08fc1ede257879161ee06d706a99fc9c73da915ca5ad7,weapon,reviewed,,Lello,2026-04-22T09:01:42+00:00,4
img_00000336,images/img_00000336.jpeg,01_kaggle_weapon,kaggle,1823069f12ae25d3d1b799b01ec36810f73974299d14111673a105ade8d41aa8,weapon,reviewed,,Lello,2026-04-22T09:08:12+00:00,4
img_00000352,images/img_00000352.jpeg,01_kaggle_weapon,kaggle,44c53e0b31021936482ff984c31342c9fd13e089de76f7b4262f3f6f8682c34a,weapon,reviewed,,Lello,2026-04-22T09:02:01+00:00,4
img_00000353,images/img_00000353.png,01_kaggle_weapon,kaggle,046328b966140a1d0caae07152dcfadd0fead71e18e83248d191c44de62ed8c0,weapon,reviewed,,Lello,2026-04-22T09:02:03+00:00,4
img_00000354,images/img_00000354.jpeg,01_kaggle_weapon,kaggle,a403578886120c5e10a5353086337d1e71ccf3bbe22f82961790f2af96f9ee3f,weapon,reviewed,,Lello,2026-04-22T09:01:59+00:00,4
img_00000464,images/img_00000464.jpg,02_deepfirearm,deepfirearm,b7c2e9e221ddf29841c4310a78097497f5e9bcd146b82f9516674f080c866841,weapon,reviewed,,Lello,2026-04-22T09:13:13+00:00,5
img_00000465,images/img_00000465.jpg,02_deepfirearm,deepfirearm,9114f32a61d39e3babcffc3bccdd40d5094f080b7b8d1ea4781bd8a12b78466b,weapon,reviewed,,Lello,2026-04-22T09:13:15+00:00,5
img_00000466,images/img_00000466.jpg,02_deepfirearm,deepfirearm,85e0e5c4ae60a0b3c54b9f937c07662b7944b2664b798150410428ce7b3b3ae5,weapon,reviewed,,Lello,2026-04-22T09:13:17+00:00,5
img_00000467,images/img_00000467.jpg,02_deepfirearm,deepfirearm,8a4e003685f43434c485c954b5e4caeae9b8c6ff7d50267452425e47faf30e2c,weapon,reviewed,,Lello,2026-04-22T09:13:18+00:00,5
img_00000468,images/img_00000468.jpg,02_deepfirearm,deepfirearm,91d0261b3afbbff7ec237b32202de316b5df85bf736a0a8941bac49f4e5ee308,weapon,reviewed,,Lello,2026-04-22T09:13:20+00:00,5
img_00000469,images/img_00000469.jpg,02_deepfirearm,deepfirearm,66210ca20cd9f999668a8f5ed61ed959c247ab31ac1dd5c0a4e2655a51aa06a6,weapon,reviewed,,Lello,2026-04-22T09:13:02+00:00,5
img_00000471,images/img_00000471.jpg,02_deepfirearm,deepfirearm,b5e7218e3f65233030f8ef85acf335bf7cda212c00ed1555714eaa70a5ac3d33,weapon,reviewed,,Lello,2026-04-22T09:13:22+00:00,5
img_00000472,images/img_00000472.jpg,02_deepfirearm,deepfirearm,76c01f64484bb21a582ed2204b680f14933105672cab383a9cc17182e6617bd1,weapon,reviewed,,Lello,2026-04-22T09:13:23+00:00,5
img_00000473,images/img_00000473.jpg,02_deepfirearm,deepfirearm,041a382f9c283278e61df1936bc67a0a412a7913a4588f38b8f84a3889358adb,weapon,reviewed,,Lello,2026-04-22T09:13:24+00:00,5
img_00000474,images/img_00000474.jpg,02_deepfirearm,deepfirearm,b29c6fc232c948418364f9c1c7bf0eb9666cb1cd0af8984931116fbfcfd1d97d,weapon,reviewed,,Lello,2026-04-22T09:13:25+00:00,5
img_00000475,images/img_00000475.jpg,02_deepfirearm,deepfirearm,9fc70f6e74e672bbb21fe6cea0822e62e81e2eaa5b9e320947bb0767ddeed2c9,weapon,reviewed,,Lello,2026-04-22T09:13:27+00:00,5
img_00000476,images/img_00000476.jpg,02_deepfirearm,deepfirearm,34616fd56a708a77803cf57f48c7a2b44d25b4b0f620423914ada96c3a41ba9a,weapon,reviewed,,Lello,2026-04-22T09:13:28+00:00,5
img_00000477,images/img_00000477.jpg,02_deepfirearm,deepfirearm,9c800564499292fda0d37a25bffb0cc9daeb693543f9f62fc42689a132906a47,weapon,reviewed,,Lello,2026-04-22T09:13:29+00:00,5
img_00000478,images/img_00000478.jpg,02_deepfirearm,deepfirearm,3486ca40a9fb736697adad42f7ca7efebd1003f7ae2debb58ea7b5596367f8c7,weapon,reviewed,,Lello,2026-04-22T09:13:31+00:00,5
img_00000479,images/img_00000479.jpg,02_deepfirearm,deepfirearm,f747b4cf0f846dd7479cb3cdca7223f15c64634d429b0d07f59d07af54e5f39c,weapon,reviewed,,Lello,2026-04-22T09:13:32+00:00,5
img_00000480,images/img_00000480.jpg,02_deepfirearm,deepfirearm,d4a7d87113910a22c43778086eae0c4b030598dc803bc84b62feabe3611ba2b3,weapon,reviewed,,Lello,2026-04-22T09:13:33+00:00,5
img_00000481,images/img_00000481.jpg,02_deepfirearm,deepfirearm,cd00d3e2dceb9d4def121b54b1bc5b0aaba7a534921c06a61c1b665fcad99f11,weapon,reviewed,,Lello,2026-04-22T09:13:35+00:00,5
img_00000482,images/img_00000482.jpg,02_deepfirearm,deepfirearm,cd9e1efda56d7c122f60a155ee7a4d7ffa6c039703335bd88e38b5b5ce4235e1,weapon,reviewed,,Lello,2026-04-22T09:13:36+00:00,5
img_00000483,images/img_00000483.jpg,02_deepfirearm,deepfirearm,b5154d7cab5994337a1f02afb8dde14970560f9bfabea1f369ded061b129f7fc,weapon,reviewed,,Lello,2026-04-22T09:13:38+00:00,5
img_00000484,images/img_00000484.jpg,02_deepfirearm,deepfirearm,d6deb6edaac66ecc121a44ffa066552514b69168fed7d3cd04e1a6247f1615a1,weapon,reviewed,,Lello,2026-04-22T09:13:40+00:00,5
img_00000485,images/img_00000485.jpg,02_deepfirearm,deepfirearm,26191063174d6a7cb53ace7b49c1b6a75a00a902e7dfed3ebfd2191ee05ef32c,weapon,reviewed,,Lello,2026-04-22T09:13:41+00:00,5
img_00000486,images/img_00000486.jpg,02_deepfirearm,deepfirearm,7bac5836f5be7bd22d44b3794316038f46168ed268269cea05c9128087b6949d,weapon,reviewed,,Lello,2026-04-22T09:13:43+00:00,5
img_00000487,images/img_00000487.jpg,02_deepfirearm,deepfirearm,ec95fa034155ca5f84dcd24db90ab30e4ca8b14804b4e16fd7f460ff41c163a2,weapon,reviewed,,Lello,2026-04-22T09:13:45+00:00,5
img_00000528,images/img_00000528.jpg,02_deepfirearm,deepfirearm,db3f1db008fa2637a13e6f72b58ada82583a03f3e96d42fc73977ef6089e5c94,weapon,reviewed,,Lello,2026-04-22T09:13:54+00:00,5
img_00000530,images/img_00000530.jpg,02_deepfirearm,deepfirearm,7bd5e2bb243e4e9741d836857437065c1dd4a0213adf3e154e94de2b13e1958e,weapon,reviewed,,Lello,2026-04-22T09:13:56+00:00,5
img_00000531,images/img_00000531.jpg,02_deepfirearm,deepfirearm,ac2029d0f417aff7a9842dea3620e78375c3350d785f1826b319cbf04e223e35,weapon,reviewed,,Lello,2026-04-22T09:13:57+00:00,5
img_00000532,images/img_00000532.jpg,02_deepfirearm,deepfirearm,5e9b3e9807d44007e144c2733fbcd7c8fc64abdbaf4fc144405a8535a0b7c211,weapon,reviewed,,Lello,2026-04-22T09:13:58+00:00,5
img_00000533,images/img_00000533.jpg,02_deepfirearm,deepfirearm,1e2bb575911bf3c4154ffd8198b40d8a2d6cd28a101a400193ee165477a76964,weapon,reviewed,,Lello,2026-04-22T09:14:00+00:00,5
img_00000534,images/img_00000534.jpg,02_deepfirearm,deepfirearm,e8775c1b8b27bb7de276fa889ac1f356ed62a89b59a00a281f318e3e407ac5ee,weapon,reviewed,,Lello,2026-04-22T09:14:01+00:00,5
img_00000535,images/img_00000535.jpg,02_deepfirearm,deepfirearm,c95681d75557072d864bdf84c90c449d83e3e28dc655db550a660ce18e0180b1,weapon,reviewed,,Lello,2026-04-22T09:14:03+00:00,5
img_00000566,images/img_00000566.jpg,02_deepfirearm,deepfirearm,cc809eb94f213247fdc69f0eea0ae0851b0848fc9da98cf6f1ad1474590b079e,weapon,reviewed,,Lello,2026-04-22T09:14:08+00:00,5
img_00000567,images/img_00000567.jpg,02_deepfirearm,deepfirearm,1273f815ab9efeea9d8c41dac9d2f9de071e5a094c9df8009f0b9645a7ce34a2,weapon,reviewed,,Lello,2026-04-22T09:14:10+00:00,5
img_00000568,images/img_00000568.jpg,02_deepfirearm,deepfirearm,a27f6f690323dca928dbacbe69a49fd853f755c839f826cc19459cbf2f3ab1f7,weapon,reviewed,,Lello,2026-04-22T09:14:11+00:00,5
img_00000569,images/img_00000569.jpg,02_deepfirearm,deepfirearm,792e19f357f96531fa6e331a27a6f2b2fc0c403debd54bcadf041c1f80aaa3ad,weapon,reviewed,,Lello,2026-04-22T09:14:13+00:00,5
img_00000570,images/img_00000570.jpg,02_deepfirearm,deepfirearm,cedb3ec5554c6f21afe8bd6cf6d09c933397acb201367083e1b90688ddd3bd7e,weapon,reviewed,,Lello,2026-04-22T09:14:14+00:00,5
img_00000601,images/img_00000601.jpg,02_deepfirearm,deepfirearm,4c540d528209e07453747dc4af74be13d2c91925dec92cff784f3f4c8113bafe,weapon,reviewed,,Lello,2026-04-22T09:14:19+00:00,5
img_00000602,images/img_00000602.jpg,02_deepfirearm,deepfirearm,7356874bbbd543f46c431ab0245e4832fc6ca5b1780a0331c4167b9aa28e2691,weapon,reviewed,,Lello,2026-04-22T09:14:21+00:00,5
img_00000603,images/img_00000603.jpg,02_deepfirearm,deepfirearm,22a41f152e583f50ee655c7af605407ea78cab3bf658c031735f3d88fb38ccbb,weapon,reviewed,,Lello,2026-04-22T09:14:22+00:00,5
img_00000604,images/img_00000604.jpg,02_deepfirearm,deepfirearm,c9f07f3b670cb546adc577f7311f9012350b03196bcf079ac690bb1fe48d0f87,weapon,reviewed,,Lello,2026-04-22T09:14:24+00:00,5
img_00000605,images/img_00000605.jpg,02_deepfirearm,deepfirearm,8372fa6f67f79b47ff2a5407b9adcf685b9aaec0ab32ba7a9ead55c22684c30a,weapon,reviewed,,Lello,2026-04-22T09:14:25+00:00,5
img_00000646,images/img_00000646.jpg,02_deepfirearm,deepfirearm,81fbdac4f88fe5e0052599a2ad67370e54ef0d34cf54b8a94da40b0443bb58c9,weapon,reviewed,,Lello,2026-04-22T09:14:34+00:00,5
img_00000647,images/img_00000647.jpg,02_deepfirearm,deepfirearm,a08274a020a007cf75c2cda796693039804c4713c83558619c74c71b70e0c0cd,weapon,reviewed,,Lello,2026-04-22T09:14:35+00:00,5
img_00000648,images/img_00000648.jpg,02_deepfirearm,deepfirearm,0e4e546acd21c1cceebfbf242fea839fc2a5309cb86c98c4e1ed8fa501355eeb,weapon,reviewed,,Lello,2026-04-22T09:14:37+00:00,5
img_00000649,images/img_00000649.jpg,02_deepfirearm,deepfirearm,c2064749de933aaa1bc2480a70e1b72be2599754e92ff0b203cdaa01c08bd0c8,weapon,reviewed,,Lello,2026-04-22T09:14:38+00:00,5
img_00000650,images/img_00000650.jpg,02_deepfirearm,deepfirearm,9d07d8fd57fe560be49fceb0f9ef0010d9d53052ec780fab1fc944f6ad6f7b7a,weapon,reviewed,,Lello,2026-04-22T09:14:40+00:00,5
img_00000687,images/img_00000687.jpg,02_deepfirearm,deepfirearm,da90b010e5545d6db013e0107154d8ba6e932efa02fed5bf3d049f2449a243d0,weapon,reviewed,,Lello,2026-04-22T09:14:48+00:00,5
img_00000692,images/img_00000692.jpg,02_deepfirearm,deepfirearm,45208b6bdeff3763d2d663cd30f1601172ed6d2beaab2c60df71ddc877aefcef,weapon,reviewed,,Lello,2026-04-22T09:14:52+00:00,5
img_00000693,images/img_00000693.jpg,02_deepfirearm,deepfirearm,424c0847e1706a05bb06599e984f12c6dcfed03f8a9ff16b432b7975cc233504,weapon,reviewed,,Lello,2026-04-22T09:14:54+00:00,5
img_00000694,images/img_00000694.jpg,02_deepfirearm,deepfirearm,0941feb290d3bd41a4f5416a147a0859b590fed1616c34814f34418df40d2cb2,weapon,reviewed,,Lello,2026-04-22T09:14:56+00:00,5
img_00000695,images/img_00000695.jpg,02_deepfirearm,deepfirearm,0b1b960f90b738ccf2bfab237ab55ba0a9a15aef56ed938a7af0893110ce967f,weapon,reviewed,,Lello,2026-04-22T09:14:57+00:00,5
img_00000727,images/img_00000727.jpg,02_deepfirearm,deepfirearm,9bce1f510afdcd3a612fa47f821020cd9668ae4ad7894f672b27d8b1e9b28907,weapon,reviewed,,Lello,2026-04-22T09:15:05+00:00,5
img_00000728,images/img_00000728.jpg,02_deepfirearm,deepfirearm,fa24be71202410f4fdb79f075c3443344f1951187f4cfb944dd4ce88ea65f1ba,weapon,reviewed,,Lello,2026-04-22T09:15:06+00:00,5
img_00000729,images/img_00000729.jpg,02_deepfirearm,deepfirearm,cc31a9a0143cf7680659433eb3f2f1b123deb2ab8729959477eeebde4a81b6b1,weapon,reviewed,,Lello,2026-04-22T09:15:07+00:00,5
img_00000730,images/img_00000730.jpg,02_deepfirearm,deepfirearm,301b9a103dc3fd6e19208216c4a7721f53f099542ffa7f9a0ae42f198e6947c0,weapon,reviewed,,Lello,2026-04-22T09:15:09+00:00,5
img_00000731,images/img_00000731.jpg,02_deepfirearm,deepfirearm,7dedbc30eb59cc2bf2930d19940d4f0a5be45e39ee600cae966f06d110fff9a6,weapon,reviewed,,Lello,2026-04-22T09:15:10+00:00,5
img_00000792,images/img_00000792.jpg,02_deepfirearm,deepfirearm,cb5a86dae5fe0f9e067286c5863c5374f592c81526014eb171ccc32ba946e5a3,weapon,reviewed,,Lello,2026-04-22T09:15:20+00:00,5
img_00000803,images/img_00000803.jpg,02_deepfirearm,deepfirearm,7141a81e2e879ac3a072234d3df3d1295b57d28c699ec58b486facdfb5aa622a,weapon,reviewed,,Lello,2026-04-22T09:15:23+00:00,5
img_00000814,images/img_00000814.jpg,02_deepfirearm,deepfirearm,2dddb568e6bae7817b8c4d7f35067ff91720d16f2f3aee8a0d4732b7e960af7d,weapon,reviewed,,Lello,2026-04-22T09:15:26+00:00,5
img_00000815,images/img_00000815.jpg,02_deepfirearm,deepfirearm,ec367c703ea946b1b1053db38ddbe0a57e9359a5d7ec06267799e312cfd0ba06,weapon,reviewed,,Lello,2026-04-22T09:15:27+00:00,5
img_00000816,images/img_00000816.jpg,02_deepfirearm,deepfirearm,68bb98a9484942d089865d8b06e9fb2debbf3776dc877059230f2c883903fedf,weapon,reviewed,,Lello,2026-04-22T09:15:28+00:00,5
img_00000837,images/img_00000837.jpg,02_deepfirearm,deepfirearm,73745737c25d1fb159fe5f79d26979baeaca4a88befc66cb38b67576ca56e81e,weapon,reviewed,,Lello,2026-04-22T09:15:33+00:00,5
img_00000838,images/img_00000838.jpg,02_deepfirearm,deepfirearm,0b110c143264aa99ba2c6da7867ce8dc44ac015433fcab7ad361be22871b353f,weapon,reviewed,,Lello,2026-04-22T09:15:34+00:00,5
img_00000839,images/img_00000839.jpg,02_deepfirearm,deepfirearm,ec4165704034b52c29a81826682fdcb2f982804ef3c2c3cfd4be9ddc3eaca6dd,weapon,reviewed,,Lello,2026-04-22T09:15:36+00:00,5
img_00000840,images/img_00000840.jpg,02_deepfirearm,deepfirearm,e036acc79813589b59e5fc9d78eb2a866b40dcdf17c37361e282ef7e2635f0ef,weapon,reviewed,,Lello,2026-04-22T09:15:38+00:00,5
img_00000841,images/img_00000841.jpg,02_deepfirearm,deepfirearm,5d09c6023af9f70230b453f68f5a28c4afa4fd42c74027791d3d19ab03caa086,weapon,reviewed,,Lello,2026-04-22T09:15:40+00:00,5
img_00001132,images/img_00001132.jpg,02_deepfirearm,deepfirearm,030f5fd7af7660c8dec6810c1b6eac3a3ce86713b2fa31047824c2f76d2be1f7,weapon,reviewed,,Lello,2026-04-22T09:16:31+00:00,5
img_00001143,images/img_00001143.jpg,02_deepfirearm,deepfirearm,e523e9a71f745ad3b918a133ad0b82727481816f686e9a53c9a89fede83fa76f,weapon,reviewed,,Lello,2026-04-22T09:16:35+00:00,5
img_00001144,images/img_00001144.jpg,02_deepfirearm,deepfirearm,30a1951817405d218e720a248e567c4d465ee06c495b8aba3244f559643c8824,weapon,reviewed,,Lello,2026-04-22T09:16:37+00:00,5
img_00001523,images/img_00001523.jpg,02_deepfirearm,deepfirearm,cc40120d7c1003208c463a805801e8f505a7d4492dbe46ddade31fb999a8ee7f,weapon,reviewed,,Lello,2026-04-22T09:21:33+00:00,5
img_00001524,images/img_00001524.jpg,02_deepfirearm,deepfirearm,feda94a6f414329e1e7c6bb8eac4384b70411d31d30f8af4191d55535485b958,weapon,reviewed,,Lello,2026-04-22T09:21:35+00:00,5
img_00001525,images/img_00001525.jpg,02_deepfirearm,deepfirearm,ab30fc855215d62e09a92e49ea1fb08cf108500d92cdd2b0af7c07283efb516a,weapon,reviewed,,Lello,2026-04-22T09:21:37+00:00,5
img_00003524,images/img_00003524.jpg,02_deepfirearm,deepfirearm,969e91856eba4e5a175401ac906de0731438023ebc1c8169c7c6210b26cb9140,weapon,reviewed,,Lello,2026-04-22T09:22:05+00:00,5
img_00003526,images/img_00003526.jpg,02_deepfirearm,deepfirearm,26ec1f3287cf0fa2b5bd25b42ee954d6df0d40d62bff2c0fc32a41403eb878b5,weapon,reviewed,,Lello,2026-04-22T09:22:06+00:00,5
img_00003527,images/img_00003527.jpg,02_deepfirearm,deepfirearm,6c1f76df14c33f947749aed07c6afd06da91f6f6fd16dff95d464dc5eb454ab7,weapon,reviewed,,Lello,2026-04-22T09:22:08+00:00,5
img_00003529,images/img_00003529.jpg,02_deepfirearm,deepfirearm,28bbf5f3e62e219db4c7a94321eda3dbc8b6662455de25b74910d46f0bc6d0c6,weapon,reviewed,,Lello,2026-04-22T09:22:10+00:00,5
img_00004530,images/img_00004530.jpg,02_deepfirearm,deepfirearm,adcb9559bf385571430f7eb1d8e7b73c8541eb3ae2cfe2076dddf4f07519c6d1,weapon,reviewed,,Lello,2026-04-22T09:22:22+00:00,5
img_00004531,images/img_00004531.jpg,02_deepfirearm,deepfirearm,48bbb60c00e00027c391c9865f203eb019ce76e6ac15ba3a7fc073aaa17a714e,weapon,reviewed,,Lello,2026-04-22T09:22:24+00:00,5
img_00004532,images/img_00004532.jpg,02_deepfirearm,deepfirearm,5f6966e087de06382b2ba7c69649c95f1d4308114f78e23829cc2c2bb5e3ffbd,weapon,reviewed,,Lello,2026-04-22T09:22:25+00:00,5
img_00004533,images/img_00004533.jpg,02_deepfirearm,deepfirearm,44087012c11a29462fceaee3d347d16ce75b038d0c1bb6fb971ab7214a550066,weapon,reviewed,,Lello,2026-04-22T09:22:27+00:00,5
img_00004534,images/img_00004534.jpg,02_deepfirearm,deepfirearm,c12482821dd2aaad91bf17f33800f793fd599595c599343a0bfb7a8e150a6805,weapon,reviewed,,Lello,2026-04-22T09:22:28+00:00,5
img_00008533,images/img_00008533.jpg,02_deepfirearm,deepfirearm,79d7c23fba17058bd1c427c59fce2e594eb673002876916ebdf0f6bec20bc128,weapon,reviewed,,Lello,2026-04-22T09:23:40+00:00,5
img_00008534,images/img_00008534.jpg,02_deepfirearm,deepfirearm,3c127b406e1d4e5d02148cbf444c95c3a56a44d2b9909565f1256cb7794e5d6c,weapon,reviewed,,Lello,2026-04-22T09:23:38+00:00,5
img_00008535,images/img_00008535.jpg,02_deepfirearm,deepfirearm,5a27ed12ffbe7b13731d2f2e18b15506fe8dfacccf4a89beed61881962c98122,weapon,reviewed,,Lello,2026-04-22T09:23:36+00:00,5
img_00008536,images/img_00008536.jpg,02_deepfirearm,deepfirearm,85b9c6b99fbf91cc7a532e452a7803f5145e03a34a876ab48d271b0c91997e5f,weapon,reviewed,,Lello,2026-04-22T09:23:37+00:00,5
img_00008542,images/img_00008542.jpg,02_deepfirearm,deepfirearm,45579bd8aa1598b83c18fa4078cdcf71aca2d5185cb1727ced3dde166fa81791,weapon,reviewed,,Lello,2026-04-22T09:23:41+00:00,5
img_00009539,images/img_00009539.jpg,02_deepfirearm,deepfirearm,8908769a1994b31df13f4a7c02388cbea8c56342b05ece0cc444563aa3d1bab1,weapon,reviewed,,Lello,2026-04-22T09:23:50+00:00,5
img_00009540,images/img_00009540.jpg,02_deepfirearm,deepfirearm,31024cb227fbacee6446e65ae3f3c1e0601ff2bee3e17e7755b7c5edbdfb230b,weapon,reviewed,,Lello,2026-04-22T09:23:52+00:00,5
img_00009542,images/img_00009542.jpg,02_deepfirearm,deepfirearm,8898dfb1e29fd2e83a821dd05b5811e6a537cdd2e96a9eb760a099e88f362ab2,weapon,reviewed,,Lello,2026-04-22T09:23:56+00:00,5
img_00009546,images/img_00009546.jpg,02_deepfirearm,deepfirearm,7958b31781c2fce05af79a6a1ac5e387b33ca5209f7ecb29e26159a5053cde25,weapon,reviewed,,Lello,2026-04-22T09:23:53+00:00,5
img_00009550,images/img_00009550.jpg,02_deepfirearm,deepfirearm,0a8e05599cc6d12d6d8213550453f1dfe164feb2f4e538811690f95ce18996d6,weapon,reviewed,,Lello,2026-04-22T09:23:57+00:00,5
img_00010544,images/img_00010544.jpg,02_deepfirearm,deepfirearm,7d09a178d07067000edada6560d9d7e277a58dadd3188689470541809cf2d27d,weapon,reviewed,,Lello,2026-04-22T09:24:07+00:00,5
img_00010546,images/img_00010546.jpg,02_deepfirearm,deepfirearm,783b1e9c0bc36d6ebed6d8dfd6c3f0d350c76d128c2a601f225e4fff4042329c,weapon,reviewed,,Lello,2026-04-22T09:24:05+00:00,5
img_00010547,images/img_00010547.jpg,02_deepfirearm,deepfirearm,1472f967a0041cafdb71e97ceacf7fdd7a8e0c9526b83c58321563421b308521,weapon,reviewed,,Lello,2026-04-22T09:24:12+00:00,5
img_00010548,images/img_00010548.jpg,02_deepfirearm,deepfirearm,2e09b752cfd7bb85772be78f3e8df64ed2225d6abc180360f8741934df81bc3d,weapon,reviewed,,Lello,2026-04-22T09:24:10+00:00,5
img_00010550,images/img_00010550.jpg,02_deepfirearm,deepfirearm,cf3b78a34b7bc4bd2012a82ee754ab2429227d43cb89d95ed8fd3b990f7676f7,weapon,reviewed,,Lello,2026-04-22T09:24:09+00:00,5
img_00010551,images/img_00010551.jpg,02_deepfirearm,deepfirearm,fc4c92dc3a9a81b896c88b5038a01632210edccf34bffdd565f9fa783df86be4,weapon,reviewed,,Lello,2026-04-22T09:24:08+00:00,5
img_00010556,images/img_00010556.jpg,02_deepfirearm,deepfirearm,be94d2c01091b56b9577e04433edf9f91bee61b7b1376d9ba3032973ba9e8c4f,weapon,reviewed,,Lello,2026-04-22T09:24:11+00:00,5
img_00011551,images/img_00011551.jpg,02_deepfirearm,deepfirearm,0c5d7fab3fdb403c53556221cff8e4feb91239592f11f22bdeca819f61e23aa5,weapon,reviewed,,Lello,2026-04-22T09:24:21+00:00,5
img_00011553,images/img_00011553.jpg,02_deepfirearm,deepfirearm,c25ce78eee975c4f976b254c8089930109ab94d509723c334c6e52d839969c72,weapon,reviewed,,Lello,2026-04-22T09:24:23+00:00,5
img_00011557,images/img_00011557.jpg,02_deepfirearm,deepfirearm,38d00ba41327b9cbad7eadbedd8e0be775f02b2817079276657957ba9b9e0802,weapon,reviewed,,Lello,2026-04-22T09:24:22+00:00,5
img_00012629,images/img_00012629.jpg,03_google_scraped,google,bb061123949d8d51ce1a4f199d0d46175863bd6b70397340c7ff5ffe63d54067,weapon,reviewed,,Lello,2026-04-22T09:25:11+00:00,3
img_00012630,images/img_00012630.jpg,03_google_scraped,google,a8cc7824de91cb946de1ff1c76b82081d42564ca5b6d655aa365b02f5a42abb8,weapon,reviewed,,Lello,2026-04-22T09:25:08+00:00,3
img_00012634,images/img_00012634.jpg,03_google_scraped,google,351a53f1caccbe9c9ab503338331f05e154e22f23ce734c19732353ac5316f42,weapon,reviewed,,Lello,2026-04-22T09:25:32+00:00,3
img_00012639,images/img_00012639.jpg,03_google_scraped,google,8a2fda9023cbf4e85fdc00bd9e581784f27b86cb3ca504baae0b204397b67e71,weapon,reviewed,,Lello,2026-04-22T09:25:34+00:00,3
img_00012640,images/img_00012640.jpg,03_google_scraped,google,d801f0666151c98f81f52fa542560ce5f40f5332ebfa711204c9d36a745a5032,weapon,reviewed,,Lello,2026-04-22T09:25:36+00:00,3
img_00012653,images/img_00012653.jpg,03_google_scraped,google,dadca2ffaadeb13d33b31bdc43e75cc7f54ddeae80bb9e674269a5aac9aa1625,weapon,reviewed,,Lello,2026-04-22T09:25:44+00:00,3
img_00012660,images/img_00012660.jpg,03_google_scraped,google,fc80d9ab5745e9e1d071d2cca23c0de647b0d2851346463e2f542c6aa4172d0f,weapon,reviewed,,Lello,2026-04-22T09:25:56+00:00,3
img_00012665,images/img_00012665.jpg,03_google_scraped,google,3789ad430bdd66a05fed20da84bea6cb2743b0fdbcdc21db68bd42c9fc6b75d4,weapon,reviewed,,Lello,2026-04-22T09:25:54+00:00,3
img_00012675,images/img_00012675.jpg,03_google_scraped,google,30a0ad85dbc7dfa0b0c699ecbfc2e9f743554b82447d99583bff3cf1d4c82bce,weapon,reviewed,,Lello,2026-04-22T09:26:18+00:00,3
img_00012676,images/img_00012676.jpg,03_google_scraped,google,803464134a26402ca424e4db81c1229afe90c06fe952583524879c995dff8294,weapon,reviewed,,Lello,2026-04-22T09:26:03+00:00,3
img_00012677,images/img_00012677.png,03_google_scraped,google,584350afd25adce0c1be1b490efaa91c2d2ab8eff7f3b41a204b847f47de3ab2,weapon,reviewed,,Lello,2026-04-22T09:26:07+00:00,3
img_00012678,images/img_00012678.jpg,03_google_scraped,google,c6de0cc419f5154e2ab0717b61cb7a9314ba9f402cfd87878938eb3c76c049a9,weapon,reviewed,,Lello,2026-04-22T09:26:05+00:00,3
img_00012679,images/img_00012679.jpg,03_google_scraped,google,5f5ac2e7deb957eb0be22430d9560d90349d0a10924b5ec8f06d5960e94b2c80,weapon,reviewed,,Lello,2026-04-22T09:26:16+00:00,3
img_00012682,images/img_00012682.jpg,03_google_scraped,google,d9b1b91768f8cf06315033c64381d88355fceefcb0e7ab4c29741359880d47ff,weapon,reviewed,,Lello,2026-04-22T09:26:20+00:00,3
img_00012683,images/img_00012683.jpg,03_google_scraped,google,37b6fd05072d421ce8134834c0740e57e83756fc5741d9a24194c3e96f9f69a3,weapon,reviewed,,Lello,2026-04-22T09:26:22+00:00,3
img_00012684,images/img_00012684.jpg,03_google_scraped,google,a5db7c4e7bfb832708c7256e10da8934cd17bd3258570bff4e55708222e127e0,weapon,reviewed,,Lello,2026-04-22T09:26:25+00:00,3
img_00012685,images/img_00012685.jpg,03_google_scraped,google,eb647a915afe07e9805df473f2e78e59b0299f4af847163c2d70e5b1bf42bb04,weapon,reviewed,,Lello,2026-04-22T09:26:27+00:00,3
img_00012686,images/img_00012686.jpg,03_google_scraped,google,c7fbe61821d006584c7f698c2689955bf16484c9d2875aff2fa5149a944e093f,weapon,reviewed,,Lello,2026-04-22T09:26:29+00:00,3
img_00012688,images/img_00012688.jpg,03_google_scraped,google,12019a2829f8db2755154647fbfeeab975e07694359eadd7ec21022dbce6ebc6,weapon,reviewed,,Lello,2026-04-22T09:26:32+00:00,3
img_00012689,images/img_00012689.jpg,03_google_scraped,google,10f7992fa692e3c82fa1f5ab14ab8c98774c5c83a3ac6fd8083f5797319e84aa,weapon,reviewed,,Lello,2026-04-22T09:26:35+00:00,3
img_00012691,images/img_00012691.jpg,03_google_scraped,google,3e63dce8ba25bfbebf24fb4c5b9cdf3bdac75a6e7ff39ff8561072460550f206,weapon,reviewed,,Lello,2026-04-22T09:26:39+00:00,3
img_00012693,images/img_00012693.jpg,03_google_scraped,google,b3f31d9217e67724cd40294d48ce588f1f76211e04a6998007d9cbf8c77ec0e5,weapon,reviewed,,Lello,2026-04-22T09:27:20+00:00,3
img_00012698,images/img_00012698.png,03_google_scraped,google,7bfa1492bc7916d770075adf3d9ed56beeea7832189b5cf57177d055844c9679,weapon,reviewed,,Lello,2026-04-22T09:26:45+00:00,3
img_00012699,images/img_00012699.jpg,03_google_scraped,google,4db66c7b101ef0072f120ca9d047a649cee601b4aa7d3ae7034daced070bd922,weapon,reviewed,,Lello,2026-04-22T09:26:47+00:00,3
img_00012700,images/img_00012700.jpg,03_google_scraped,google,ac3b369fd937b03034be09cc7694c50967836448e3efeca59f4d39bf9d20c1f6,weapon,reviewed,,Lello,2026-04-22T09:26:48+00:00,3
img_00012707,images/img_00012707.jpg,03_google_scraped,google,e9ab9cd455ef055ef035947b2b3bf1a3ca23ef6fe1201e11608694f0cf3bbf61,weapon,reviewed,,Lello,2026-04-22T09:27:08+00:00,3
img_00012716,images/img_00012716.jpg,03_google_scraped,google,61db5e3633af9e85bb9a8c843e6b8ffbef7a9fcca832063a5f01cbc691ab1f5e,weapon,reviewed,,Lello,2026-04-22T09:27:29+00:00,3
img_00012721,images/img_00012721.jpg,03_google_scraped,google,0eeaba943122848cef664c681c80b9e8e6725b815dfb3d1cc68d6e985f24496a,weapon,reviewed,,Lello,2026-04-22T09:27:28+00:00,3
img_00012722,images/img_00012722.jpg,03_google_scraped,google,7d12fb229c5bba6d6f9d373c611299b45b580333b3992e048841fa960923828e,weapon,reviewed,,Lello,2026-04-22T09:27:31+00:00,3
img_00012723,images/img_00012723.jpg,03_google_scraped,google,ad07271644b13892c365440b1d3e5a3305b4d295e33cb32d60bf884b08fe5e98,weapon,reviewed,,Lello,2026-04-22T09:27:33+00:00,3
img_00012724,images/img_00012724.jpg,03_google_scraped,google,0a9d9126119ea80919cd1e3a86386ed7e76f7d72a144e1a1059e2b03028b0ea2,weapon,reviewed,,Lello,2026-04-22T09:27:34+00:00,3
img_00012726,images/img_00012726.jpg,03_google_scraped,google,868c789c2072e52e0cc03e92f2dac316161fddc8ae23ef7522244d7abbf29b2f,weapon,reviewed,,Lello,2026-04-22T09:27:37+00:00,3
img_00012733,images/img_00012733.jpg,03_google_scraped,google,6c7885f1e335a2a2a55bd09b169f0c5704ab933d58896087caa8ad289270b6fb,weapon,reviewed,,Lello,2026-04-22T09:27:46+00:00,3
img_00012734,images/img_00012734.jpg,03_google_scraped,google,3ae487c2f207073f604d9e8505767a7601416d39268b56db48a00021c5941714,weapon,reviewed,,Lello,2026-04-22T09:27:47+00:00,3
img_00012736,images/img_00012736.png,03_google_scraped,google,d9e0c31fc118b8f517feb488e4eadb5d8f691fc62c6a21ee64f18cf69097d3dd,weapon,reviewed,,Lello,2026-04-22T09:27:50+00:00,3
img_00012741,images/img_00012741.png,03_google_scraped,google,67d82f296bc58a5de50ae1151f5179549a7e93e1ac1d0937afcb9236db04c87f,weapon,reviewed,,Lello,2026-04-22T09:27:59+00:00,3
img_00012742,images/img_00012742.jpg,03_google_scraped,google,9be68b053f30850a76d2061e616dd74b0882c93ef0aae9f8df3667ba91c39f30,weapon,reviewed,,Lello,2026-04-22T09:28:02+00:00,3
img_00012743,images/img_00012743.jpg,03_google_scraped,google,4404de9e01ada3e9c815c520f447a78f232a8de731e6206fd76b95e3163b42c4,weapon,reviewed,,Lello,2026-04-22T09:28:05+00:00,3
img_00012744,images/img_00012744.jpg,03_google_scraped,google,20ed3b7a9222df901095ea55c8b2f85f526e7ee3c00a49dab57efd6c28347c5b,weapon,reviewed,,Lello,2026-04-22T09:28:07+00:00,3
img_00012745,images/img_00012745.jpg,03_google_scraped,google,1bc0b6721ce995356eb22b00b44f8c0d058e828987f5f703037cc1570913b296,weapon,reviewed,,Lello,2026-04-22T09:28:09+00:00,3
img_00012746,images/img_00012746.jpg,03_google_scraped,google,35ca99e2489670be3477816c4ec9c17561701047612d0f5dfddb3179a4a26ab5,weapon,reviewed,,Lello,2026-04-22T09:28:11+00:00,3
img_00012747,images/img_00012747.jpg,03_google_scraped,google,edd6979e1d82d0711bc88d9ba500dce1350c13da5d150fce9f5385e9e388f4e9,weapon,reviewed,,Lello,2026-04-22T09:28:12+00:00,3
img_00012748,images/img_00012748.jpg,03_google_scraped,google,84e96066f58f6b4080ca2981697f5759ac1809db6ad88405807763dd73295156,weapon,reviewed,,Lello,2026-04-22T09:28:14+00:00,3
img_00012749,images/img_00012749.jpg,03_google_scraped,google,18ddb904342f722068ccd52e26b22902ec297a77b901e5a634f8ed967e009660,weapon,reviewed,,Lello,2026-04-22T09:28:15+00:00,3
img_00012750,images/img_00012750.jpg,03_google_scraped,google,8cb596855643555c7063e27df9789b13dca33e66b90b5931dbfb75ca4a52a8c0,weapon,reviewed,,Lello,2026-04-22T09:28:16+00:00,3
img_00012751,images/img_00012751.jpg,03_google_scraped,google,80ab6d3bc54935ac6b94254f60670bd8f61b3fbe7cf466ca93e81f1c26b7ab91,weapon,reviewed,,Lello,2026-04-22T09:28:18+00:00,3
img_00012752,images/img_00012752.jpg,03_google_scraped,google,7c3e1b9daae64538b147bd9d05a80559e58be682c4ef2729a1a4a9863314ba83,weapon,reviewed,,Lello,2026-04-22T09:28:20+00:00,3
img_00012753,images/img_00012753.jpg,03_google_scraped,google,9e7c6b5042560b89d84e425db2c41b959f1fa3b0056364b0ec6be2cd7d1306e5,weapon,reviewed,,Lello,2026-04-22T09:28:22+00:00,3
img_00012754,images/img_00012754.jpg,03_google_scraped,google,b44f22d26d71e4cc87dda3a65d65df4135bc083694c1c5a914e254da9c190cb6,weapon,reviewed,,Lello,2026-04-22T09:28:23+00:00,3
img_00012755,images/img_00012755.jpg,03_google_scraped,google,97d6b7d5528ceaa413ab0192f6786d999085a603c54c45919f2cb7de74cda07f,weapon,reviewed,,Lello,2026-04-22T09:28:25+00:00,3
img_00012756,images/img_00012756.jpg,03_google_scraped,google,27769ba64d117d96e15016345a4521c283c027853616aea0f876c2a931c2eed4,weapon,reviewed,,Lello,2026-04-22T09:28:27+00:00,3
img_00012757,images/img_00012757.jpg,03_google_scraped,google,b276e5eca8713a03cf77434acc18bca30a1d2aab6b5e57a7dde8bfc6ceb26668,weapon,reviewed,,Lello,2026-04-22T09:28:29+00:00,3
img_00012758,images/img_00012758.jpg,03_google_scraped,google,1a02812f927be1e3f86e4f2abaf39a2713ce234808911dfc22e5dc4b2dd0269e,weapon,reviewed,,Lello,2026-04-22T09:28:31+00:00,3
img_00012777,images/img_00012777.jpg,03_google_scraped,google,dfcf386d6a7b7aa9a88e3a3b479b3df7132ad731f58aa09049fe68200569a392,weapon,reviewed,,Lello,2026-04-22T09:28:35+00:00,3
img_00012787,images/img_00012787.png,03_google_scraped,google,c87ad92348b7e43c42b12b71e5dc471bef0129667b8cc2bf2aca95729d8fc48a,weapon,reviewed,,Lello,2026-04-22T09:28:56+00:00,3
img_00012791,images/img_00012791.jpg,03_google_scraped,google,5a26422d96f86eece864fc040e91858015c5b89a1881748d38851393c2fdf1e2,weapon,reviewed,,Lello,2026-04-22T09:28:53+00:00,3
img_00012810,images/img_00012810.jpg,03_google_scraped,google,3df2cfade0e8f53bd1ec0733a9f3835213326a608b5cd9b7b8c2d89bd7a1fe44,weapon,reviewed,,Lello,2026-04-22T09:29:04+00:00,3
img_00012818,images/img_00012818.jpg,03_google_scraped,google,5173decfdde2ebb69ff85284920bfa3a55fc9eac42415b015cce71030206118d,weapon,reviewed,,Lello,2026-04-22T09:29:09+00:00,3
img_00012827,images/img_00012827.jpg,03_google_scraped,google,bf2496abe1532cca921c780670e9829c483810b5e12267110fcd0224cdc99a55,weapon,reviewed,,Lello,2026-04-22T09:29:14+00:00,3
img_00012879,images/img_00012879.jpg,03_google_scraped,google,7671f8c748ccaa5c7ec6dbbd31de4652547083d0978d8ced5224da884562ff48,weapon,reviewed,,Lello,2026-04-22T09:29:57+00:00,3
img_00012887,images/img_00012887.jpg,03_google_scraped,google,842dc475344854234c57db3195c2b5129ffaf9ad6ac58de343a610ac187dbd4b,weapon,reviewed,,Lello,2026-04-22T09:29:51+00:00,3
img_00012891,images/img_00012891.jpg,03_google_scraped,google,c1b455d38e0bf5a46258729ee99575d3818ff2c913ac0d9ee3e72070ef2997d8,weapon,reviewed,,Lello,2026-04-22T09:30:00+00:00,3
img_00012898,images/img_00012898.jpg,03_google_scraped,google,6ec29f353ebcb83a9eb8eec2122757066b9e6968d3e18cf0450f4e8969e4ac7b,weapon,reviewed,,Lello,2026-04-22T09:30:25+00:00,3
img_00012900,images/img_00012900.jpg,03_google_scraped,google,45968d589b0b8a145cf0f37768f475a7c19853fffd23a3ec0e182e56616b368b,weapon,reviewed,,Lello,2026-04-22T09:30:22+00:00,3
img_00012909,images/img_00012909.jpg,03_google_scraped,google,393a6ca248b654392937f2413de070ecc6319b989e5aa500385194ec07cd732c,weapon,reviewed,,Lello,2026-04-22T09:30:48+00:00,3
img_00012914,images/img_00012914.jpg,03_google_scraped,google,0fe5f8dae684234ecef0d83bb3699ef82a0cd2397934861da10a583c044c5164,weapon,reviewed,,Lello,2026-04-22T09:30:43+00:00,3
img_00012917,images/img_00012917.jpg,03_google_scraped,google,a89c181ea95b9b668bdbda26518cf9cbf6ae837c1bbf6d2ede292c414a247694,weapon,reviewed,,Lello,2026-04-22T09:30:46+00:00,3
img_00012918,images/img_00012918.jpg,03_google_scraped,google,ad441d74fc170c04c14ac596922500f2bada0c41534ee5b05c686d559edceb53,weapon,reviewed,,Lello,2026-04-22T09:30:51+00:00,3
img_00012921,images/img_00012921.jpg,03_google_scraped,google,23a9d2f515a6567f6993801c707482765f535f70299e2a5821a1fbd071fdf262,weapon,reviewed,,Lello,2026-04-22T09:30:54+00:00,3
img_00012940,images/img_00012940.jpg,03_google_scraped,google,acb1d6fb77d016ce3f35997de5907be12f73acb685a0737f75cd64a1d393ea94,weapon,reviewed,,Lello,2026-04-22T09:31:29+00:00,3
img_00012941,images/img_00012941.jpg,03_google_scraped,google,7010e8a185a14d665f73b73427c5fc1638b1c07d5c174c779ed40531da5dde56,weapon,reviewed,,Lello,2026-04-22T09:31:17+00:00,3
img_00012950,images/img_00012950.jpg,03_google_scraped,google,df61c1e258dbbbd7389654b9d83e5699d436327ecdaa891447349b4f7dbbc046,weapon,reviewed,,Lello,2026-04-22T09:31:40+00:00,3
img_00012951,images/img_00012951.jpg,03_google_scraped,google,9cc55a84a481727e25bbb1bf1a0e7e14bc82184d83394eac28bc3eadfe34f7f6,weapon,reviewed,,Lello,2026-04-22T09:31:45+00:00,3
img_00012952,images/img_00012952.jpg,03_google_scraped,google,350f9263fdf69784cde491faf3f5042824345331ea3a22fda4839596497ca6b0,weapon,reviewed,,Lello,2026-04-22T09:31:42+00:00,3
img_00012953,images/img_00012953.jpg,03_google_scraped,google,a46d7fd9a6d5a4021126493da396a2503cf20d7d8cf3edae42db23a885ffe7be,weapon,reviewed,,Lello,2026-04-22T09:31:51+00:00,3
img_00012954,images/img_00012954.jpg,03_google_scraped,google,45d48ec52c437f0d27bc46d3fabb15bc8f08c8f51807e4ac3f7db93c0f8f988b,weapon,reviewed,,Lello,2026-04-22T09:31:47+00:00,3
img_00012955,images/img_00012955.jpg,03_google_scraped,google,0c63c3de223a957d9117752f67f33105f4b01989504692a0161857980e454aa7,weapon,reviewed,,Lello,2026-04-22T09:31:49+00:00,3
img_00012963,images/img_00012963.jpg,03_google_scraped,google,6624a9d1a26e2de934d5a484300ea086f1321a1b3b98d1549a290867528799a3,weapon,reviewed,,Lello,2026-04-22T09:31:54+00:00,3
img_00012965,images/img_00012965.jpg,03_google_scraped,google,de0f5115bec0a14204d3c10e5cfd9165eee62b42862804cb0ff6b8f6ce11fe0b,weapon,reviewed,,Lello,2026-04-22T09:31:56+00:00,3
img_00012967,images/img_00012967.jpg,03_google_scraped,google,866fab7641ea4019b92d525ccc4baee0c8c843cfbdead1746b547681dc38210f,weapon,reviewed,,Lello,2026-04-22T09:32:01+00:00,3
img_00012972,images/img_00012972.jpg,03_google_scraped,google,c1e45e97e75ae69e2ef03aedae91b2efc187ff3cc33b613a599ee66d6ca45772,weapon,reviewed,,Lello,2026-04-22T09:32:08+00:00,3
img_00012974,images/img_00012974.png,03_google_scraped,google,77cb5d7d1c99348dadf0b9870dfc07a47572e27f6571e4fdb9f054bdc150f9ca,weapon,reviewed,,Lello,2026-04-22T09:32:06+00:00,3
img_00012981,images/img_00012981.jpg,03_google_scraped,google,082d8f8bdcdc38820cf67028102f41675fceabd414710bde3f2e4e741c09ff5c,weapon,reviewed,,Lello,2026-04-22T09:32:21+00:00,3
img_00012982,images/img_00012982.jpg,03_google_scraped,google,e0b112960f463417b47edec80d5ff8f61d0b820cd1dcd17130b8dd29c4e33349,weapon,reviewed,,Lello,2026-04-22T09:32:18+00:00,3
img_00012989,images/img_00012989.jpg,03_google_scraped,google,30b0bbfcd74db7b1415efa1a0c05369948052caf6cec6386df538cf545c952a5,weapon,reviewed,,Lello,2026-04-22T09:32:13+00:00,3
img_00013012,images/img_00013012.jpg,03_google_scraped,google,d943503f8998d72689c18cf3d28b6cb8fd671dcc5ceb1186f51851197b5d858f,weapon,reviewed,,Lello,2026-04-22T09:32:34+00:00,3
img_00013014,images/img_00013014.jpg,03_google_scraped,google,dc7a7f665f46147cf4d9bf6ce755bc99742be3cfc43fa0e14252dd7719093964,weapon,reviewed,,Lello,2026-04-22T09:32:37+00:00,3
img_00013015,images/img_00013015.jpg,03_google_scraped,google,92c16d12f874259de7287fed18be47b0dbb4cf5341eccaabaeaf90c7f082ac64,weapon,reviewed,,Lello,2026-04-22T09:32:40+00:00,3
img_00013118,images/img_00013118.jpg,03_google_scraped,google,74cbf4d1e16089744b4add769592c505e84289aee5dcf43e26ba2df71bb76e9f,weapon,reviewed,,Lello,2026-04-22T09:33:08+00:00,3
img_00013119,images/img_00013119.jpg,03_google_scraped,google,58c230f3dc3add7a6c08dcca570f39ea849525b70827b9f0903fbb2c8cfd56b0,weapon,reviewed,,Lello,2026-04-22T09:33:10+00:00,3
img_00013123,images/img_00013123.jpg,03_google_scraped,google,9d59eae6c8bc601615befda4ebfca35372308c96df28f928df35521c04be5ace,weapon,reviewed,,Lello,2026-04-22T09:33:14+00:00,3
img_00013126,images/img_00013126.jpg,03_google_scraped,google,70e5f5b8830857c95fc1802b3fc625fa44dd76504f6e2cf75589f9815215991e,weapon,reviewed,,Lello,2026-04-22T09:33:12+00:00,3
img_00013130,images/img_00013130.jpg,03_google_scraped,google,1604c1e2096ad92d4aa57ad777b8ae7136924f3747fe52a923646286068f4f46,weapon,reviewed,,Lello,2026-04-22T09:33:16+00:00,3
img_00013132,images/img_00013132.jpg,03_google_scraped,google,f3ad3303a97b8f803955faa91742b600876ed62948a56516dfc3f249b61bc6b1,weapon,reviewed,,Lello,2026-04-22T09:33:21+00:00,3
img_00013133,images/img_00013133.jpg,03_google_scraped,google,680dc85319510f58bc1f806c4e8fe8f9fc66097ee9a3879ed7ec1174a6289f2a,weapon,reviewed,,Lello,2026-04-22T09:33:23+00:00,3
img_00013139,images/img_00013139.jpg,03_google_scraped,google,394e66f5152a855b34efea203b554a6c50b718d98e383288192f4ffa573beeb3,weapon,reviewed,,Lello,2026-04-22T09:33:33+00:00,3
img_00013140,images/img_00013140.jpg,03_google_scraped,google,eeec590e2ba7051c283f707e16739347c06d9860d7772e9a83d3451e8999f644,weapon,reviewed,,Lello,2026-04-22T09:33:19+00:00,3
img_00013142,images/img_00013142.jpg,03_google_scraped,google,a1cc487c5bc63421054f38b13be81f4e05f90062fe32a6d0144f58ffa072861d,weapon,reviewed,,Lello,2026-04-22T09:33:25+00:00,3
img_00013143,images/img_00013143.jpg,03_google_scraped,google,d9cdbfccf85624233bb4366eddac48215ea5fe0a40d04aa0c8887d1eb4e862c6,weapon,reviewed,,Lello,2026-04-22T09:33:28+00:00,3
img_00013144,images/img_00013144.jpg,03_google_scraped,google,747ade9701ac68d130009835a504d405377a2f5d1ce2f73f715667cb1107feee,weapon,reviewed,,Lello,2026-04-22T09:33:30+00:00,3
img_00013146,images/img_00013146.jpg,03_google_scraped,google,136c22bc8f0a0406e8cf665bd6f1fa7ee50d1b978697fd0934f111dec81c99e0,weapon,reviewed,,Lello,2026-04-22T09:33:35+00:00,3
