image_id,relative_path,source_dataset,source_group,sha256,final_label,review_state,review_notes,reviewer_id,review_timestamp,source_priority
img_00012872,images/img_00012872.jpg,03_google_scraped,google,7639ba10481f814742de7142bd8677cd7d3557e0175031766f063a39e9f39101,non_weapon,reviewed,,Lello,2026-04-22T09:35:52+00:00,3
img_00012881,images/img_00012881.jpg,03_google_scraped,google,5c737cf8f9b914adb67ff0198ba300bc18cd18da9d1b454924508178fa065dfc,non_weapon,reviewed,,Lello,2026-04-22T09:29:55+00:00,3
img_00012884,images/img_00012884.jpg,03_google_scraped,google,953b9d1d817b403d340cbfd61c803aa864aa58545f987a27c64cce91f9f0c59c,non_weapon,reviewed,,Lello,2026-04-22T09:29:46+00:00,3
img_00012885,images/img_00012885.jpg,03_google_scraped,google,6984a34eac1e7d1f7147b634af38fddb01d89236654e10630d8805956a8783f0,non_weapon,reviewed,,Lello,2026-04-22T09:36:08+00:00,3
img_00012897,images/img_00012897.jpg,03_google_scraped,google,4484f6a5a5f5e3250e0249922944adc1da8346ce7079e1de875535018271ae79,non_weapon,reviewed,,Lello,2026-04-22T09:30:17+00:00,3
img_00012902,images/img_00012902.jpg,03_google_scraped,google,417262b30be08f0c33e218b4ca98792fa37f86913369753bb43afb9ede93872b,non_weapon,reviewed,,Lello,2026-04-22T09:30:19+00:00,3
img_00012915,images/img_00012915.jpg,03_google_scraped,google,0376e7b85a55f27a1e7144b26607a7d888936b806ca01e642a7829a0f8118acf,non_weapon,reviewed,,Lello,2026-04-22T09:36:27+00:00,3
img_00012922,images/img_00012922.jpg,03_google_scraped,google,29495f52ef4c878c4974db2e904c89e3e1b2bf066c1d686f703973ab1362883f,non_weapon,reviewed,,Lello,2026-04-22T09:31:05+00:00,3
img_00012932,images/img_00012932.jpg,03_google_scraped,google,89c4783e4fd11c050ec215e4899a197e9205d4d09a0377527717eb4ba1fafa43,non_weapon,reviewed,,Lello,2026-04-22T09:31:10+00:00,3
img_00012935,images/img_00012935.jpg,03_google_scraped,google,f8612d8baf6af33bb18b5ee2e3a8f1c6aa7b52f73901f4831e59cf3213c0faf2,non_weapon,reviewed,,Lello,2026-04-22T09:31:24+00:00,3
img_00012936,images/img_00012936.jpg,03_google_scraped,google,36b767a59e74743568a98a476f1565340b249efe9016a0bd64514c15a4474f0d,non_weapon,reviewed,,Lello,2026-04-22T09:31:21+00:00,3
img_00012939,images/img_00012939.jpg,03_google_scraped,google,97a6a15fdf46c661552853446300053278fe00e3b0ab171872afea37af291a8c,non_weapon,reviewed,,Lello,2026-04-22T09:36:57+00:00,3
img_00012947,images/img_00012947.png,03_google_scraped,google,da67b02adfefd6eea52e1e0abe243acee991d93afeb15dd4e0fc90598e095f29,non_weapon,reviewed,,Lello,2026-04-22T09:36:50+00:00,3
img_00012948,images/img_00012948.jpg,03_google_scraped,google,d5995951b610a7195a562798fa38af1bb4b6099e4beb33795ed1d8005ad928a6,non_weapon,reviewed,,Lello,2026-04-22T09:31:33+00:00,3
img_00012949,images/img_00012949.jpg,03_google_scraped,google,dd5d0bd95657c2c79512a540e0e42cbbc234f693fa2b4465d36e7c7902f182d8,non_weapon,reviewed,,Lello,2026-04-22T09:36:55+00:00,3
img_00012970,images/img_00012970.jpg,03_google_scraped,google,ad1ee45ab5eab4350873501140c66d981ff3146140355b7af181bee4cdea985f,non_weapon,reviewed,,Lello,2026-04-22T09:37:08+00:00,3
img_00012987,images/img_00012987.jpg,03_google_scraped,google,41fa23586d3c691f61701ad6a3d30b6d4efc8acec1011366720e7533ee4f5c3d,non_weapon,reviewed,,Lello,2026-04-22T09:37:42+00:00,3
img_00012996,images/img_00012996.jpg,03_google_scraped,google,0dedc8ddebe72d72e963db75c250d9d44b596e9a105df1bb88e67753a45270f0,non_weapon,reviewed,,Lello,2026-04-22T09:37:39+00:00,3
img_00013080,images/img_00013080.jpg,03_google_scraped,google,6c1c5aa1e96d95ac4ed9bde22428cc7eb1fb0e837aae990fee5efeebac444f32,non_weapon,reviewed,,Lello,2026-04-22T09:38:20+00:00,3
img_00013086,images/img_00013086.jpg,03_google_scraped,google,3eedc6d4b9f9be3ce53a9a7ed5df444d963d62e771c677d30f0791252bf44fb8,non_weapon,reviewed,,Lello,2026-04-22T09:38:33+00:00,3
img_00013087,images/img_00013087.jpg,03_google_scraped,google,476d118e242cb3734d50a51cacd53ad6bae6d2c6d9f4e0cb035bc8deec296740,non_weapon,reviewed,,Lello,2026-04-22T09:38:35+00:00,3
img_00013088,images/img_00013088.jpg,03_google_scraped,google,ba628fd0953040e5c131844c8d0d95bde1cfe5ac0f91ffd3ecf5427b7e9dfbfd,non_weapon,reviewed,,Lello,2026-04-22T09:38:27+00:00,3
img_00013089,images/img_00013089.png,03_google_scraped,google,c8308ad89746328531b2bf0ddf9b672f5304c02a93dbd958b2cab0c3ece87d98,non_weapon,reviewed,,Lello,2026-04-22T09:38:29+00:00,3
img_00013098,images/img_00013098.jpg,03_google_scraped,google,3254c1867c966a96067e7049b3d7cdf4fc2e7d7a02126024a2940e2ac4cc29c3,non_weapon,reviewed,,Lello,2026-04-22T09:38:44+00:00,3
img_00013099,images/img_00013099.jpg,03_google_scraped,google,75ff6855efeb3f9cebcf35b8517e4508ca57cdee2289aaa08dc0bf4995547357,non_weapon,reviewed,,Lello,2026-04-22T09:38:42+00:00,3
img_00013102,images/img_00013102.jpg,03_google_scraped,google,a0b37e6407779e65acd8227da0e537a1fdea4d5a3cd72a095236e180adb29082,non_weapon,reviewed,,Lello,2026-04-22T09:47:38+00:00,3
img_00013108,images/img_00013108.jpg,03_google_scraped,google,3bb3e301000e525ce553213bc255d45d494c617dd78a7a0ef7027e903d81578d,non_weapon,reviewed,,Lello,2026-04-22T09:47:44+00:00,3
img_00013112,images/img_00013112.jpg,03_google_scraped,google,9b2e39b181b4697d3dd835625a99c58ddd7a5a09ac4859a547bc453a6957b3f1,non_weapon,reviewed,,Lello,2026-04-22T09:47:41+00:00,3
img_00013114,images/img_00013114.jpg,03_google_scraped,google,c5337d2f1ab404d3ec1de8e0a138d8c2af22982ef650a44abc31e09fd6c792ae,non_weapon,reviewed,,Lello,2026-04-22T09:47:49+00:00,3
img_00013353,images/img_00013353.jpg,03_google_scraped,google,1c3f6eb4217369b4724ae83782e816607b74305842ff415d6fc1edb3ac1c2945,non_weapon,reviewed,,Lello,2026-04-22T09:49:33+00:00,3
img_00013476,images/img_00013476.jpg,04_telegram_youtube,telegram_youtube,8cec8405a0ab898c5849f4b39b548adf229363e54d2427e241d9dd54fd60da0b,non_weapon,reviewed,,Lello,2026-04-22T09:54:34+00:00,1
img_00013477,images/img_00013477.jpg,04_telegram_youtube,telegram_youtube,dc56419d12774799e1db0374dd138d7109c9315f266bce7142d0db2bbb45b156,non_weapon,reviewed,,Lello,2026-04-22T09:54:36+00:00,1
img_00013492,images/img_00013492.jpg,04_telegram_youtube,telegram_youtube,005428ae51984f89b5ab317bfc0803a8890ff2cfbdc6567110e99e75f0d9815d,non_weapon,reviewed,,Lello,2026-04-22T09:55:42+00:00,1
img_00013494,images/img_00013494.jpg,04_telegram_youtube,telegram_youtube,65f9d5746f02cdca89e91ba2b5fe3eadeca3575e0375f25aad04cfc888ac31d0,non_weapon,reviewed,,Lello,2026-04-22T09:55:43+00:00,1
img_00013495,images/img_00013495.jpg,04_telegram_youtube,telegram_youtube,cb15ee1589d42247c35911ae203808925e6d9ce2947f45ddb4c643f6d40b6c0a,non_weapon,reviewed,,Lello,2026-04-22T09:55:45+00:00,1
img_00013497,images/img_00013497.jpg,04_telegram_youtube,telegram_youtube,6e117a30d128fc5a95b7527025ea1a39070aef05bdb32a51fabd589b6e244afc,non_weapon,reviewed,,Lello,2026-04-22T11:17:17+00:00,1
img_00013500,images/img_00013500.jpg,04_telegram_youtube,telegram_youtube,0c91d4d0f7b837fe3533c154f156376f6aa2c006c80aa20a78305025b1e64d3c,non_weapon,reviewed,,Lello,2026-04-22T09:55:55+00:00,1
img_00013505,images/img_00013505.jpg,04_telegram_youtube,telegram_youtube,d65c02746440bf439eaf4c0d40a2c731cee76987cdb0208542271a6b2ad07491,non_weapon,reviewed,,Lello,2026-04-22T11:17:25+00:00,1
img_00013506,images/img_00013506.jpg,04_telegram_youtube,telegram_youtube,7597bd1fa1c4d06fc36f5f4a3efc42011288d277eab6c1e92028cf6e21c34d1c,non_weapon,reviewed,,Lello,2026-04-22T11:17:27+00:00,1
img_00013518,images/img_00013518.jpg,04_telegram_youtube,telegram_youtube,cd8f900b9c77a5ad44ff88dc8f73d800370d19365023df441cad965c2fc924ef,non_weapon,reviewed,,Lello,2026-04-22T09:57:18+00:00,1
img_00013519,images/img_00013519.jpg,04_telegram_youtube,telegram_youtube,a75efbb5b12e4f9a9253fbe345aaeab20f2a669b19823a55b768fc39ae127e9a,non_weapon,reviewed,,Lello,2026-04-22T09:58:15+00:00,1
img_00013521,images/img_00013521.jpg,04_telegram_youtube,telegram_youtube,3e8c11fde73afe59acf299a2d1d7831343001eec6ec7fdb74868ce304554d863,non_weapon,reviewed,,Lello,2026-04-22T09:57:22+00:00,1
img_00013523,images/img_00013523.jpg,04_telegram_youtube,telegram_youtube,d71e5a9c85f2e75e17e3d0ead0270bb890d60cc9e8396ca08017b0159bff89c5,non_weapon,reviewed,,Lello,2026-04-22T09:57:25+00:00,1
img_00013524,images/img_00013524.jpg,04_telegram_youtube,telegram_youtube,8e9256f3638e7f031736fc949f442fdc31fddff92c22ee4b6be82281ec3fea0e,non_weapon,reviewed,,Lello,2026-04-22T09:57:27+00:00,1
img_00013551,images/img_00013551.jpg,04_telegram_youtube,telegram_youtube,42fce9f6607e9a408732f6139ff4ac752a0156edb8f5d40ce43f0d9fbc67c606,non_weapon,reviewed,,Lello,2026-04-22T09:58:17+00:00,1
img_00013556,images/img_00013556.jpg,04_telegram_youtube,telegram_youtube,db695e54ff740677d6c924f1e9bc4c5939e2f292205fc65fd9893c3dfa9dbc5a,non_weapon,reviewed,,Lello,2026-04-22T09:58:26+00:00,1
img_00013558,images/img_00013558.jpg,04_telegram_youtube,telegram_youtube,c68148d30b32490378d503eda965a5700f807e2b5e58a14392faa77213424d9a,non_weapon,reviewed,,Lello,2026-04-22T09:58:29+00:00,1
img_00013559,images/img_00013559.jpg,04_telegram_youtube,telegram_youtube,df290a5954444c3f70070f7a7ad59454913198bbe81153b779f6d9ccec9c1a51,non_weapon,reviewed,,Lello,2026-04-22T09:58:31+00:00,1
img_00013560,images/img_00013560.jpg,04_telegram_youtube,telegram_youtube,e6dccc3ab82d4514b080df331228d686d7caf1ef4cdf50693b6c8fa4ba7253e1,non_weapon,reviewed,,Lello,2026-04-22T09:58:32+00:00,1
img_00013561,images/img_00013561.jpg,04_telegram_youtube,telegram_youtube,be32286e48cd7ddbc9662721380a6687c54f7d647510c4ada3b704da710a0c79,non_weapon,reviewed,,Lello,2026-04-22T09:58:34+00:00,1
img_00013595,images/img_00013595.jpg,04_telegram_youtube,telegram_youtube,21d924e3d41e544e093bf1904138b748d416eaac12347d775b4632c250e1ca45,non_weapon,reviewed,,Lello,2026-04-22T09:59:28+00:00,1
img_00013600,images/img_00013600.jpg,04_telegram_youtube,telegram_youtube,9fc7cbd228b55c617b2ac00e28dff6f8caf621368a34a337656eb85a23e8e010,non_weapon,reviewed,,Lello,2026-04-22T09:59:36+00:00,1
img_00013613,images/img_00013613.jpg,04_telegram_youtube,telegram_youtube,33d26c69201fda9fd336f5e444070d53c4c6633be73cdce564cc9116099dbbfc,non_weapon,reviewed,,Lello,2026-04-22T09:59:57+00:00,1
img_00013614,images/img_00013614.jpg,04_telegram_youtube,telegram_youtube,37ada87f72c7005e37edd8ccb95d4dcbc2a55753f970ce68c96288cf360f8141,non_weapon,reviewed,,Lello,2026-04-22T10:00:09+00:00,1
img_00013615,images/img_00013615.jpg,04_telegram_youtube,telegram_youtube,67238c60be16c2a2b9c90564c27d9f4007de9abb030f2a7d1f601a45ba9b337c,non_weapon,reviewed,,Lello,2026-04-22T10:00:12+00:00,1
img_00013616,images/img_00013616.jpg,04_telegram_youtube,telegram_youtube,305e650fec941222bd775c322cf3e9ab346dffbe289611862fd8f958c9bc0287,non_weapon,reviewed,,Lello,2026-04-22T10:00:19+00:00,1
img_00013617,images/img_00013617.jpg,04_telegram_youtube,telegram_youtube,1f872da4d9f0a0bcac3dcf76ccfb61802872cd624fbc64251ab713339ebd0f95,non_weapon,reviewed,,Lello,2026-04-22T10:00:21+00:00,1
img_00013618,images/img_00013618.jpg,04_telegram_youtube,telegram_youtube,e45b9ed249f0332e096a7c626c18051a7f60db2f64df4221296275a9ed46ee0e,non_weapon,reviewed,,Lello,2026-04-22T10:00:23+00:00,1
img_00013650,images/img_00013650.jpg,04_telegram_youtube,telegram_youtube,c34a75346de0a56b0acd13069d9f457b1d43d300434c63bbe4019ca8c10c171c,non_weapon,reviewed,,Lello,2026-04-22T10:01:06+00:00,1
img_00013686,images/img_00013686.jpg,04_telegram_youtube,telegram_youtube,dcc26d9ace2a16760065e41057bfda8d7df48e70b83cf8a0c8d2ebb17c23c80a,non_weapon,reviewed,,Lello,2026-04-22T11:17:43+00:00,1
img_00013698,images/img_00013698.jpg,04_telegram_youtube,telegram_youtube,c2245322454f66acdf488ece6c213cbdd4178420baeccd25cc4d1e28791aa6cc,non_weapon,reviewed,,Lello,2026-04-22T10:01:28+00:00,1
img_00013700,images/img_00013700.jpg,04_telegram_youtube,telegram_youtube,13e29a887b3315c25ac2e6e47a90f8c307977b2c3116b2a511e0d167bb824b22,non_weapon,reviewed,,Lello,2026-04-22T10:01:32+00:00,1
img_00013753,images/img_00013753.jpg,04_telegram_youtube,telegram_youtube,85205a4684feb726ea4445fa7eea75144be2849c1c048f0c019dac61ddcc9117,non_weapon,reviewed,,Lello,2026-04-22T11:17:48+00:00,1
img_00013772,images/img_00013772.jpg,04_telegram_youtube,telegram_youtube,a91409184281e3624bb80a040df0e3c9bd8b80b051d59c8aa8f58468207e1ff0,non_weapon,reviewed,,Lello,2026-04-22T11:18:00+00:00,1
img_00013801,images/img_00013801.jpg,04_telegram_youtube,telegram_youtube,773fcf5b8af1e38492ef4500c870ff321f940c01c3bbb847aa17eaa7d7e53ad6,non_weapon,reviewed,,Lello,2026-04-22T10:04:27+00:00,1
img_00013803,images/img_00013803.jpg,04_telegram_youtube,telegram_youtube,150b4f40042904e82705494002aeca677b49b3d62a9342f9db1af27695f27da5,non_weapon,reviewed,,Lello,2026-04-22T11:18:10+00:00,1
img_00013804,images/img_00013804.jpg,04_telegram_youtube,telegram_youtube,98a5e6dae41208ded8f0d988163cf9abb7dce637630ad42140e18339a01cf2da,non_weapon,reviewed,,Lello,2026-04-22T10:04:50+00:00,1
img_00013806,images/img_00013806.jpg,04_telegram_youtube,telegram_youtube,4f18ee99cbbac8ae2dc920ffbcbf79e40d2ee84d02790ad4b6b59210834b8bc1,non_weapon,reviewed,,Lello,2026-04-22T11:18:18+00:00,1
img_00013836,images/img_00013836.jpg,04_telegram_youtube,telegram_youtube,33c8c29a2ca494205ceafd29e272409c6f1a662730443c6bf656c8ad05c59eff,non_weapon,reviewed,,Lello,2026-04-22T10:05:50+00:00,1
img_00013837,images/img_00013837.jpg,04_telegram_youtube,telegram_youtube,990288d34f7bb62dd59907cd3dec5ca43200399b16e8f353c5d1cbe2b5687466,non_weapon,reviewed,,Lello,2026-04-22T11:18:25+00:00,1
img_00013840,images/img_00013840.jpg,04_telegram_youtube,telegram_youtube,deb134a563cc631057b3fd40e7ccbdac0568cdf6114e900c5b335663c23bac4a,non_weapon,reviewed,,Lello,2026-04-22T10:06:12+00:00,1
img_00013866,images/img_00013866.jpg,04_telegram_youtube,telegram_youtube,6307601a2bed0d37e207ad4960126b1110a89c74a386b519f24ace3365925244,non_weapon,reviewed,,Lello,2026-04-22T11:18:35+00:00,1
img_00013869,images/img_00013869.jpg,04_telegram_youtube,telegram_youtube,1b3a7902f6f6f96e866ba4f81ef7f8cafb5191a187005bd17b0a6ec7aefc72fd,non_weapon,reviewed,,Lello,2026-04-22T10:06:19+00:00,1
img_00013870,images/img_00013870.jpg,04_telegram_youtube,telegram_youtube,c06cf9da5062ca7be1f40fe0d79bea3ef6e127ee4aa36286e00c85b5f9491f49,non_weapon,reviewed,,Lello,2026-04-22T10:06:23+00:00,1
img_00013938,images/img_00013938.jpg,04_telegram_youtube,telegram_youtube,17200d0923e2cdcdd56b2d9d8ad3323f31c6ab141812ad8912539cc3961947b8,non_weapon,reviewed,,Lello,2026-04-22T10:07:01+00:00,1
img_00013945,images/img_00013945.jpg,04_telegram_youtube,telegram_youtube,a3508cf321e9ce132de690e55f911e2a12961a40873f998e28b51a2532a56240,non_weapon,reviewed,,Lello,2026-04-22T10:07:06+00:00,1
img_00013969,images/img_00013969.jpg,04_telegram_youtube,telegram_youtube,c276737b7dea3d0bc86f694263c6c7bec864c34175a1bed853eca0d9f0c76b75,non_weapon,reviewed,,Lello,2026-04-22T10:07:19+00:00,1
img_00013973,images/img_00013973.jpg,04_telegram_youtube,telegram_youtube,0f960ef096c469c12374249ec55b2453d7270bbd2a0272d86445654e4b9918cb,non_weapon,reviewed,,Lello,2026-04-22T10:07:16+00:00,1
img_00013984,images/img_00013984.jpg,04_telegram_youtube,telegram_youtube,193929766fadb251b8ea1388d57d907c2170d4dcd30cb46e69084a8fb9263039,non_weapon,reviewed,,Lello,2026-04-22T10:07:24+00:00,1
img_00014000,images/img_00014000.jpg,04_telegram_youtube,telegram_youtube,07a260744dde4b203ff1e27ded1f23548c8c6a513c18167fbb0058b385b4b4e0,non_weapon,reviewed,,Lello,2026-04-22T10:07:35+00:00,1
img_00014106,images/img_00014106.jpg,04_telegram_youtube,telegram_youtube,ee90b80976c49e959a9171248258604315de4df9dcb743030f5a4b5eb4369fce,non_weapon,reviewed,,Lello,2026-04-22T10:08:19+00:00,1
img_00014108,images/img_00014108.jpg,04_telegram_youtube,telegram_youtube,fc784b97707d28ddc092126c186e1fe1dd4e79663683d7d6f52fca46b2bd8792,non_weapon,reviewed,,Lello,2026-04-22T10:08:32+00:00,1
img_00014114,images/img_00014114.jpg,04_telegram_youtube,telegram_youtube,d3626b4ead2f37a5af99cb61ec1524abdd56f1090ee32b276ee6c5e7ba1abeeb,non_weapon,reviewed,,Lello,2026-04-22T10:08:50+00:00,1
img_00014122,images/img_00014122.jpg,04_telegram_youtube,telegram_youtube,82d85207578bff8ba0354448f702fcc6fd7aa36870c3f877da3bf76464d14679,non_weapon,reviewed,,Lello,2026-04-22T10:09:16+00:00,1
img_00014132,images/img_00014132.jpg,04_telegram_youtube,telegram_youtube,484876e53da70d901d4b8891de5e3dee110cef069d7c714b2d24c09cd7e15bc7,non_weapon,reviewed,,Lello,2026-04-22T10:09:43+00:00,1
img_00014138,images/img_00014138.jpg,04_telegram_youtube,telegram_youtube,2c03bfd8963c0589031e56b41780334ee3a472bad14ec2b1aea9f539b88a283c,non_weapon,reviewed,,Lello,2026-04-22T10:09:55+00:00,1
img_00014144,images/img_00014144.jpg,04_telegram_youtube,telegram_youtube,6a81f929e801a1c6a1b52bb03f114fc0275a1692a99893904834b1f3f0e8652f,non_weapon,reviewed,,Lello,2026-04-22T10:10:06+00:00,1
img_00014149,images/img_00014149.jpg,04_telegram_youtube,telegram_youtube,c24a892b1c3a48deb44167057b85bb1b0bedf0d01216126450120bc67ce18e25,non_weapon,reviewed,,Lello,2026-04-22T10:10:17+00:00,1
img_00014151,images/img_00014151.jpg,04_telegram_youtube,telegram_youtube,2c2eff57e3428c2e0eaccebd192551e65e97308deacf29e6cfd1b4154dbbdd45,non_weapon,reviewed,,Lello,2026-04-22T10:10:09+00:00,1
img_00014152,images/img_00014152.jpg,04_telegram_youtube,telegram_youtube,dda3937c0652e182f6673c39eff81627319ce2d8e34bc148699e2d89e2f45456,non_weapon,reviewed,,Lello,2026-04-22T10:10:23+00:00,1
img_00014160,images/img_00014160.jpg,04_telegram_youtube,telegram_youtube,3fbb672055c02c14c50e7fd41a5b4158f9e31f8caa2cbeb12fa8f4b684ace2db,non_weapon,reviewed,,Lello,2026-04-22T10:10:32+00:00,1
img_00014184,images/img_00014184.jpg,04_telegram_youtube,telegram_youtube,ea74e773166363235e341652c925d0aa8f310c4c757910047898f930d3cd3633,non_weapon,reviewed,,Lello,2026-04-22T10:10:43+00:00,1
img_00014188,images/img_00014188.jpg,04_telegram_youtube,telegram_youtube,97a1fdacf939a365e58a8fb220b6f85e0e81d8eaa82b2355880bee8f329b2fff,non_weapon,reviewed,,Lello,2026-04-22T10:10:46+00:00,1
img_00014190,images/img_00014190.jpg,04_telegram_youtube,telegram_youtube,c9e752f5f7ea54bfdc4f21a9b154f6b945fbd562db96199642a1154d6fffe4f3,non_weapon,reviewed,,Lello,2026-04-22T10:10:54+00:00,1
img_00014191,images/img_00014191.jpg,04_telegram_youtube,telegram_youtube,55f03174aa4a5541b55a8638db8a5edf78ee9c50fbf7526a9e573642718a732c,non_weapon,reviewed,,Lello,2026-04-22T10:11:03+00:00,1
img_00014268,images/img_00014268.jpg,04_telegram_youtube,telegram_youtube,8f805386639898fc6c53d814c8de4e8f9104bbbc71bec88a3a146c825091b2ef,non_weapon,reviewed,,Lello,2026-04-22T10:11:34+00:00,1
img_00014373,images/img_00014373.jpeg,05_deepweb,deepweb,2fa34213b2e2f6f174a445c0a02f5e61970d19952a5f084193cbc6fb0f435ab5,non_weapon,reviewed,,Lello,2026-04-22T10:13:03+00:00,2
img_00014375,images/img_00014375.jpeg,05_deepweb,deepweb,6f83e085fe154cb4261804ac8f1d8497a6fbcbe2f2120eb5d7644b09699fc524,non_weapon,reviewed,,Lello,2026-04-22T10:13:06+00:00,2
img_00014396,images/img_00014396.jpeg,05_deepweb,deepweb,609fd845bed604489d20658b27ca22bf1893b765d5014f814e5b3b17873ff6e0,non_weapon,reviewed,,Lello,2026-04-22T10:13:38+00:00,2
img_00014398,images/img_00014398.jpeg,05_deepweb,deepweb,299823a92579df73b66d1e0a89dd30c657485d43929e2c6a9c26d13fb2e36ee1,non_weapon,reviewed,,Lello,2026-04-22T10:13:41+00:00,2
img_00014404,images/img_00014404.jpeg,05_deepweb,deepweb,68dd42632b3e58a6dd3a67861923a7904806c8960e87072bd99a0f48a41672ee,non_weapon,reviewed,,Lello,2026-04-22T10:13:50+00:00,2
img_00014408,images/img_00014408.jpeg,05_deepweb,deepweb,ea6a41264dbc4c21adac1116575033b8d82fe6dbb49e1fc2b19b2d752c70afb1,non_weapon,reviewed,,Lello,2026-04-22T10:13:56+00:00,2
img_00014409,images/img_00014409.jpeg,05_deepweb,deepweb,11e9652e20ba9da8ad92ad0dcf826b50dbe24a7434e9b8850dae9c9a6cd4c6e0,non_weapon,reviewed,,Lello,2026-04-22T10:13:58+00:00,2
img_00014412,images/img_00014412.jpeg,05_deepweb,deepweb,f6cecf0170e6362b566740b531b284e1b2b087e413d6004309c82eb3b079f278,non_weapon,reviewed,,Lello,2026-04-22T10:14:02+00:00,2
img_00014416,images/img_00014416.jpeg,05_deepweb,deepweb,308f5fb965e3df86ab0b3af77a47a11fde2add7a4d822dc98ae0b856f686ac3d,non_weapon,reviewed,,Lello,2026-04-22T10:14:09+00:00,2
img_00014422,images/img_00014422.jpeg,05_deepweb,deepweb,e710ca95413b3fa25075b7685b51623ae4cddf62f40ac4d5f11709788de41eda,non_weapon,reviewed,,Lello,2026-04-22T10:14:17+00:00,2
img_00014425,images/img_00014425.jpeg,05_deepweb,deepweb,88e009833faa1dce41b37ae4041a25fd28ce94792ee1ffd5784f6ae816e16542,non_weapon,reviewed,,Lello,2026-04-22T10:14:27+00:00,2
img_00014426,images/img_00014426.jpeg,05_deepweb,deepweb,b69a0d568c7990075f360f787df85f0b47725e7013c98834f388f8a7b7394bee,non_weapon,reviewed,,Lello,2026-04-22T10:14:28+00:00,2
img_00014428,images/img_00014428.png,05_deepweb,deepweb,e24afd1f746f2d9aee6d596df97cb7847cc7da2a760386d44a0eaede2cb03acc,non_weapon,reviewed,,Lello,2026-04-22T10:14:32+00:00,2
img_00014431,images/img_00014431.jpeg,05_deepweb,deepweb,cb57e1148731d15edb22b7c71a1ee02a264e7b3430718b30f72e421c5c40d4f3,non_weapon,reviewed,,Lello,2026-04-22T10:14:37+00:00,2
img_00014436,images/img_00014436.jpeg,05_deepweb,deepweb,ed426c88b71ee65913602eb323d23dd9f32a1f10a4167b52db6b940c327e6de7,non_weapon,reviewed,,Lello,2026-04-22T10:14:46+00:00,2
img_00014443,images/img_00014443.png,05_deepweb,deepweb,1a74e4a83f6c3860ec42282aeb3e47c4e533fa2839c11e4163edbec184b1202e,non_weapon,reviewed,,Lello,2026-04-22T10:15:00+00:00,2
img_00014450,images/img_00014450.png,05_deepweb,deepweb,4344f4767ba1d3294bb4ea3e919189a76dbce937469e5da6cc1196eead512beb,non_weapon,reviewed,,Lello,2026-04-22T10:15:13+00:00,2
img_00014451,images/img_00014451.jpeg,05_deepweb,deepweb,02a8ab4a7412cb93938084ff91975608792ee3f896f298c5649f27dd1b400e70,non_weapon,reviewed,,Lello,2026-04-22T10:15:14+00:00,2
img_00014452,images/img_00014452.jpeg,05_deepweb,deepweb,3e5432eca2aee3d74d101a5561a9ddc18897dc4bff7d9c3d2cd020e57fee8517,non_weapon,reviewed,,Lello,2026-04-22T10:15:16+00:00,2
img_00014453,images/img_00014453.jpeg,05_deepweb,deepweb,e0ed90fbffc3592aaba5dc36d6b6fc11f024df003246ac7210dbf030fee601f3,non_weapon,reviewed,,Lello,2026-04-22T10:15:17+00:00,2
img_00014454,images/img_00014454.jpeg,05_deepweb,deepweb,1bb25d10fbae7410b0c7cfddaf04b24e82bcd10154aefc34da9bc1bf06108e8f,non_weapon,reviewed,,Lello,2026-04-22T10:15:19+00:00,2
img_00014455,images/img_00014455.jpeg,05_deepweb,deepweb,1c7b6b24bcac4a6611eac6c5336edcb4a5aa887a1fced7836097d65bac362361,non_weapon,reviewed,,Lello,2026-04-22T10:15:20+00:00,2
img_00014457,images/img_00014457.webp,05_deepweb,deepweb,195748bc827ca9b98eba1479b275d1acebc920730f92a79a03facaee94ebe88a,non_weapon,reviewed,,Lello,2026-04-22T10:15:23+00:00,2
img_00014458,images/img_00014458.jpeg,05_deepweb,deepweb,100a4de2aa7f66e34aca4e7c85c41d9fae2d474806d168b765cfa4a49dde8146,non_weapon,reviewed,,Lello,2026-04-22T10:15:24+00:00,2
img_00014463,images/img_00014463.jpeg,05_deepweb,deepweb,10b63e7ce3d64bffb5065b3b64031a83cfeb88fbdb8b7873e2cdea30b8349a12,non_weapon,reviewed,,Lello,2026-04-22T10:15:31+00:00,2
img_00014465,images/img_00014465.jpeg,05_deepweb,deepweb,b8608f9b61709cebe5de0fc020c26b05dd3cc63abbca706f407bec110b42a452,non_weapon,reviewed,,Lello,2026-04-22T10:15:34+00:00,2
img_00014466,images/img_00014466.jpeg,05_deepweb,deepweb,762f77ac863324723cdaa48f4d3752c9302bece7c70958b592af3f16e203d58f,non_weapon,reviewed,,Lello,2026-04-22T10:15:36+00:00,2
img_00014467,images/img_00014467.png,05_deepweb,deepweb,6d583b18b885f5fc13cc94ea388e670c910b20fc3b96489fec7ec3dcf2977c5a,non_weapon,reviewed,,Lello,2026-04-22T10:15:37+00:00,2
img_00014468,images/img_00014468.jpeg,05_deepweb,deepweb,947110ea5e5350cdcf306790c3e39a696e735f27bc118d5a5cfa6134b185ad80,non_weapon,reviewed,,Lello,2026-04-22T10:15:38+00:00,2
img_00014469,images/img_00014469.png,05_deepweb,deepweb,4f3000dbe3521d3c330c6b86fd802ae14270707feb2522dd48637d58113ec909,non_weapon,reviewed,,Lello,2026-04-22T10:15:40+00:00,2
img_00014470,images/img_00014470.jpeg,05_deepweb,deepweb,5d184243562f9ec3f2a90a9b83bff2393705be2143888564b65e61f5b34605e0,non_weapon,reviewed,,Lello,2026-04-22T10:15:41+00:00,2
img_00014472,images/img_00014472.png,05_deepweb,deepweb,42953ddd35134ce588e9e7258f4cd5da85994bb8bc3627fdbf7e0fa3e77bb04e,non_weapon,reviewed,,Lello,2026-04-22T10:15:44+00:00,2
img_00014474,images/img_00014474.jpeg,05_deepweb,deepweb,387a3c122ae50b65716ee2816af55937f6d6046353b2ce595747b14b172e048e,non_weapon,reviewed,,Lello,2026-04-22T10:15:46+00:00,2
img_00014478,images/img_00014478.jpeg,05_deepweb,deepweb,fda02ad4e361c74930274b7cce6984571522ea0fdc52dd786ded825b87b44f6c,non_weapon,reviewed,,Lello,2026-04-22T10:15:53+00:00,2
img_00014479,images/img_00014479.jpeg,05_deepweb,deepweb,3da3f621b9318daaf5e88a5049f8a1f5eb6210de606d6f8a438818b9c79339fd,non_weapon,reviewed,,Lello,2026-04-22T10:15:54+00:00,2
img_00014480,images/img_00014480.png,05_deepweb,deepweb,29690f2ff2a3f0e09e2e3cfb803a79a2896151f817671b35b4e4a72e8ecbf3db,non_weapon,reviewed,,Lello,2026-04-22T10:15:55+00:00,2
img_00014482,images/img_00014482.png,05_deepweb,deepweb,83112b42314d6433c1c8202a4656aff124391d52c720927eaf1eb97860461593,non_weapon,reviewed,,Lello,2026-04-22T10:15:58+00:00,2
img_00014483,images/img_00014483.jpeg,05_deepweb,deepweb,9721b3cfb824520c093092930be9dbb543c48f2931157d1b3495569588445627,non_weapon,reviewed,,Lello,2026-04-22T10:15:59+00:00,2
img_00014487,images/img_00014487.png,05_deepweb,deepweb,1f5393973de75c932acb41b9e492a46f551168bb118e587dae7a70893fbd076e,non_weapon,reviewed,,Lello,2026-04-22T10:16:07+00:00,2
img_00014488,images/img_00014488.webp,05_deepweb,deepweb,6615d6a246bc2eb3faecdf64a70816121ac13e1dc5397c738648bac65df0a2f5,non_weapon,reviewed,,Lello,2026-04-22T10:16:17+00:00,2
img_00014491,images/img_00014491.png,05_deepweb,deepweb,368fca90e8a2c3db49876dc8d42178a89d14197e1e636449f88ea1eb294aa36b,non_weapon,reviewed,,Lello,2026-04-22T10:16:22+00:00,2
img_00014494,images/img_00014494.jpeg,05_deepweb,deepweb,8cf2a3b4d380f2a491a5c1129769e6f4aaf105decdfaedaa4bb12118d41f6cd4,non_weapon,reviewed,,Lello,2026-04-22T10:16:27+00:00,2
img_00014499,images/img_00014499.jpeg,05_deepweb,deepweb,3262bdd7358eebfd6d8f51653e0342fc0e0890c5fadb6ef119d943a4010a35d2,non_weapon,reviewed,,Lello,2026-04-22T10:16:35+00:00,2
img_00014501,images/img_00014501.jpeg,05_deepweb,deepweb,14f801afadb38a659ca1c3ec2e7e4fa4847285548b2ce2564e850c5d911a7633,non_weapon,reviewed,,Lello,2026-04-22T10:16:40+00:00,2
img_00014503,images/img_00014503.png,05_deepweb,deepweb,4781072b8171e2f9e932e127de9e19e120903ec715ba5fdebda19044952b2c82,non_weapon,reviewed,,Lello,2026-04-22T10:16:43+00:00,2
img_00014506,images/img_00014506.jpeg,05_deepweb,deepweb,512e66f82589e63065539e0846d9fec96929972dd738467746ae54155397205b,non_weapon,reviewed,,Lello,2026-04-22T10:16:51+00:00,2
img_00014507,images/img_00014507.webp,05_deepweb,deepweb,f922bf86352285de11465dac2b5d31d2059d57f17472eac0c132070b2afc7adc,non_weapon,reviewed,,Lello,2026-04-22T10:16:53+00:00,2
img_00014514,images/img_00014514.png,05_deepweb,deepweb,2772765c9b8401a15e78db2ae885d8bc9aeb9937221d64b75efebe46c7c63260,non_weapon,reviewed,,Lello,2026-04-22T10:17:08+00:00,2
img_00014518,images/img_00014518.jpeg,05_deepweb,deepweb,df2c1ea97127964e460e95a568d02b9560512f2d3aa3ad343e5299fbef80e176,non_weapon,reviewed,,Lello,2026-04-22T10:17:14+00:00,2
img_00014521,images/img_00014521.png,05_deepweb,deepweb,933dfb988b3aad71a7c26fa734f2d293f440b12163817d99556f5dd41f0b528e,non_weapon,reviewed,,Lello,2026-04-22T10:17:20+00:00,2
img_00014523,images/img_00014523.png,05_deepweb,deepweb,97f9b178ac1993f88da781196e578ab29bf0c10719198f339dee78427b641ddc,non_weapon,reviewed,,Lello,2026-04-22T10:17:24+00:00,2
img_00014525,images/img_00014525.jpeg,05_deepweb,deepweb,d5b50f13d3b5b3d64a78c70c01a6eca3ba7a3ab482080b7cd12fa608377e1b5c,non_weapon,reviewed,,Lello,2026-04-22T11:01:20+00:00,2
img_00014527,images/img_00014527.jpeg,05_deepweb,deepweb,58163c95ca925262d7f4ef856e2ccfa2d54b434f437b71d30c9a1a7d88104b8e,non_weapon,reviewed,,Lello,2026-04-22T11:01:14+00:00,2
img_00014529,images/img_00014529.jpeg,05_deepweb,deepweb,0049b183889e960cd52d92201f91d0b83f5127e7ff2304ce21ed4a94509206d4,non_weapon,reviewed,,Lello,2026-04-22T11:01:05+00:00,2
img_00014532,images/img_00014532.png,05_deepweb,deepweb,8f1eca324e7c9ce6229402a0401943880c7b067abd7a9bbca6bf3e76bb2428ab,non_weapon,reviewed,,Lello,2026-04-22T11:01:07+00:00,2
img_00014534,images/img_00014534.png,05_deepweb,deepweb,9e043e8a13f11a4e2fe69e76fc2184dcb1d09afd094ef5819316456451debcec,non_weapon,reviewed,,Lello,2026-04-22T11:01:09+00:00,2
img_00014535,images/img_00014535.jpeg,05_deepweb,deepweb,350f07dfd1cf2f1f744adc25bdffc57723d134d5f065c7b938ef4a7455185b65,non_weapon,reviewed,,Lello,2026-04-22T11:01:10+00:00,2
img_00014536,images/img_00014536.jpeg,05_deepweb,deepweb,629290045668cea23ef0a6af20b81d96fbf4a54e6fee6b7c92fc4e43ea170b75,non_weapon,reviewed,,Lello,2026-04-22T11:01:12+00:00,2
img_00014537,images/img_00014537.jpeg,05_deepweb,deepweb,9d0e2048bd3bcd436afac9ffb108585f92187ca5eef65b4f00b7d35518f3c82d,non_weapon,reviewed,,Lello,2026-04-22T11:01:13+00:00,2
img_00014540,images/img_00014540.png,05_deepweb,deepweb,c4a18d6c44766c9b65802cb11adc1e9381d1fe8750fda17f8ca0991f2e1d764d,non_weapon,reviewed,,Lello,2026-04-22T11:01:15+00:00,2
img_00014542,images/img_00014542.png,05_deepweb,deepweb,19a35343a0d8b7be3912e3e83dc182170f79eaad62b71a968262c731f3bdb7d6,non_weapon,reviewed,,Lello,2026-04-22T11:01:19+00:00,2
img_00014543,images/img_00014543.webp,05_deepweb,deepweb,04b715b4c503752b0d961beb5d74cb8d06683b1672e4279770774ee41e248522,non_weapon,reviewed,,Lello,2026-04-22T11:01:22+00:00,2
img_00014545,images/img_00014545.webp,05_deepweb,deepweb,df227edbfdcdee95896d00908f40f53b3248b352eb729bb83074bd713adca0c1,non_weapon,reviewed,,Lello,2026-04-22T11:01:24+00:00,2
img_00014553,images/img_00014553.jpeg,05_deepweb,deepweb,62acec6590c42a2ab6e3e47b1671da8c196c07fbd94d508af35027493311023c,non_weapon,reviewed,,Lello,2026-04-22T11:01:37+00:00,2
img_00014554,images/img_00014554.png,05_deepweb,deepweb,ac2a5490267ae3c5e33969198f91b7b585c0f77c882a4b3f5b7c9b60d4fe513c,non_weapon,reviewed,,Lello,2026-04-22T11:01:38+00:00,2
img_00014555,images/img_00014555.jpeg,05_deepweb,deepweb,a102d1821e7598820acd7f674959f6e759570a1e35912e86f74bacb1bbe19875,non_weapon,reviewed,,Lello,2026-04-22T11:01:40+00:00,2
img_00014556,images/img_00014556.jpeg,05_deepweb,deepweb,feebd93932ceaa69494f9569ddf15ac22692408de61102b57947161b12ce222e,non_weapon,reviewed,,Lello,2026-04-22T11:01:31+00:00,2
img_00014558,images/img_00014558.png,05_deepweb,deepweb,a0cb51bbaa1ad53aec5792d7c323f2491ccfcc79edb8102dc03637f19ef86dc1,non_weapon,reviewed,,Lello,2026-04-22T11:01:35+00:00,2
img_00014561,images/img_00014561.jpeg,05_deepweb,deepweb,e182c78ccc0ea609d627880990199f0b1fb4cc1e6d21228975ddcf277f1c33b8,non_weapon,reviewed,,Lello,2026-04-22T11:01:42+00:00,2
img_00014562,images/img_00014562.jpeg,05_deepweb,deepweb,b55bbc37fd5617caa0404260bd2a10aea43936560c06b37284ddf028235e033c,non_weapon,reviewed,,Lello,2026-04-22T11:01:43+00:00,2
img_00014568,images/img_00014568.jpeg,05_deepweb,deepweb,088ba8d17653b01059b921d439e621bf646951f753a0a3ba2cfeaaec7acc948b,non_weapon,reviewed,,Lello,2026-04-22T11:01:48+00:00,2
img_00014571,images/img_00014571.png,05_deepweb,deepweb,fa95ae9ce237eb4bbebd48ed7e8a0a8d9a8b99d62ea62c54d471ad936bc61601,non_weapon,reviewed,,Lello,2026-04-22T11:01:50+00:00,2
img_00014572,images/img_00014572.jpeg,05_deepweb,deepweb,37006424c8789a5188528020d626c6026142a0559f4989d0db03d06ea302294d,non_weapon,reviewed,,Lello,2026-04-22T11:01:52+00:00,2
img_00014573,images/img_00014573.jpeg,05_deepweb,deepweb,0d726bd5f5a218dcba652846b9f94626c3cf7e4493347df067196210a2d52a85,non_weapon,reviewed,,Lello,2026-04-22T11:01:53+00:00,2
img_00014575,images/img_00014575.jpeg,05_deepweb,deepweb,c2a468686019b7a5b461bb58325de7bde5194e4101b4cef06223ab787347e235,non_weapon,reviewed,,Lello,2026-04-22T11:01:56+00:00,2
img_00014576,images/img_00014576.png,05_deepweb,deepweb,f43a4b1d7095c67fa71b7722c4aba5729b99335b7b171f17a28cd483807c17c8,non_weapon,reviewed,,Lello,2026-04-22T11:01:58+00:00,2
img_00014578,images/img_00014578.png,05_deepweb,deepweb,241bb2e9be164f8dbeaf78f311e52355dfd50af7e4a4fa3a72ae41ea2b41a9f9,non_weapon,reviewed,,Lello,2026-04-22T11:01:59+00:00,2
img_00014579,images/img_00014579.png,05_deepweb,deepweb,b8d42f0a0ea937fddcf1ea16a295b64c68b2c48fabef06eab999a4270c29962e,non_weapon,reviewed,,Lello,2026-04-22T11:02:00+00:00,2
img_00014580,images/img_00014580.png,05_deepweb,deepweb,9274cb7814f90a067f6543e1d2f2b3d754f4d4609011f86e2c17c8c1e19996d6,non_weapon,reviewed,,Lello,2026-04-22T11:02:02+00:00,2
img_00014581,images/img_00014581.webp,05_deepweb,deepweb,1ecfb04b19238720d349c1433c0f8ff1cd730551c803a584e2eb5281e1d5f810,non_weapon,reviewed,,Lello,2026-04-22T11:02:03+00:00,2
img_00014582,images/img_00014582.jpeg,05_deepweb,deepweb,e79e815070b098b337a452cc781838ec81da452c28fc236be6151703926db939,non_weapon,reviewed,,Lello,2026-04-22T11:02:04+00:00,2
img_00014585,images/img_00014585.png,05_deepweb,deepweb,45bfa81cd7c871e98242b98f1e8350191f275a8caa02d33b7723f6cefc28526a,non_weapon,reviewed,,Lello,2026-04-22T11:02:06+00:00,2
img_00014590,images/img_00014590.jpeg,05_deepweb,deepweb,547c81c97e5691f5273ed3c1b139a9bc89bc13f1db74f5c17995877d87e8cf9f,non_weapon,reviewed,,Lello,2026-04-22T11:02:10+00:00,2
img_00014592,images/img_00014592.jpeg,05_deepweb,deepweb,15516d8f98095ed62eeb717f83a53138aad4968ef785826211f57eb880f68394,non_weapon,reviewed,,Lello,2026-04-22T11:02:24+00:00,2
img_00014593,images/img_00014593.jpeg,05_deepweb,deepweb,b1ddcecfa3a1cfd23868d7ac03e611ec1a82f9e9b9d8242d2db7546f70915f6a,non_weapon,reviewed,,Lello,2026-04-22T11:02:16+00:00,2
img_00014594,images/img_00014594.png,05_deepweb,deepweb,e45f194981dbf5d24fc640f9a9b2e1dbf2a25512951ae13b8aa6a76b16499cc9,non_weapon,reviewed,,Lello,2026-04-22T11:02:19+00:00,2
img_00014596,images/img_00014596.png,05_deepweb,deepweb,d8cafaac54dad22d069e17843fd9b02ec030fe9debb6a0e3a5f601e5d66ac0d1,non_weapon,reviewed,,Lello,2026-04-22T11:02:21+00:00,2
img_00014599,images/img_00014599.jpeg,05_deepweb,deepweb,c7a1c9b582f1cb0fd6906d680ad1cde3c104211530f9bfd06ec3922d95f4f4d3,non_weapon,reviewed,,Lello,2026-04-22T11:02:23+00:00,2
img_00014600,images/img_00014600.png,05_deepweb,deepweb,c5c7c72352a072e1862674aa0adf5eeca44d5e415d2c43cb1bc52c86f05ef3d7,non_weapon,reviewed,,Lello,2026-04-22T11:02:29+00:00,2
img_00014602,images/img_00014602.png,05_deepweb,deepweb,f202f6bb1d8d9cde522c51b597e667204077b39f3526147fc4014bb691805d9e,non_weapon,reviewed,,Lello,2026-04-22T11:02:30+00:00,2
img_00014603,images/img_00014603.png,05_deepweb,deepweb,6054cbbe6ded172427e53e4d8fbc8b0b28331f9264518584d18c8aa7c489ff2b,non_weapon,reviewed,,Lello,2026-04-22T11:02:32+00:00,2
img_00014605,images/img_00014605.png,05_deepweb,deepweb,4e6198c891566902d9c15549565823986a02090d8da859e9c5a7a2f2f0a401c6,non_weapon,reviewed,,Lello,2026-04-22T11:02:34+00:00,2
img_00014607,images/img_00014607.jpeg,05_deepweb,deepweb,bc9db6e070096c2b9497adf9f305d4eb9757b9a18853a20343c0c616107cdcd8,non_weapon,reviewed,,Lello,2026-04-22T11:02:36+00:00,2
img_00014608,images/img_00014608.jpeg,05_deepweb,deepweb,e1f4de3c9a20716b5bd980f6131171284bc149494994a6ef11ca3d6dc4bfbb8d,non_weapon,reviewed,,Lello,2026-04-22T11:02:38+00:00,2
img_00014610,images/img_00014610.webp,05_deepweb,deepweb,a8a8e42ea5f3777da9c0f5a86ebbaf16bc0906297bdf6aa0a86293ed7f94976c,non_weapon,reviewed,,Lello,2026-04-22T11:02:42+00:00,2
img_00014616,images/img_00014616.png,05_deepweb,deepweb,82ca0bd139e00a4ecd228839230369f6827cbeafd949a8d8f1289b157df680bc,non_weapon,reviewed,,Lello,2026-04-22T11:02:56+00:00,2
img_00014621,images/img_00014621.png,05_deepweb,deepweb,52ed67724621746080eb5d73f6bde6fcec1a39aab840c15af99cbf0a0e485299,non_weapon,reviewed,,Lello,2026-04-22T11:02:51+00:00,2
img_00014623,images/img_00014623.jpeg,05_deepweb,deepweb,dbe23c301286ed7985ccb24038eacd293f37db0f6be37a0cc6101c1d61ac6085,non_weapon,reviewed,,Lello,2026-04-22T11:02:55+00:00,2
img_00014624,images/img_00014624.jpeg,05_deepweb,deepweb,cbaf29ae3af6c12664bbae6e57904ad3585c4d948bd4eb1c9c9d37b00672bddd,non_weapon,reviewed,,Lello,2026-04-22T11:02:58+00:00,2
img_00014629,images/img_00014629.png,05_deepweb,deepweb,2678b465f3595dfdbd0663f8a03fe7ffdb2198312bfae7ac9c20777a4eeed22b,non_weapon,reviewed,,Lello,2026-04-22T11:32:08+00:00,2
img_00014631,images/img_00014631.jpeg,05_deepweb,deepweb,f92c9996c9a1a33087cb5eab152c022fea46c28a8e58b3b75660ef4d268ef020,non_weapon,reviewed,,Lello,2026-04-22T11:32:10+00:00,2
img_00014632,images/img_00014632.png,05_deepweb,deepweb,e70010128c82bdfe54663b06f9885ff8c13287a4249858b989c9a4d1c3c599a0,non_weapon,reviewed,,Lello,2026-04-22T11:03:02+00:00,2
img_00014636,images/img_00014636.jpeg,05_deepweb,deepweb,84d51036e0ddd2e23b580c8ccc717c137dd755db8163f34e2adc93ef4c0df534,non_weapon,reviewed,,Lello,2026-04-22T11:32:23+00:00,2
img_00014637,images/img_00014637.jpeg,05_deepweb,deepweb,b9a475843fdfdd6cc26fb74e23b94bd8a12cf1a6fa1959d9060470ed61df4449,non_weapon,reviewed,,Lello,2026-04-22T11:32:24+00:00,2
img_00014638,images/img_00014638.png,05_deepweb,deepweb,88a7658f2f3135a91b06ab9f47cd729e3739def57c8a00276c097e99b293c156,non_weapon,reviewed,,Lello,2026-04-22T11:32:26+00:00,2
img_00014639,images/img_00014639.png,05_deepweb,deepweb,8072046deb749b208dd113b63c3f07a2fb48b13a47deb897d948d4b4c140358b,non_weapon,reviewed,,Lello,2026-04-22T11:32:27+00:00,2
img_00014640,images/img_00014640.jpeg,05_deepweb,deepweb,69ada775eb9dfa113d527e31475bfd819db516cfc8a07d21e8ec18a383a364dd,non_weapon,reviewed,,Lello,2026-04-22T11:32:29+00:00,2
img_00014644,images/img_00014644.png,05_deepweb,deepweb,e8a52ced3a08c542ddf6dcba19dc5b0f15e1f795dfa49fc28d35a724ad95b119,non_weapon,reviewed,,Lello,2026-04-22T11:32:32+00:00,2
img_00014645,images/img_00014645.png,05_deepweb,deepweb,a754ea758877df3d55f688c7aa6f8dc0e30d20f5d40382d87432ce3803bee912,non_weapon,reviewed,,Lello,2026-04-22T11:32:34+00:00,2
img_00014647,images/img_00014647.jpeg,05_deepweb,deepweb,f99d3009e5d7ddc651ef77b07b5e6128ec0c07d6b7ff05920547c60a14e2d42c,non_weapon,reviewed,,Lello,2026-04-22T11:32:49+00:00,2
img_00014651,images/img_00014651.webp,05_deepweb,deepweb,e47e8582447bf7d2140e0434f7fcb76389a5c1b47c441743cd54e785d03adac3,non_weapon,reviewed,,Lello,2026-04-22T11:32:37+00:00,2
img_00014653,images/img_00014653.jpeg,05_deepweb,deepweb,a7c0e11bd2bdd953bce483ff6c4b14739d9a4bb4ce7a96b562bd7b270a37d44f,non_weapon,reviewed,,Lello,2026-04-22T11:32:39+00:00,2
img_00014654,images/img_00014654.jpeg,05_deepweb,deepweb,dd03a6929126ca439f6f7ad7ca6b5fd849bc825b4990298243c4f820c4158982,non_weapon,reviewed,,Lello,2026-04-22T11:32:40+00:00,2
img_00014655,images/img_00014655.jpeg,05_deepweb,deepweb,f79931e734eab178b1d43b79fcd588f710ed1f2581ce894143703e02c0c364bf,non_weapon,reviewed,,Lello,2026-04-22T11:32:42+00:00,2
img_00014656,images/img_00014656.png,05_deepweb,deepweb,14d966ce8a9541b46dec4e2290bf4b53ff66335a5bab37e88283b58d16917560,non_weapon,reviewed,,Lello,2026-04-22T11:32:44+00:00,2
img_00014657,images/img_00014657.jpeg,05_deepweb,deepweb,4d182dca19276c8f7c289cdd0d340a6e5c5477f978b38b9d656245db1c0344bc,non_weapon,reviewed,,Lello,2026-04-22T11:32:46+00:00,2
img_00014658,images/img_00014658.png,05_deepweb,deepweb,5b01680f988a8c8f663d3e2db22ba0039b1f9570440822d1a9ac12595956a7ae,non_weapon,reviewed,,Lello,2026-04-22T11:32:48+00:00,2
img_00014659,images/img_00014659.png,05_deepweb,deepweb,a30648380b7e19777475826e6a3e350d7f53f1ed2f5dbd306e605a335acf9760,non_weapon,reviewed,,Lello,2026-04-22T11:32:51+00:00,2
img_00014661,images/img_00014661.jpeg,05_deepweb,deepweb,80255e5ba44096ea7a3da3b79490018d168b76ebe84edc92399bab03b398f2bb,non_weapon,reviewed,,Lello,2026-04-22T11:32:53+00:00,2
img_00014663,images/img_00014663.jpeg,05_deepweb,deepweb,7bf79ebd041fcaf70e42a89b2edd3844d58617441040b826d4ba874559df4447,non_weapon,reviewed,,Lello,2026-04-22T11:32:57+00:00,2
img_00014665,images/img_00014665.jpeg,05_deepweb,deepweb,144236ade676732459b1d94fd17cba3e6f21ed0a5b6b76f56723f340f9574924,non_weapon,reviewed,,Lello,2026-04-22T11:32:59+00:00,2
img_00014668,images/img_00014668.png,05_deepweb,deepweb,4bae56607d8e78ef5074a20999e59f92562c46b91e12afc7fec4d5b3e6cd6366,non_weapon,reviewed,,Lello,2026-04-22T11:33:00+00:00,2
img_00014669,images/img_00014669.jpeg,05_deepweb,deepweb,55d9d545122940c3968479318b5fc07262a693318fbbebadb71f0daadeb588d8,non_weapon,reviewed,,Lello,2026-04-22T11:33:02+00:00,2
img_00014670,images/img_00014670.png,05_deepweb,deepweb,7fba0229cd62cbed6e4de8a1bb740e8d1317cfb1d4b57b5a81440c2f037f2869,non_weapon,reviewed,,Lello,2026-04-22T11:33:04+00:00,2
img_00014672,images/img_00014672.jpeg,05_deepweb,deepweb,81c49b1f9fc00c9c80d619628096305d0d918f123e4b46080230d2884b1e6d70,non_weapon,reviewed,,Lello,2026-04-22T11:33:06+00:00,2
img_00014675,images/img_00014675.jpeg,05_deepweb,deepweb,d84659dff4791e2a003bfced792012f9af6879d23bf1726e29bb50bd1a28d64a,non_weapon,reviewed,,Lello,2026-04-22T11:33:10+00:00,2
img_00014676,images/img_00014676.jpeg,05_deepweb,deepweb,fa2a9e0aa4dec421044570ff874bcbb3a8c6a91bc783527b7c7fee36d7cfc147,non_weapon,reviewed,,Lello,2026-04-22T11:33:08+00:00,2
img_00000001,images/img_00000001.jpg,01_kaggle_weapon,kaggle,a9df9263d583d137f19ed1578dd0906d19b44a107d8046794fef3a9ad9389a99,weapon,reviewed,,Lello,2026-04-22T08:46:22+00:00,4
img_00000002,images/img_00000002.jpg,01_kaggle_weapon,kaggle,7a7d8e2da32ca3cd887666524285720c66283cc691b7075ec48510003d1b724b,weapon,reviewed,,Lello,2026-04-22T08:46:33+00:00,4
img_00000003,images/img_00000003.jpg,01_kaggle_weapon,kaggle,efa5d09ad0e32d215b4cf92103658bd8f539bce02ac34f8c67fd8044e597715f,weapon,reviewed,,Lello,2026-04-22T08:46:34+00:00,4
img_00000004,images/img_00000004.jpg,01_kaggle_weapon,kaggle,768d8265386d41b3bcce73ae5becccd59c425358143101e6a429dc5a7c36aaae,weapon,reviewed,,Lello,2026-04-22T08:46:37+00:00,4
img_00000005,images/img_00000005.jpg,01_kaggle_weapon,kaggle,80634cc6bac7fd5a77fe211611d5e9186b6a3694c0b287c11632c4e844fe549e,weapon,reviewed,,Lello,2026-04-22T08:46:38+00:00,4
img_00000006,images/img_00000006.jpeg,01_kaggle_weapon,kaggle,53632b0dcc9c8b8b79da2cf9ed829da6f1e49241eba912c0c63bb10ba00a8ff8,weapon,reviewed,,Lello,2026-04-22T08:46:40+00:00,4
img_00000007,images/img_00000007.jpeg,01_kaggle_weapon,kaggle,3df5b7a968dc6c91265468c6d6ed3286c3f8a914f865f9550af76469c0d1e20e,weapon,reviewed,,Lello,2026-04-22T08:46:42+00:00,4
img_00000014,images/img_00000014.png,01_kaggle_weapon,kaggle,9e72cf191b6539dc28f205176aa14bef73d2ff9ad7f9c79765c8147be68cb147,weapon,reviewed,,Lello,2026-04-22T08:46:50+00:00,4
img_00000016,images/img_00000016.jpeg,01_kaggle_weapon,kaggle,77023af700c6393981c82b34a69ca3f178c5499564dc4bf6cfba4277204763c5,weapon,reviewed,,Lello,2026-04-22T08:46:52+00:00,4
img_00000020,images/img_00000020.jpeg,01_kaggle_weapon,kaggle,69f1b2e9a1945edacb78acbe7d33021cb549a42879cfde1ad73a9205d789c0c8,weapon,reviewed,,Lello,2026-04-22T08:46:56+00:00,4
img_00000022,images/img_00000022.jpeg,01_kaggle_weapon,kaggle,5401e0d351375c934eccb9eeb02db3b7bde60a34f785e9ab747a5bbc45dc5498,weapon,reviewed,,Lello,2026-04-22T08:46:57+00:00,4
img_00000023,images/img_00000023.jpeg,01_kaggle_weapon,kaggle,4632d9aeb70633cfaef57985847fcd9ce1b87a9e2ee5c08ac82d57efc6faf66b,weapon,reviewed,,Lello,2026-04-22T08:46:59+00:00,4
img_00000031,images/img_00000031.jpeg,01_kaggle_weapon,kaggle,329c9b874b82dbdbf1d42c01185cba8b44e103b97b02659f398f050401acd10c,weapon,reviewed,,Lello,2026-04-22T08:47:05+00:00,4
img_00000035,images/img_00000035.jpeg,01_kaggle_weapon,kaggle,c27d63aa78099bf560602fd5b19a605bb34737bad5158588891ed60d9e258be2,weapon,reviewed,,Lello,2026-04-22T08:49:30+00:00,4
img_00000037,images/img_00000037.jpeg,01_kaggle_weapon,kaggle,29656949e96a839d4a7292ebbab646b36d974ed1f4fbc8e9a1d096214f2354d3,weapon,reviewed,,Lello,2026-04-22T09:05:46+00:00,4
img_00000039,images/img_00000039.jpeg,01_kaggle_weapon,kaggle,ad5a42fc7f4249fd01949903839ef7a5b288870f978fe67b705da4493e1026db,weapon,reviewed,,Lello,2026-04-22T08:49:33+00:00,4
img_00000040,images/img_00000040.jpeg,01_kaggle_weapon,kaggle,4c499ed0a64deea84293bd42fadcaff9ee980764113827b745250f0932928316,weapon,reviewed,,Lello,2026-04-22T08:49:38+00:00,4
img_00000041,images/img_00000041.jpeg,01_kaggle_weapon,kaggle,83dbd88e9717ef1c800b2c67aa506fbf07a587f2e76d07f71c3cc81168714190,weapon,reviewed,,Lello,2026-04-22T08:49:37+00:00,4
img_00000042,images/img_00000042.jpeg,01_kaggle_weapon,kaggle,81a63895319f9599680c8dc3f5e98dd15b292126893123abac48e6b2df7673fd,weapon,reviewed,,Lello,2026-04-22T08:49:39+00:00,4
img_00000044,images/img_00000044.jpeg,01_kaggle_weapon,kaggle,1ee955e9abb3442b27430a0f9853938280a08eb2c894e8bbd5da0f2cb454b50e,weapon,reviewed,,Lello,2026-04-22T08:49:41+00:00,4
img_00000125,images/img_00000125.jpeg,01_kaggle_weapon,kaggle,9638d90292eb092489fcb52a31f7391b602a4878ad2a0878a993d0e353e37931,weapon,reviewed,,Lello,2026-04-22T08:50:40+00:00,4
img_00000126,images/img_00000126.jpeg,01_kaggle_weapon,kaggle,fe973ca118e8e33758a29d64cb0d2e46356feca802b397b36d3a19c133fc495f,weapon,reviewed,,Lello,2026-04-22T08:50:41+00:00,4
img_00000127,images/img_00000127.jpeg,01_kaggle_weapon,kaggle,63a005592372def7414adc83bae1de11ac530fabf8be9e9d3b9b2b7dc1351306,weapon,reviewed,,Lello,2026-04-22T08:50:43+00:00,4
img_00000128,images/img_00000128.png,01_kaggle_weapon,kaggle,f021bcb3e39fdedbd2212ba38b68d7b36f38a88e5f7555e86ec2a2a49ad20084,weapon,reviewed,,Lello,2026-04-22T08:50:44+00:00,4
img_00000129,images/img_00000129.jpeg,01_kaggle_weapon,kaggle,6912da70b94387fc65665d272daf2a12272c3dbd2045a3994ee18686bc046879,weapon,reviewed,,Lello,2026-04-22T08:50:46+00:00,4
img_00000130,images/img_00000130.jpeg,01_kaggle_weapon,kaggle,0db44874ae62c532c231ba1d82b8117d2701561b824facc3d310fbf657e18bb3,weapon,reviewed,,Lello,2026-04-22T08:50:49+00:00,4
img_00000131,images/img_00000131.jpeg,01_kaggle_weapon,kaggle,fd099285453b789e059e6a26def826b5ee0acda60e621d6dbad985e54e61a098,weapon,reviewed,,Lello,2026-04-22T08:50:51+00:00,4
img_00000132,images/img_00000132.jpeg,01_kaggle_weapon,kaggle,84105c4775264d85305fe251b87407f4349a9586fa87bb1d72b1075bc0717314,weapon,reviewed,,Lello,2026-04-22T08:50:54+00:00,4
img_00000133,images/img_00000133.jpeg,01_kaggle_weapon,kaggle,e4320d322b310c716d2886b88ad19ef2783b95ab996b046b9e6afae72b931620,weapon,reviewed,,Lello,2026-04-22T08:50:56+00:00,4
img_00000134,images/img_00000134.jpeg,01_kaggle_weapon,kaggle,e609aee0aafbdb3af75cbda5fd32b06fa7c75189b26f57120d9d7a3f10dc8fc5,weapon,reviewed,,Lello,2026-04-22T08:50:57+00:00,4
img_00000135,images/img_00000135.jpeg,01_kaggle_weapon,kaggle,ad459a143250dbebfe9d2be907db3938b9a90c9cb869750b3ef85fdbd642fb7b,weapon,reviewed,,Lello,2026-04-22T08:50:59+00:00,4
img_00000136,images/img_00000136.jpeg,01_kaggle_weapon,kaggle,6935212f247479338ab542412da10d41196b6e5e1f3d2636338f3b1071e8cedf,weapon,reviewed,,Lello,2026-04-22T08:51:02+00:00,4
img_00000137,images/img_00000137.jpeg,01_kaggle_weapon,kaggle,a067e1901e7313cd6da70b97b1b62e8b07525d7855e11bf106e50e412d81ae08,weapon,reviewed,,Lello,2026-04-22T08:51:04+00:00,4
img_00000138,images/img_00000138.jpeg,01_kaggle_weapon,kaggle,5fbf5041006905c153d52f7fa8bad0438930867fa221ab1c61e086f86cdd20f9,weapon,reviewed,,Lello,2026-04-22T08:51:06+00:00,4
img_00000139,images/img_00000139.jpeg,01_kaggle_weapon,kaggle,33c069e03fdcecc4628be28b3317b0da9aafbf010980633a8489781741809c52,weapon,reviewed,,Lello,2026-04-22T08:51:08+00:00,4
img_00000141,images/img_00000141.png,01_kaggle_weapon,kaggle,85ef98c9a91829adf033e7627ecc3b896abd218cfd4d37a01bf53819d8ffae04,weapon,reviewed,,Lello,2026-04-22T08:51:11+00:00,4
img_00000142,images/img_00000142.jpeg,01_kaggle_weapon,kaggle,94de9b5b16a79843641571a3ef8e14836b5fa2d2ee21657fcff3c2cbddfc901c,weapon,reviewed,,Lello,2026-04-22T08:51:12+00:00,4
img_00000143,images/img_00000143.jpeg,01_kaggle_weapon,kaggle,165a322d3865296d214562a6a3425ac873b843c1aa7b6e7764aa08678ac6b862,weapon,reviewed,,Lello,2026-04-22T08:51:14+00:00,4
img_00000144,images/img_00000144.jpeg,01_kaggle_weapon,kaggle,3791ef269518187993b2487000d4edbfe1a1746568d3ba1f813a955b4c95fb18,weapon,reviewed,,Lello,2026-04-22T08:51:15+00:00,4
img_00000145,images/img_00000145.jpeg,01_kaggle_weapon,kaggle,c82e8dc9fd181021c6438dc38f2bca814dfe0dfd16a0e367adf64931fedb91ff,weapon,reviewed,,Lello,2026-04-22T08:51:17+00:00,4
img_00000146,images/img_00000146.jpeg,01_kaggle_weapon,kaggle,b01896e9e8a7e97f37f7710155eb534be78971e619aacab83970108b4a5abf10,weapon,reviewed,,Lello,2026-04-22T08:51:18+00:00,4
img_00000147,images/img_00000147.jpeg,01_kaggle_weapon,kaggle,9ad9aa84ff3fa884dbd4328ea64aceb4a49af88e0f75185c57993b7af5468466,weapon,reviewed,,Lello,2026-04-22T08:51:20+00:00,4
img_00000148,images/img_00000148.jpeg,01_kaggle_weapon,kaggle,f1486d51407b5248f3fbcfcf7ec09721bb0125d5f7269ddddcf5787e9acb2734,weapon,reviewed,,Lello,2026-04-22T08:51:21+00:00,4
img_00000149,images/img_00000149.jpeg,01_kaggle_weapon,kaggle,e3ec341f5d9062c8a04bbdafc7b37f49b8d1289271c19fc9618b6f6c43e2efe8,weapon,reviewed,,Lello,2026-04-22T08:51:22+00:00,4
img_00000150,images/img_00000150.jpeg,01_kaggle_weapon,kaggle,1bd3cf87a1178c3f3405487230e7ccedd92a0af10a98e9514c50df2cee600e22,weapon,reviewed,,Lello,2026-04-22T08:51:24+00:00,4
img_00000151,images/img_00000151.jpeg,01_kaggle_weapon,kaggle,1c3e30c8653d7c107c3dc00637ef84ef700e6b5981fd10f0403f1b46196e9ba6,weapon,reviewed,,Lello,2026-04-22T08:51:26+00:00,4
img_00000152,images/img_00000152.jpeg,01_kaggle_weapon,kaggle,60cbcdc8d9e7ea0545651d6b56bec84adfc4e28709b33f08bb1f5bd1020c9725,weapon,reviewed,,Lello,2026-04-22T08:51:27+00:00,4
img_00000153,images/img_00000153.png,01_kaggle_weapon,kaggle,0b22b9f6c8ea9dde8bfc39aabd1fb13d238aa1ae13452a73c1b80e29fd9cb8e4,weapon,reviewed,,Lello,2026-04-22T08:51:29+00:00,4
img_00000154,images/img_00000154.jpeg,01_kaggle_weapon,kaggle,514aee12c1f504518fc12d5774e1b3fc6e7565b15d7670642e3394f6e4dd7bde,weapon,reviewed,,Lello,2026-04-22T08:51:30+00:00,4
img_00000155,images/img_00000155.jpeg,01_kaggle_weapon,kaggle,faea579ddcba65c2d327aec667f2f9c14d8b50e4ffe4fabace1bb9f01d62a2fd,weapon,reviewed,,Lello,2026-04-22T08:51:32+00:00,4
img_00000156,images/img_00000156.jpeg,01_kaggle_weapon,kaggle,c331fbcbc63b354172bfc6977741240f8f0d61bd6e8c2917c00b3fbddf9a4c56,weapon,reviewed,,Lello,2026-04-22T08:51:33+00:00,4
img_00000157,images/img_00000157.jpeg,01_kaggle_weapon,kaggle,40de046c486cd629e4e4f4c068ba0fc990819778b0755d4ffd089da19891e854,weapon,reviewed,,Lello,2026-04-22T08:51:35+00:00,4
img_00000158,images/img_00000158.jpeg,01_kaggle_weapon,kaggle,e4f20f6be1aaf17d588c04fdb455e4c46c59f12bac798257d39bbb0c01b4fba9,weapon,reviewed,,Lello,2026-04-22T08:51:37+00:00,4
img_00000159,images/img_00000159.jpeg,01_kaggle_weapon,kaggle,0e1f75723decd3a587ae34be218a2396b5d7ff48d52a94c1a084edac890361df,weapon,reviewed,,Lello,2026-04-22T08:51:39+00:00,4
img_00000160,images/img_00000160.png,01_kaggle_weapon,kaggle,f5d312d7dcec328e43ca9fe258559a2f527f7fae15fad3b296e7064348de74c6,weapon,reviewed,,Lello,2026-04-22T08:51:41+00:00,4
img_00000161,images/img_00000161.jpeg,01_kaggle_weapon,kaggle,1cfb2d5bca4b2a0f041ddae5a0798a3611da19d6237e94d451f0301d8782fd5a,weapon,reviewed,,Lello,2026-04-22T08:51:43+00:00,4
img_00000162,images/img_00000162.jpeg,01_kaggle_weapon,kaggle,352cb9360f7b36a08854bcacebc292b257330183c54a120da674b72ce71f1618,weapon,reviewed,,Lello,2026-04-22T08:51:44+00:00,4
img_00000163,images/img_00000163.jpeg,01_kaggle_weapon,kaggle,e97a4ad59f9f63dbd298b909d5aa5b7f27d738015018e970524ab7863d1c41e7,weapon,reviewed,,Lello,2026-04-22T08:51:48+00:00,4
img_00000165,images/img_00000165.jpeg,01_kaggle_weapon,kaggle,a1e2784acafcd3b0a823c320e51f404bc0ccda123e31953a0a9f8bc75aea9b1a,weapon,reviewed,,Lello,2026-04-22T08:51:55+00:00,4
img_00000166,images/img_00000166.jpeg,01_kaggle_weapon,kaggle,26596381c8b153d9f8fddc69d6441a854b8b358520371de5100ea501e164fda7,weapon,reviewed,,Lello,2026-04-22T08:51:58+00:00,4
img_00000167,images/img_00000167.jpeg,01_kaggle_weapon,kaggle,ded4cf0a2889a1e7a0ddf8c2136d8facebf9958cd39695e7475886161ca1ee48,weapon,reviewed,,Lello,2026-04-22T08:52:00+00:00,4
img_00000168,images/img_00000168.jpeg,01_kaggle_weapon,kaggle,948b21d06f447cf3b824ac0335e16b5ae96588b64bb9b5ff5116a161961e5cb7,weapon,reviewed,,Lello,2026-04-22T08:52:01+00:00,4
img_00000169,images/img_00000169.jpeg,01_kaggle_weapon,kaggle,83b245081858ffb88f14254705fd0744ec4a39e5712ec7600cbc1e9d43d438d9,weapon,reviewed,,Lello,2026-04-22T08:52:03+00:00,4
img_00000218,images/img_00000218.jpeg,01_kaggle_weapon,kaggle,829e75fa3f72a157c21917cd5c2f7ec5c0f1e83a36f1c9814ce1314d1d0aeee0,weapon,reviewed,,Lello,2026-04-22T09:00:38+00:00,4
img_00000219,images/img_00000219.jpeg,01_kaggle_weapon,kaggle,dbec6e62b1978891632993a467937cdc9a59e08567fd037c1ade97d30d98aa4e,weapon,reviewed,,Lello,2026-04-22T09:00:39+00:00,4
img_00000220,images/img_00000220.jpeg,01_kaggle_weapon,kaggle,6350710988c99f6128f8b05a90112d24e46172a2a897c2e925745906dc8dc050,weapon,reviewed,,Lello,2026-04-22T09:00:41+00:00,4
img_00000221,images/img_00000221.png,01_kaggle_weapon,kaggle,a3e1916dd7ec12fad6bd6fd094327dab663f4105183b86c96ba91e14d8003c12,weapon,reviewed,,Lello,2026-04-22T09:00:42+00:00,4
img_00000222,images/img_00000222.jpeg,01_kaggle_weapon,kaggle,cb3e8760a649d57266baaf33606a2b264857bc107acdee7bfc83520b7beec5b3,weapon,reviewed,,Lello,2026-04-22T09:00:44+00:00,4
img_00000223,images/img_00000223.png,01_kaggle_weapon,kaggle,00bc1c9fabb12d6a32959bd57a58a283cbf4416329abc29cf2a7d284077d310e,weapon,reviewed,,Lello,2026-04-22T09:00:46+00:00,4
img_00000225,images/img_00000225.jpeg,01_kaggle_weapon,kaggle,6f71ab535b8ebf9fc9f67aca862bad05944c7102d2fc982b32d8d549618e4c61,weapon,reviewed,,Lello,2026-04-22T09:00:49+00:00,4
img_00000226,images/img_00000226.jpeg,01_kaggle_weapon,kaggle,11a1e29931a3851efdce39815edb024f3870681cfad77410a882141aa0fb66af,weapon,reviewed,,Lello,2026-04-22T09:00:50+00:00,4
img_00000229,images/img_00000229.jpeg,01_kaggle_weapon,kaggle,fca34242b5dfe05e598f17dfad24e642e8448ec8aaf67395080d820c88090512,weapon,reviewed,,Lello,2026-04-22T09:00:52+00:00,4
img_00000230,images/img_00000230.png,01_kaggle_weapon,kaggle,ebb07eb4f0a7c398919fc492005fc3ecf831a822408a9f15de7e8c4cab88fd93,weapon,reviewed,,Lello,2026-04-22T09:00:54+00:00,4
img_00000231,images/img_00000231.jpeg,01_kaggle_weapon,kaggle,3ee76c6db83f669036ead39c858c042217d65e046251187616c399b4f4f88d71,weapon,reviewed,,Lello,2026-04-22T09:00:55+00:00,4
img_00000232,images/img_00000232.jpeg,01_kaggle_weapon,kaggle,a8f65a11db3bea7acbc1f70954de12716bdce3d50b86541f0011b50c641941cb,weapon,reviewed,,Lello,2026-04-22T09:00:59+00:00,4
img_00000233,images/img_00000233.jpeg,01_kaggle_weapon,kaggle,bbaded0037fd0ec0972b6fe5ecfab27a5f26ede6c1417bf02b9a14d73a3f0b84,weapon,reviewed,,Lello,2026-04-22T09:01:01+00:00,4
img_00000234,images/img_00000234.jpeg,01_kaggle_weapon,kaggle,633846f757b634766416f062ebf63babe2547d516c0f0835f2f31c950b93dd01,weapon,reviewed,,Lello,2026-04-22T09:01:03+00:00,4
img_00000235,images/img_00000235.jpeg,01_kaggle_weapon,kaggle,ce417b1fe908213a08484cc21fc0664c4feeb595ca059849c83a7181be94f4d9,weapon,reviewed,,Lello,2026-04-22T09:01:08+00:00,4
img_00000236,images/img_00000236.png,01_kaggle_weapon,kaggle,98249d5b5069c4f713a355a43aee2750f5665da11c606d66f10c052d28d42452,weapon,reviewed,,Lello,2026-04-22T09:01:10+00:00,4
img_00000238,images/img_00000238.jpeg,01_kaggle_weapon,kaggle,deaaf37f7823897f7f994e88e2f8ec55f5fdde7e6d8dcae67cb85552a2481801,weapon,reviewed,,Lello,2026-04-22T09:01:15+00:00,4
img_00000239,images/img_00000239.jpeg,01_kaggle_weapon,kaggle,496c58b5c820b2f7f41ebc45f1d4d2facf794f44c49d675399ed0f0da1c197e5,weapon,reviewed,,Lello,2026-04-22T09:01:16+00:00,4
img_00000240,images/img_00000240.jpeg,01_kaggle_weapon,kaggle,751894f8a94e64bbab15e3bcc23b185c10bdc4ee965323d701d7aa188b1fc388,weapon,reviewed,,Lello,2026-04-22T09:01:18+00:00,4
img_00000241,images/img_00000241.jpeg,01_kaggle_weapon,kaggle,71a4e97a114da0d1af98aec2e188c949d94c2714ef5d5bfa13fa35e02f6a2bbe,weapon,reviewed,,Lello,2026-04-22T09:01:20+00:00,4
img_00000247,images/img_00000247.png,01_kaggle_weapon,kaggle,8765f25d7d48dc8c09cfff4561998a92cf384b61340c6e14cf88bc0c2fad7b83,weapon,reviewed,,Lello,2026-04-22T09:01:24+00:00,4
img_00000272,images/img_00000272.jpeg,01_kaggle_weapon,kaggle,96c403b8e43152f11ae630f4bab16512519e6b0c84103945815855362c2407b6,weapon,reviewed,,Lello,2026-04-22T09:07:26+00:00,4
img_00000273,images/img_00000273.jpeg,01_kaggle_weapon,kaggle,e2af1a2f8c96c980dd420a0c3a9e981da025df5a7ae5cd7668c1f8d4a609314d,weapon,reviewed,,Lello,2026-04-22T09:07:29+00:00,4
img_00000288,images/img_00000288.png,01_kaggle_weapon,kaggle,8cf01cfa71fdb00a678d6d7004690e3701dde86fef2711fd00bb091ede59d694,weapon,reviewed,,Lello,2026-04-22T09:07:37+00:00,4
img_00000293,images/img_00000293.jpeg,01_kaggle_weapon,kaggle,da990903eccc877c80b1e07b1561ecf014701fe9d6f7a5a91308664deb85d3b6,weapon,reviewed,,Lello,2026-04-22T09:07:40+00:00,4
img_00000299,images/img_00000299.jpeg,01_kaggle_weapon,kaggle,15c4e03e8977e4af19b60ef9193c64a894fc69087b9242f1373ffee55ddd7b3b,weapon,reviewed,,Lello,2026-04-22T09:07:45+00:00,4
img_00000307,images/img_00000307.jpeg,01_kaggle_weapon,kaggle,bc1a2c6380fa99c983dad529ebbfb3700172f9f905f45321f0e17720996959e7,weapon,reviewed,,Lello,2026-04-22T09:07:47+00:00,4
img_00000314,images/img_00000314.jpeg,01_kaggle_weapon,kaggle,52d6d33d022adae9edfe4609ea397da947776c49af9344dad749d91c0834c247,weapon,reviewed,,Lello,2026-04-22T09:07:58+00:00,4
img_00000315,images/img_00000315.jpeg,01_kaggle_weapon,kaggle,11827b5fa86aa3c64fe28fb5677b759b014100a03e1f88b224364248975f4bdf,weapon,reviewed,,Lello,2026-04-22T09:07:57+00:00,4
img_00000324,images/img_00000324.jpeg,01_kaggle_weapon,kaggle,ce7c04050e2b91e68d3c6c6a917115ad776f4af2c46aefe0fcb1f23ae3e58fc2,weapon,reviewed,,Lello,2026-04-22T09:08:08+00:00,4
img_00000325,images/img_00000325.jpeg,01_kaggle_weapon,kaggle,15f7f374bd5d6fe1c7af06acabf4e45e3fc195d4600fd7a3db5bff6dd0784982,weapon,reviewed,,Lello,2026-04-22T09:01:45+00:00,4
img_00000327,images/img_00000327.jpeg,01_kaggle_weapon,kaggle,f504972e4cf3e08e91c08fc1ede257879161ee06d706a99fc9c73da915ca5ad7,weapon,reviewed,,Lello,2026-04-22T09:01:42+00:00,4
img_00000336,images/img_00000336.jpeg,01_kaggle_weapon,kaggle,1823069f12ae25d3d1b799b01ec36810f73974299d14111673a105ade8d41aa8,weapon,reviewed,,Lello,2026-04-22T09:08:12+00:00,4
img_00000340,images/img_00000340.jpeg,01_kaggle_weapon,kaggle,42b0ca23b2cc893ed55e257ebfdbe172ff035f5bea4ac887c35db1d02056bdf5,weapon,reviewed,,Lello,2026-04-22T10:55:39+00:00,4
img_00000352,images/img_00000352.jpeg,01_kaggle_weapon,kaggle,44c53e0b31021936482ff984c31342c9fd13e089de76f7b4262f3f6f8682c34a,weapon,reviewed,,Lello,2026-04-22T09:02:01+00:00,4
img_00000353,images/img_00000353.png,01_kaggle_weapon,kaggle,046328b966140a1d0caae07152dcfadd0fead71e18e83248d191c44de62ed8c0,weapon,reviewed,,Lello,2026-04-22T09:02:03+00:00,4
img_00000354,images/img_00000354.jpeg,01_kaggle_weapon,kaggle,a403578886120c5e10a5353086337d1e71ccf3bbe22f82961790f2af96f9ee3f,weapon,reviewed,,Lello,2026-04-22T09:01:59+00:00,4
img_00000464,images/img_00000464.jpg,02_deepfirearm,deepfirearm,b7c2e9e221ddf29841c4310a78097497f5e9bcd146b82f9516674f080c866841,weapon,reviewed,,Lello,2026-04-22T09:13:13+00:00,5
img_00000465,images/img_00000465.jpg,02_deepfirearm,deepfirearm,9114f32a61d39e3babcffc3bccdd40d5094f080b7b8d1ea4781bd8a12b78466b,weapon,reviewed,,Lello,2026-04-22T09:13:15+00:00,5
img_00000466,images/img_00000466.jpg,02_deepfirearm,deepfirearm,85e0e5c4ae60a0b3c54b9f937c07662b7944b2664b798150410428ce7b3b3ae5,weapon,reviewed,,Lello,2026-04-22T09:13:17+00:00,5
img_00000467,images/img_00000467.jpg,02_deepfirearm,deepfirearm,8a4e003685f43434c485c954b5e4caeae9b8c6ff7d50267452425e47faf30e2c,weapon,reviewed,,Lello,2026-04-22T09:13:18+00:00,5
img_00000468,images/img_00000468.jpg,02_deepfirearm,deepfirearm,91d0261b3afbbff7ec237b32202de316b5df85bf736a0a8941bac49f4e5ee308,weapon,reviewed,,Lello,2026-04-22T09:13:20+00:00,5
img_00000469,images/img_00000469.jpg,02_deepfirearm,deepfirearm,66210ca20cd9f999668a8f5ed61ed959c247ab31ac1dd5c0a4e2655a51aa06a6,weapon,reviewed,,Lello,2026-04-22T09:13:02+00:00,5
img_00000471,images/img_00000471.jpg,02_deepfirearm,deepfirearm,b5e7218e3f65233030f8ef85acf335bf7cda212c00ed1555714eaa70a5ac3d33,weapon,reviewed,,Lello,2026-04-22T09:13:22+00:00,5
img_00000472,images/img_00000472.jpg,02_deepfirearm,deepfirearm,76c01f64484bb21a582ed2204b680f14933105672cab383a9cc17182e6617bd1,weapon,reviewed,,Lello,2026-04-22T09:13:23+00:00,5
img_00000473,images/img_00000473.jpg,02_deepfirearm,deepfirearm,041a382f9c283278e61df1936bc67a0a412a7913a4588f38b8f84a3889358adb,weapon,reviewed,,Lello,2026-04-22T09:13:24+00:00,5
img_00000474,images/img_00000474.jpg,02_deepfirearm,deepfirearm,b29c6fc232c948418364f9c1c7bf0eb9666cb1cd0af8984931116fbfcfd1d97d,weapon,reviewed,,Lello,2026-04-22T09:13:25+00:00,5
img_00000475,images/img_00000475.jpg,02_deepfirearm,deepfirearm,9fc70f6e74e672bbb21fe6cea0822e62e81e2eaa5b9e320947bb0767ddeed2c9,weapon,reviewed,,Lello,2026-04-22T09:13:27+00:00,5
img_00000476,images/img_00000476.jpg,02_deepfirearm,deepfirearm,34616fd56a708a77803cf57f48c7a2b44d25b4b0f620423914ada96c3a41ba9a,weapon,reviewed,,Lello,2026-04-22T09:13:28+00:00,5
img_00000477,images/img_00000477.jpg,02_deepfirearm,deepfirearm,9c800564499292fda0d37a25bffb0cc9daeb693543f9f62fc42689a132906a47,weapon,reviewed,,Lello,2026-04-22T09:13:29+00:00,5
img_00000478,images/img_00000478.jpg,02_deepfirearm,deepfirearm,3486ca40a9fb736697adad42f7ca7efebd1003f7ae2debb58ea7b5596367f8c7,weapon,reviewed,,Lello,2026-04-22T09:13:31+00:00,5
img_00000479,images/img_00000479.jpg,02_deepfirearm,deepfirearm,f747b4cf0f846dd7479cb3cdca7223f15c64634d429b0d07f59d07af54e5f39c,weapon,reviewed,,Lello,2026-04-22T09:13:32+00:00,5
img_00000480,images/img_00000480.jpg,02_deepfirearm,deepfirearm,d4a7d87113910a22c43778086eae0c4b030598dc803bc84b62feabe3611ba2b3,weapon,reviewed,,Lello,2026-04-22T09:13:33+00:00,5
img_00000481,images/img_00000481.jpg,02_deepfirearm,deepfirearm,cd00d3e2dceb9d4def121b54b1bc5b0aaba7a534921c06a61c1b665fcad99f11,weapon,reviewed,,Lello,2026-04-22T09:13:35+00:00,5
img_00000482,images/img_00000482.jpg,02_deepfirearm,deepfirearm,cd9e1efda56d7c122f60a155ee7a4d7ffa6c039703335bd88e38b5b5ce4235e1,weapon,reviewed,,Lello,2026-04-22T09:13:36+00:00,5
img_00000483,images/img_00000483.jpg,02_deepfirearm,deepfirearm,b5154d7cab5994337a1f02afb8dde14970560f9bfabea1f369ded061b129f7fc,weapon,reviewed,,Lello,2026-04-22T09:13:38+00:00,5
img_00000484,images/img_00000484.jpg,02_deepfirearm,deepfirearm,d6deb6edaac66ecc121a44ffa066552514b69168fed7d3cd04e1a6247f1615a1,weapon,reviewed,,Lello,2026-04-22T09:13:40+00:00,5
img_00000485,images/img_00000485.jpg,02_deepfirearm,deepfirearm,26191063174d6a7cb53ace7b49c1b6a75a00a902e7dfed3ebfd2191ee05ef32c,weapon,reviewed,,Lello,2026-04-22T09:13:41+00:00,5
img_00000486,images/img_00000486.jpg,02_deepfirearm,deepfirearm,7bac5836f5be7bd22d44b3794316038f46168ed268269cea05c9128087b6949d,weapon,reviewed,,Lello,2026-04-22T09:13:43+00:00,5
img_00000487,images/img_00000487.jpg,02_deepfirearm,deepfirearm,ec95fa034155ca5f84dcd24db90ab30e4ca8b14804b4e16fd7f460ff41c163a2,weapon,reviewed,,Lello,2026-04-22T09:13:45+00:00,5
img_00000528,images/img_00000528.jpg,02_deepfirearm,deepfirearm,db3f1db008fa2637a13e6f72b58ada82583a03f3e96d42fc73977ef6089e5c94,weapon,reviewed,,Lello,2026-04-22T09:13:54+00:00,5
img_00000530,images/img_00000530.jpg,02_deepfirearm,deepfirearm,7bd5e2bb243e4e9741d836857437065c1dd4a0213adf3e154e94de2b13e1958e,weapon,reviewed,,Lello,2026-04-22T09:13:56+00:00,5
img_00000531,images/img_00000531.jpg,02_deepfirearm,deepfirearm,ac2029d0f417aff7a9842dea3620e78375c3350d785f1826b319cbf04e223e35,weapon,reviewed,,Lello,2026-04-22T09:13:57+00:00,5
img_00000532,images/img_00000532.jpg,02_deepfirearm,deepfirearm,5e9b3e9807d44007e144c2733fbcd7c8fc64abdbaf4fc144405a8535a0b7c211,weapon,reviewed,,Lello,2026-04-22T09:13:58+00:00,5
img_00000533,images/img_00000533.jpg,02_deepfirearm,deepfirearm,1e2bb575911bf3c4154ffd8198b40d8a2d6cd28a101a400193ee165477a76964,weapon,reviewed,,Lello,2026-04-22T09:14:00+00:00,5
img_00000534,images/img_00000534.jpg,02_deepfirearm,deepfirearm,e8775c1b8b27bb7de276fa889ac1f356ed62a89b59a00a281f318e3e407ac5ee,weapon,reviewed,,Lello,2026-04-22T09:14:01+00:00,5
img_00000535,images/img_00000535.jpg,02_deepfirearm,deepfirearm,c95681d75557072d864bdf84c90c449d83e3e28dc655db550a660ce18e0180b1,weapon,reviewed,,Lello,2026-04-22T09:14:03+00:00,5
img_00000566,images/img_00000566.jpg,02_deepfirearm,deepfirearm,cc809eb94f213247fdc69f0eea0ae0851b0848fc9da98cf6f1ad1474590b079e,weapon,reviewed,,Lello,2026-04-22T09:14:08+00:00,5
img_00000567,images/img_00000567.jpg,02_deepfirearm,deepfirearm,1273f815ab9efeea9d8c41dac9d2f9de071e5a094c9df8009f0b9645a7ce34a2,weapon,reviewed,,Lello,2026-04-22T09:14:10+00:00,5
img_00000568,images/img_00000568.jpg,02_deepfirearm,deepfirearm,a27f6f690323dca928dbacbe69a49fd853f755c839f826cc19459cbf2f3ab1f7,weapon,reviewed,,Lello,2026-04-22T09:14:11+00:00,5
img_00000569,images/img_00000569.jpg,02_deepfirearm,deepfirearm,792e19f357f96531fa6e331a27a6f2b2fc0c403debd54bcadf041c1f80aaa3ad,weapon,reviewed,,Lello,2026-04-22T09:14:13+00:00,5
img_00000570,images/img_00000570.jpg,02_deepfirearm,deepfirearm,cedb3ec5554c6f21afe8bd6cf6d09c933397acb201367083e1b90688ddd3bd7e,weapon,reviewed,,Lello,2026-04-22T09:14:14+00:00,5
img_00000601,images/img_00000601.jpg,02_deepfirearm,deepfirearm,4c540d528209e07453747dc4af74be13d2c91925dec92cff784f3f4c8113bafe,weapon,reviewed,,Lello,2026-04-22T09:14:19+00:00,5
img_00000602,images/img_00000602.jpg,02_deepfirearm,deepfirearm,7356874bbbd543f46c431ab0245e4832fc6ca5b1780a0331c4167b9aa28e2691,weapon,reviewed,,Lello,2026-04-22T09:14:21+00:00,5
img_00000603,images/img_00000603.jpg,02_deepfirearm,deepfirearm,22a41f152e583f50ee655c7af605407ea78cab3bf658c031735f3d88fb38ccbb,weapon,reviewed,,Lello,2026-04-22T09:14:22+00:00,5
img_00000604,images/img_00000604.jpg,02_deepfirearm,deepfirearm,c9f07f3b670cb546adc577f7311f9012350b03196bcf079ac690bb1fe48d0f87,weapon,reviewed,,Lello,2026-04-22T09:14:24+00:00,5
img_00000605,images/img_00000605.jpg,02_deepfirearm,deepfirearm,8372fa6f67f79b47ff2a5407b9adcf685b9aaec0ab32ba7a9ead55c22684c30a,weapon,reviewed,,Lello,2026-04-22T09:14:25+00:00,5
img_00000646,images/img_00000646.jpg,02_deepfirearm,deepfirearm,81fbdac4f88fe5e0052599a2ad67370e54ef0d34cf54b8a94da40b0443bb58c9,weapon,reviewed,,Lello,2026-04-22T09:14:34+00:00,5
img_00000647,images/img_00000647.jpg,02_deepfirearm,deepfirearm,a08274a020a007cf75c2cda796693039804c4713c83558619c74c71b70e0c0cd,weapon,reviewed,,Lello,2026-04-22T09:14:35+00:00,5
img_00000648,images/img_00000648.jpg,02_deepfirearm,deepfirearm,0e4e546acd21c1cceebfbf242fea839fc2a5309cb86c98c4e1ed8fa501355eeb,weapon,reviewed,,Lello,2026-04-22T09:14:37+00:00,5
img_00000649,images/img_00000649.jpg,02_deepfirearm,deepfirearm,c2064749de933aaa1bc2480a70e1b72be2599754e92ff0b203cdaa01c08bd0c8,weapon,reviewed,,Lello,2026-04-22T09:14:38+00:00,5
img_00000650,images/img_00000650.jpg,02_deepfirearm,deepfirearm,9d07d8fd57fe560be49fceb0f9ef0010d9d53052ec780fab1fc944f6ad6f7b7a,weapon,reviewed,,Lello,2026-04-22T09:14:40+00:00,5
img_00000687,images/img_00000687.jpg,02_deepfirearm,deepfirearm,da90b010e5545d6db013e0107154d8ba6e932efa02fed5bf3d049f2449a243d0,weapon,reviewed,,Lello,2026-04-22T09:14:48+00:00,5
img_00000692,images/img_00000692.jpg,02_deepfirearm,deepfirearm,45208b6bdeff3763d2d663cd30f1601172ed6d2beaab2c60df71ddc877aefcef,weapon,reviewed,,Lello,2026-04-22T09:14:52+00:00,5
img_00000693,images/img_00000693.jpg,02_deepfirearm,deepfirearm,424c0847e1706a05bb06599e984f12c6dcfed03f8a9ff16b432b7975cc233504,weapon,reviewed,,Lello,2026-04-22T09:14:54+00:00,5
img_00000694,images/img_00000694.jpg,02_deepfirearm,deepfirearm,0941feb290d3bd41a4f5416a147a0859b590fed1616c34814f34418df40d2cb2,weapon,reviewed,,Lello,2026-04-22T09:14:56+00:00,5
img_00000695,images/img_00000695.jpg,02_deepfirearm,deepfirearm,0b1b960f90b738ccf2bfab237ab55ba0a9a15aef56ed938a7af0893110ce967f,weapon,reviewed,,Lello,2026-04-22T09:14:57+00:00,5
img_00000727,images/img_00000727.jpg,02_deepfirearm,deepfirearm,9bce1f510afdcd3a612fa47f821020cd9668ae4ad7894f672b27d8b1e9b28907,weapon,reviewed,,Lello,2026-04-22T09:15:05+00:00,5
img_00000728,images/img_00000728.jpg,02_deepfirearm,deepfirearm,fa24be71202410f4fdb79f075c3443344f1951187f4cfb944dd4ce88ea65f1ba,weapon,reviewed,,Lello,2026-04-22T09:15:06+00:00,5
img_00000729,images/img_00000729.jpg,02_deepfirearm,deepfirearm,cc31a9a0143cf7680659433eb3f2f1b123deb2ab8729959477eeebde4a81b6b1,weapon,reviewed,,Lello,2026-04-22T09:15:07+00:00,5
img_00000730,images/img_00000730.jpg,02_deepfirearm,deepfirearm,301b9a103dc3fd6e19208216c4a7721f53f099542ffa7f9a0ae42f198e6947c0,weapon,reviewed,,Lello,2026-04-22T09:15:09+00:00,5
img_00000731,images/img_00000731.jpg,02_deepfirearm,deepfirearm,7dedbc30eb59cc2bf2930d19940d4f0a5be45e39ee600cae966f06d110fff9a6,weapon,reviewed,,Lello,2026-04-22T09:15:10+00:00,5
img_00000792,images/img_00000792.jpg,02_deepfirearm,deepfirearm,cb5a86dae5fe0f9e067286c5863c5374f592c81526014eb171ccc32ba946e5a3,weapon,reviewed,,Lello,2026-04-22T09:15:20+00:00,5
img_00000803,images/img_00000803.jpg,02_deepfirearm,deepfirearm,7141a81e2e879ac3a072234d3df3d1295b57d28c699ec58b486facdfb5aa622a,weapon,reviewed,,Lello,2026-04-22T09:15:23+00:00,5
img_00000814,images/img_00000814.jpg,02_deepfirearm,deepfirearm,2dddb568e6bae7817b8c4d7f35067ff91720d16f2f3aee8a0d4732b7e960af7d,weapon,reviewed,,Lello,2026-04-22T09:15:26+00:00,5
img_00000815,images/img_00000815.jpg,02_deepfirearm,deepfirearm,ec367c703ea946b1b1053db38ddbe0a57e9359a5d7ec06267799e312cfd0ba06,weapon,reviewed,,Lello,2026-04-22T09:15:27+00:00,5
img_00000816,images/img_00000816.jpg,02_deepfirearm,deepfirearm,68bb98a9484942d089865d8b06e9fb2debbf3776dc877059230f2c883903fedf,weapon,reviewed,,Lello,2026-04-22T09:15:28+00:00,5
img_00000837,images/img_00000837.jpg,02_deepfirearm,deepfirearm,73745737c25d1fb159fe5f79d26979baeaca4a88befc66cb38b67576ca56e81e,weapon,reviewed,,Lello,2026-04-22T09:15:33+00:00,5
img_00000838,images/img_00000838.jpg,02_deepfirearm,deepfirearm,0b110c143264aa99ba2c6da7867ce8dc44ac015433fcab7ad361be22871b353f,weapon,reviewed,,Lello,2026-04-22T09:15:34+00:00,5
img_00000839,images/img_00000839.jpg,02_deepfirearm,deepfirearm,ec4165704034b52c29a81826682fdcb2f982804ef3c2c3cfd4be9ddc3eaca6dd,weapon,reviewed,,Lello,2026-04-22T09:15:36+00:00,5
img_00000840,images/img_00000840.jpg,02_deepfirearm,deepfirearm,e036acc79813589b59e5fc9d78eb2a866b40dcdf17c37361e282ef7e2635f0ef,weapon,reviewed,,Lello,2026-04-22T09:15:38+00:00,5
img_00000841,images/img_00000841.jpg,02_deepfirearm,deepfirearm,5d09c6023af9f70230b453f68f5a28c4afa4fd42c74027791d3d19ab03caa086,weapon,reviewed,,Lello,2026-04-22T09:15:40+00:00,5
img_00001132,images/img_00001132.jpg,02_deepfirearm,deepfirearm,030f5fd7af7660c8dec6810c1b6eac3a3ce86713b2fa31047824c2f76d2be1f7,weapon,reviewed,,Lello,2026-04-22T09:16:31+00:00,5
img_00001143,images/img_00001143.jpg,02_deepfirearm,deepfirearm,e523e9a71f745ad3b918a133ad0b82727481816f686e9a53c9a89fede83fa76f,weapon,reviewed,,Lello,2026-04-22T09:16:35+00:00,5
img_00001144,images/img_00001144.jpg,02_deepfirearm,deepfirearm,30a1951817405d218e720a248e567c4d465ee06c495b8aba3244f559643c8824,weapon,reviewed,,Lello,2026-04-22T09:16:37+00:00,5
img_00001523,images/img_00001523.jpg,02_deepfirearm,deepfirearm,cc40120d7c1003208c463a805801e8f505a7d4492dbe46ddade31fb999a8ee7f,weapon,reviewed,,Lello,2026-04-22T09:21:33+00:00,5
img_00001524,images/img_00001524.jpg,02_deepfirearm,deepfirearm,feda94a6f414329e1e7c6bb8eac4384b70411d31d30f8af4191d55535485b958,weapon,reviewed,,Lello,2026-04-22T09:21:35+00:00,5
img_00001525,images/img_00001525.jpg,02_deepfirearm,deepfirearm,ab30fc855215d62e09a92e49ea1fb08cf108500d92cdd2b0af7c07283efb516a,weapon,reviewed,,Lello,2026-04-22T09:21:37+00:00,5
img_00003524,images/img_00003524.jpg,02_deepfirearm,deepfirearm,969e91856eba4e5a175401ac906de0731438023ebc1c8169c7c6210b26cb9140,weapon,reviewed,,Lello,2026-04-22T09:22:05+00:00,5
img_00003526,images/img_00003526.jpg,02_deepfirearm,deepfirearm,26ec1f3287cf0fa2b5bd25b42ee954d6df0d40d62bff2c0fc32a41403eb878b5,weapon,reviewed,,Lello,2026-04-22T09:22:06+00:00,5
img_00003527,images/img_00003527.jpg,02_deepfirearm,deepfirearm,6c1f76df14c33f947749aed07c6afd06da91f6f6fd16dff95d464dc5eb454ab7,weapon,reviewed,,Lello,2026-04-22T09:22:08+00:00,5
img_00003529,images/img_00003529.jpg,02_deepfirearm,deepfirearm,28bbf5f3e62e219db4c7a94321eda3dbc8b6662455de25b74910d46f0bc6d0c6,weapon,reviewed,,Lello,2026-04-22T09:22:10+00:00,5
img_00004530,images/img_00004530.jpg,02_deepfirearm,deepfirearm,adcb9559bf385571430f7eb1d8e7b73c8541eb3ae2cfe2076dddf4f07519c6d1,weapon,reviewed,,Lello,2026-04-22T09:22:22+00:00,5
img_00004531,images/img_00004531.jpg,02_deepfirearm,deepfirearm,48bbb60c00e00027c391c9865f203eb019ce76e6ac15ba3a7fc073aaa17a714e,weapon,reviewed,,Lello,2026-04-22T09:22:24+00:00,5
img_00004532,images/img_00004532.jpg,02_deepfirearm,deepfirearm,5f6966e087de06382b2ba7c69649c95f1d4308114f78e23829cc2c2bb5e3ffbd,weapon,reviewed,,Lello,2026-04-22T09:22:25+00:00,5
img_00004533,images/img_00004533.jpg,02_deepfirearm,deepfirearm,44087012c11a29462fceaee3d347d16ce75b038d0c1bb6fb971ab7214a550066,weapon,reviewed,,Lello,2026-04-22T09:22:27+00:00,5
img_00004534,images/img_00004534.jpg,02_deepfirearm,deepfirearm,c12482821dd2aaad91bf17f33800f793fd599595c599343a0bfb7a8e150a6805,weapon,reviewed,,Lello,2026-04-22T09:22:28+00:00,5
img_00008533,images/img_00008533.jpg,02_deepfirearm,deepfirearm,79d7c23fba17058bd1c427c59fce2e594eb673002876916ebdf0f6bec20bc128,weapon,reviewed,,Lello,2026-04-22T09:23:40+00:00,5
img_00008534,images/img_00008534.jpg,02_deepfirearm,deepfirearm,3c127b406e1d4e5d02148cbf444c95c3a56a44d2b9909565f1256cb7794e5d6c,weapon,reviewed,,Lello,2026-04-22T09:23:38+00:00,5
img_00008535,images/img_00008535.jpg,02_deepfirearm,deepfirearm,5a27ed12ffbe7b13731d2f2e18b15506fe8dfacccf4a89beed61881962c98122,weapon,reviewed,,Lello,2026-04-22T09:23:36+00:00,5
img_00008536,images/img_00008536.jpg,02_deepfirearm,deepfirearm,85b9c6b99fbf91cc7a532e452a7803f5145e03a34a876ab48d271b0c91997e5f,weapon,reviewed,,Lello,2026-04-22T09:23:37+00:00,5
img_00008542,images/img_00008542.jpg,02_deepfirearm,deepfirearm,45579bd8aa1598b83c18fa4078cdcf71aca2d5185cb1727ced3dde166fa81791,weapon,reviewed,,Lello,2026-04-22T09:23:41+00:00,5
img_00009539,images/img_00009539.jpg,02_deepfirearm,deepfirearm,8908769a1994b31df13f4a7c02388cbea8c56342b05ece0cc444563aa3d1bab1,weapon,reviewed,,Lello,2026-04-22T09:23:50+00:00,5
img_00009540,images/img_00009540.jpg,02_deepfirearm,deepfirearm,31024cb227fbacee6446e65ae3f3c1e0601ff2bee3e17e7755b7c5edbdfb230b,weapon,reviewed,,Lello,2026-04-22T09:23:52+00:00,5
img_00009542,images/img_00009542.jpg,02_deepfirearm,deepfirearm,8898dfb1e29fd2e83a821dd05b5811e6a537cdd2e96a9eb760a099e88f362ab2,weapon,reviewed,,Lello,2026-04-22T09:23:56+00:00,5
img_00009546,images/img_00009546.jpg,02_deepfirearm,deepfirearm,7958b31781c2fce05af79a6a1ac5e387b33ca5209f7ecb29e26159a5053cde25,weapon,reviewed,,Lello,2026-04-22T09:23:53+00:00,5
img_00009550,images/img_00009550.jpg,02_deepfirearm,deepfirearm,0a8e05599cc6d12d6d8213550453f1dfe164feb2f4e538811690f95ce18996d6,weapon,reviewed,,Lello,2026-04-22T09:23:57+00:00,5
img_00010544,images/img_00010544.jpg,02_deepfirearm,deepfirearm,7d09a178d07067000edada6560d9d7e277a58dadd3188689470541809cf2d27d,weapon,reviewed,,Lello,2026-04-22T09:24:07+00:00,5
img_00010546,images/img_00010546.jpg,02_deepfirearm,deepfirearm,783b1e9c0bc36d6ebed6d8dfd6c3f0d350c76d128c2a601f225e4fff4042329c,weapon,reviewed,,Lello,2026-04-22T09:24:05+00:00,5
img_00010547,images/img_00010547.jpg,02_deepfirearm,deepfirearm,1472f967a0041cafdb71e97ceacf7fdd7a8e0c9526b83c58321563421b308521,weapon,reviewed,,Lello,2026-04-22T09:24:12+00:00,5
img_00010548,images/img_00010548.jpg,02_deepfirearm,deepfirearm,2e09b752cfd7bb85772be78f3e8df64ed2225d6abc180360f8741934df81bc3d,weapon,reviewed,,Lello,2026-04-22T09:24:10+00:00,5
img_00010550,images/img_00010550.jpg,02_deepfirearm,deepfirearm,cf3b78a34b7bc4bd2012a82ee754ab2429227d43cb89d95ed8fd3b990f7676f7,weapon,reviewed,,Lello,2026-04-22T09:24:09+00:00,5
img_00010551,images/img_00010551.jpg,02_deepfirearm,deepfirearm,fc4c92dc3a9a81b896c88b5038a01632210edccf34bffdd565f9fa783df86be4,weapon,reviewed,,Lello,2026-04-22T09:24:08+00:00,5
img_00010556,images/img_00010556.jpg,02_deepfirearm,deepfirearm,be94d2c01091b56b9577e04433edf9f91bee61b7b1376d9ba3032973ba9e8c4f,weapon,reviewed,,Lello,2026-04-22T09:24:11+00:00,5
img_00011551,images/img_00011551.jpg,02_deepfirearm,deepfirearm,0c5d7fab3fdb403c53556221cff8e4feb91239592f11f22bdeca819f61e23aa5,weapon,reviewed,,Lello,2026-04-22T09:24:21+00:00,5
img_00011553,images/img_00011553.jpg,02_deepfirearm,deepfirearm,c25ce78eee975c4f976b254c8089930109ab94d509723c334c6e52d839969c72,weapon,reviewed,,Lello,2026-04-22T09:24:23+00:00,5
img_00011557,images/img_00011557.jpg,02_deepfirearm,deepfirearm,38d00ba41327b9cbad7eadbedd8e0be775f02b2817079276657957ba9b9e0802,weapon,reviewed,,Lello,2026-04-22T09:24:22+00:00,5
img_00012629,images/img_00012629.jpg,03_google_scraped,google,bb061123949d8d51ce1a4f199d0d46175863bd6b70397340c7ff5ffe63d54067,weapon,reviewed,,Lello,2026-04-22T09:25:11+00:00,3
img_00012630,images/img_00012630.jpg,03_google_scraped,google,a8cc7824de91cb946de1ff1c76b82081d42564ca5b6d655aa365b02f5a42abb8,weapon,reviewed,,Lello,2026-04-22T09:25:08+00:00,3
img_00012634,images/img_00012634.jpg,03_google_scraped,google,351a53f1caccbe9c9ab503338331f05e154e22f23ce734c19732353ac5316f42,weapon,reviewed,,Lello,2026-04-22T09:25:32+00:00,3
img_00012639,images/img_00012639.jpg,03_google_scraped,google,8a2fda9023cbf4e85fdc00bd9e581784f27b86cb3ca504baae0b204397b67e71,weapon,reviewed,,Lello,2026-04-22T09:25:34+00:00,3
img_00012640,images/img_00012640.jpg,03_google_scraped,google,d801f0666151c98f81f52fa542560ce5f40f5332ebfa711204c9d36a745a5032,weapon,reviewed,,Lello,2026-04-22T09:25:36+00:00,3
img_00012653,images/img_00012653.jpg,03_google_scraped,google,dadca2ffaadeb13d33b31bdc43e75cc7f54ddeae80bb9e674269a5aac9aa1625,weapon,reviewed,,Lello,2026-04-22T09:25:44+00:00,3
img_00012660,images/img_00012660.jpg,03_google_scraped,google,fc80d9ab5745e9e1d071d2cca23c0de647b0d2851346463e2f542c6aa4172d0f,weapon,reviewed,,Lello,2026-04-22T09:25:56+00:00,3
img_00012665,images/img_00012665.jpg,03_google_scraped,google,3789ad430bdd66a05fed20da84bea6cb2743b0fdbcdc21db68bd42c9fc6b75d4,weapon,reviewed,,Lello,2026-04-22T09:25:54+00:00,3
img_00012675,images/img_00012675.jpg,03_google_scraped,google,30a0ad85dbc7dfa0b0c699ecbfc2e9f743554b82447d99583bff3cf1d4c82bce,weapon,reviewed,,Lello,2026-04-22T09:26:18+00:00,3
img_00012676,images/img_00012676.jpg,03_google_scraped,google,803464134a26402ca424e4db81c1229afe90c06fe952583524879c995dff8294,weapon,reviewed,,Lello,2026-04-22T09:26:03+00:00,3
img_00012677,images/img_00012677.png,03_google_scraped,google,584350afd25adce0c1be1b490efaa91c2d2ab8eff7f3b41a204b847f47de3ab2,weapon,reviewed,,Lello,2026-04-22T09:26:07+00:00,3
img_00012678,images/img_00012678.jpg,03_google_scraped,google,c6de0cc419f5154e2ab0717b61cb7a9314ba9f402cfd87878938eb3c76c049a9,weapon,reviewed,,Lello,2026-04-22T09:26:05+00:00,3
img_00012682,images/img_00012682.jpg,03_google_scraped,google,d9b1b91768f8cf06315033c64381d88355fceefcb0e7ab4c29741359880d47ff,weapon,reviewed,,Lello,2026-04-22T09:26:20+00:00,3
img_00012683,images/img_00012683.jpg,03_google_scraped,google,37b6fd05072d421ce8134834c0740e57e83756fc5741d9a24194c3e96f9f69a3,weapon,reviewed,,Lello,2026-04-22T09:26:22+00:00,3
img_00012684,images/img_00012684.jpg,03_google_scraped,google,a5db7c4e7bfb832708c7256e10da8934cd17bd3258570bff4e55708222e127e0,weapon,reviewed,,Lello,2026-04-22T09:26:25+00:00,3
img_00012685,images/img_00012685.jpg,03_google_scraped,google,eb647a915afe07e9805df473f2e78e59b0299f4af847163c2d70e5b1bf42bb04,weapon,reviewed,,Lello,2026-04-22T09:26:27+00:00,3
img_00012686,images/img_00012686.jpg,03_google_scraped,google,c7fbe61821d006584c7f698c2689955bf16484c9d2875aff2fa5149a944e093f,weapon,reviewed,,Lello,2026-04-22T09:26:29+00:00,3
img_00012688,images/img_00012688.jpg,03_google_scraped,google,12019a2829f8db2755154647fbfeeab975e07694359eadd7ec21022dbce6ebc6,weapon,reviewed,,Lello,2026-04-22T09:26:32+00:00,3
img_00012689,images/img_00012689.jpg,03_google_scraped,google,10f7992fa692e3c82fa1f5ab14ab8c98774c5c83a3ac6fd8083f5797319e84aa,weapon,reviewed,,Lello,2026-04-22T09:26:35+00:00,3
img_00012691,images/img_00012691.jpg,03_google_scraped,google,3e63dce8ba25bfbebf24fb4c5b9cdf3bdac75a6e7ff39ff8561072460550f206,weapon,reviewed,,Lello,2026-04-22T09:26:39+00:00,3
img_00012693,images/img_00012693.jpg,03_google_scraped,google,b3f31d9217e67724cd40294d48ce588f1f76211e04a6998007d9cbf8c77ec0e5,weapon,reviewed,,Lello,2026-04-22T09:27:20+00:00,3
img_00012698,images/img_00012698.png,03_google_scraped,google,7bfa1492bc7916d770075adf3d9ed56beeea7832189b5cf57177d055844c9679,weapon,reviewed,,Lello,2026-04-22T09:26:45+00:00,3
img_00012699,images/img_00012699.jpg,03_google_scraped,google,4db66c7b101ef0072f120ca9d047a649cee601b4aa7d3ae7034daced070bd922,weapon,reviewed,,Lello,2026-04-22T09:26:47+00:00,3
img_00012700,images/img_00012700.jpg,03_google_scraped,google,ac3b369fd937b03034be09cc7694c50967836448e3efeca59f4d39bf9d20c1f6,weapon,reviewed,,Lello,2026-04-22T09:26:48+00:00,3
img_00012707,images/img_00012707.jpg,03_google_scraped,google,e9ab9cd455ef055ef035947b2b3bf1a3ca23ef6fe1201e11608694f0cf3bbf61,weapon,reviewed,,Lello,2026-04-22T09:27:08+00:00,3
img_00012716,images/img_00012716.jpg,03_google_scraped,google,61db5e3633af9e85bb9a8c843e6b8ffbef7a9fcca832063a5f01cbc691ab1f5e,weapon,reviewed,,Lello,2026-04-22T09:27:29+00:00,3
img_00012721,images/img_00012721.jpg,03_google_scraped,google,0eeaba943122848cef664c681c80b9e8e6725b815dfb3d1cc68d6e985f24496a,weapon,reviewed,,Lello,2026-04-22T09:27:28+00:00,3
img_00012722,images/img_00012722.jpg,03_google_scraped,google,7d12fb229c5bba6d6f9d373c611299b45b580333b3992e048841fa960923828e,weapon,reviewed,,Lello,2026-04-22T09:27:31+00:00,3
img_00012723,images/img_00012723.jpg,03_google_scraped,google,ad07271644b13892c365440b1d3e5a3305b4d295e33cb32d60bf884b08fe5e98,weapon,reviewed,,Lello,2026-04-22T09:27:33+00:00,3
img_00012724,images/img_00012724.jpg,03_google_scraped,google,0a9d9126119ea80919cd1e3a86386ed7e76f7d72a144e1a1059e2b03028b0ea2,weapon,reviewed,,Lello,2026-04-22T09:27:34+00:00,3
img_00012726,images/img_00012726.jpg,03_google_scraped,google,868c789c2072e52e0cc03e92f2dac316161fddc8ae23ef7522244d7abbf29b2f,weapon,reviewed,,Lello,2026-04-22T09:27:37+00:00,3
img_00012733,images/img_00012733.jpg,03_google_scraped,google,6c7885f1e335a2a2a55bd09b169f0c5704ab933d58896087caa8ad289270b6fb,weapon,reviewed,,Lello,2026-04-22T09:27:46+00:00,3
img_00012734,images/img_00012734.jpg,03_google_scraped,google,3ae487c2f207073f604d9e8505767a7601416d39268b56db48a00021c5941714,weapon,reviewed,,Lello,2026-04-22T09:27:47+00:00,3
img_00012736,images/img_00012736.png,03_google_scraped,google,d9e0c31fc118b8f517feb488e4eadb5d8f691fc62c6a21ee64f18cf69097d3dd,weapon,reviewed,,Lello,2026-04-22T09:27:50+00:00,3
img_00012741,images/img_00012741.png,03_google_scraped,google,67d82f296bc58a5de50ae1151f5179549a7e93e1ac1d0937afcb9236db04c87f,weapon,reviewed,,Lello,2026-04-22T09:27:59+00:00,3
img_00012742,images/img_00012742.jpg,03_google_scraped,google,9be68b053f30850a76d2061e616dd74b0882c93ef0aae9f8df3667ba91c39f30,weapon,reviewed,,Lello,2026-04-22T09:28:02+00:00,3
img_00012743,images/img_00012743.jpg,03_google_scraped,google,4404de9e01ada3e9c815c520f447a78f232a8de731e6206fd76b95e3163b42c4,weapon,reviewed,,Lello,2026-04-22T09:28:05+00:00,3
img_00012744,images/img_00012744.jpg,03_google_scraped,google,20ed3b7a9222df901095ea55c8b2f85f526e7ee3c00a49dab57efd6c28347c5b,weapon,reviewed,,Lello,2026-04-22T09:28:07+00:00,3
img_00012745,images/img_00012745.jpg,03_google_scraped,google,1bc0b6721ce995356eb22b00b44f8c0d058e828987f5f703037cc1570913b296,weapon,reviewed,,Lello,2026-04-22T09:28:09+00:00,3
img_00012746,images/img_00012746.jpg,03_google_scraped,google,35ca99e2489670be3477816c4ec9c17561701047612d0f5dfddb3179a4a26ab5,weapon,reviewed,,Lello,2026-04-22T09:28:11+00:00,3
img_00012747,images/img_00012747.jpg,03_google_scraped,google,edd6979e1d82d0711bc88d9ba500dce1350c13da5d150fce9f5385e9e388f4e9,weapon,reviewed,,Lello,2026-04-22T09:28:12+00:00,3
img_00012748,images/img_00012748.jpg,03_google_scraped,google,84e96066f58f6b4080ca2981697f5759ac1809db6ad88405807763dd73295156,weapon,reviewed,,Lello,2026-04-22T09:28:14+00:00,3
img_00012749,images/img_00012749.jpg,03_google_scraped,google,18ddb904342f722068ccd52e26b22902ec297a77b901e5a634f8ed967e009660,weapon,reviewed,,Lello,2026-04-22T09:28:15+00:00,3
img_00012750,images/img_00012750.jpg,03_google_scraped,google,8cb596855643555c7063e27df9789b13dca33e66b90b5931dbfb75ca4a52a8c0,weapon,reviewed,,Lello,2026-04-22T09:28:16+00:00,3
img_00012751,images/img_00012751.jpg,03_google_scraped,google,80ab6d3bc54935ac6b94254f60670bd8f61b3fbe7cf466ca93e81f1c26b7ab91,weapon,reviewed,,Lello,2026-04-22T09:28:18+00:00,3
img_00012752,images/img_00012752.jpg,03_google_scraped,google,7c3e1b9daae64538b147bd9d05a80559e58be682c4ef2729a1a4a9863314ba83,weapon,reviewed,,Lello,2026-04-22T09:28:20+00:00,3
img_00012753,images/img_00012753.jpg,03_google_scraped,google,9e7c6b5042560b89d84e425db2c41b959f1fa3b0056364b0ec6be2cd7d1306e5,weapon,reviewed,,Lello,2026-04-22T09:28:22+00:00,3
img_00012754,images/img_00012754.jpg,03_google_scraped,google,b44f22d26d71e4cc87dda3a65d65df4135bc083694c1c5a914e254da9c190cb6,weapon,reviewed,,Lello,2026-04-22T09:28:23+00:00,3
img_00012755,images/img_00012755.jpg,03_google_scraped,google,97d6b7d5528ceaa413ab0192f6786d999085a603c54c45919f2cb7de74cda07f,weapon,reviewed,,Lello,2026-04-22T09:28:25+00:00,3
img_00012756,images/img_00012756.jpg,03_google_scraped,google,27769ba64d117d96e15016345a4521c283c027853616aea0f876c2a931c2eed4,weapon,reviewed,,Lello,2026-04-22T09:28:27+00:00,3
img_00012757,images/img_00012757.jpg,03_google_scraped,google,b276e5eca8713a03cf77434acc18bca30a1d2aab6b5e57a7dde8bfc6ceb26668,weapon,reviewed,,Lello,2026-04-22T09:28:29+00:00,3
img_00012758,images/img_00012758.jpg,03_google_scraped,google,1a02812f927be1e3f86e4f2abaf39a2713ce234808911dfc22e5dc4b2dd0269e,weapon,reviewed,,Lello,2026-04-22T09:28:31+00:00,3
img_00012777,images/img_00012777.jpg,03_google_scraped,google,dfcf386d6a7b7aa9a88e3a3b479b3df7132ad731f58aa09049fe68200569a392,weapon,reviewed,,Lello,2026-04-22T09:28:35+00:00,3
img_00012787,images/img_00012787.png,03_google_scraped,google,c87ad92348b7e43c42b12b71e5dc471bef0129667b8cc2bf2aca95729d8fc48a,weapon,reviewed,,Lello,2026-04-22T09:28:56+00:00,3
img_00012791,images/img_00012791.jpg,03_google_scraped,google,5a26422d96f86eece864fc040e91858015c5b89a1881748d38851393c2fdf1e2,weapon,reviewed,,Lello,2026-04-22T09:28:53+00:00,3
img_00012810,images/img_00012810.jpg,03_google_scraped,google,3df2cfade0e8f53bd1ec0733a9f3835213326a608b5cd9b7b8c2d89bd7a1fe44,weapon,reviewed,,Lello,2026-04-22T09:29:04+00:00,3
img_00012818,images/img_00012818.jpg,03_google_scraped,google,5173decfdde2ebb69ff85284920bfa3a55fc9eac42415b015cce71030206118d,weapon,reviewed,,Lello,2026-04-22T09:29:09+00:00,3
img_00012827,images/img_00012827.jpg,03_google_scraped,google,bf2496abe1532cca921c780670e9829c483810b5e12267110fcd0224cdc99a55,weapon,reviewed,,Lello,2026-04-22T09:29:14+00:00,3
img_00012879,images/img_00012879.jpg,03_google_scraped,google,7671f8c748ccaa5c7ec6dbbd31de4652547083d0978d8ced5224da884562ff48,weapon,reviewed,,Lello,2026-04-22T09:29:57+00:00,3
img_00012887,images/img_00012887.jpg,03_google_scraped,google,842dc475344854234c57db3195c2b5129ffaf9ad6ac58de343a610ac187dbd4b,weapon,reviewed,,Lello,2026-04-22T09:29:51+00:00,3
img_00012891,images/img_00012891.jpg,03_google_scraped,google,c1b455d38e0bf5a46258729ee99575d3818ff2c913ac0d9ee3e72070ef2997d8,weapon,reviewed,,Lello,2026-04-22T09:30:00+00:00,3
img_00012898,images/img_00012898.jpg,03_google_scraped,google,6ec29f353ebcb83a9eb8eec2122757066b9e6968d3e18cf0450f4e8969e4ac7b,weapon,reviewed,,Lello,2026-04-22T09:30:25+00:00,3
img_00012900,images/img_00012900.jpg,03_google_scraped,google,45968d589b0b8a145cf0f37768f475a7c19853fffd23a3ec0e182e56616b368b,weapon,reviewed,,Lello,2026-04-22T09:30:22+00:00,3
img_00012909,images/img_00012909.jpg,03_google_scraped,google,393a6ca248b654392937f2413de070ecc6319b989e5aa500385194ec07cd732c,weapon,reviewed,,Lello,2026-04-22T09:30:48+00:00,3
img_00012914,images/img_00012914.jpg,03_google_scraped,google,0fe5f8dae684234ecef0d83bb3699ef82a0cd2397934861da10a583c044c5164,weapon,reviewed,,Lello,2026-04-22T09:30:43+00:00,3
img_00012917,images/img_00012917.jpg,03_google_scraped,google,a89c181ea95b9b668bdbda26518cf9cbf6ae837c1bbf6d2ede292c414a247694,weapon,reviewed,,Lello,2026-04-22T09:30:46+00:00,3
img_00012918,images/img_00012918.jpg,03_google_scraped,google,ad441d74fc170c04c14ac596922500f2bada0c41534ee5b05c686d559edceb53,weapon,reviewed,,Lello,2026-04-22T09:30:51+00:00,3
img_00012940,images/img_00012940.jpg,03_google_scraped,google,acb1d6fb77d016ce3f35997de5907be12f73acb685a0737f75cd64a1d393ea94,weapon,reviewed,,Lello,2026-04-22T09:31:29+00:00,3
img_00012941,images/img_00012941.jpg,03_google_scraped,google,7010e8a185a14d665f73b73427c5fc1638b1c07d5c174c779ed40531da5dde56,weapon,reviewed,,Lello,2026-04-22T09:31:17+00:00,3
img_00012950,images/img_00012950.jpg,03_google_scraped,google,df61c1e258dbbbd7389654b9d83e5699d436327ecdaa891447349b4f7dbbc046,weapon,reviewed,,Lello,2026-04-22T09:31:40+00:00,3
img_00012951,images/img_00012951.jpg,03_google_scraped,google,9cc55a84a481727e25bbb1bf1a0e7e14bc82184d83394eac28bc3eadfe34f7f6,weapon,reviewed,,Lello,2026-04-22T09:31:45+00:00,3
img_00012952,images/img_00012952.jpg,03_google_scraped,google,350f9263fdf69784cde491faf3f5042824345331ea3a22fda4839596497ca6b0,weapon,reviewed,,Lello,2026-04-22T09:31:42+00:00,3
img_00012953,images/img_00012953.jpg,03_google_scraped,google,a46d7fd9a6d5a4021126493da396a2503cf20d7d8cf3edae42db23a885ffe7be,weapon,reviewed,,Lello,2026-04-22T09:31:51+00:00,3
img_00012954,images/img_00012954.jpg,03_google_scraped,google,45d48ec52c437f0d27bc46d3fabb15bc8f08c8f51807e4ac3f7db93c0f8f988b,weapon,reviewed,,Lello,2026-04-22T09:31:47+00:00,3
img_00012955,images/img_00012955.jpg,03_google_scraped,google,0c63c3de223a957d9117752f67f33105f4b01989504692a0161857980e454aa7,weapon,reviewed,,Lello,2026-04-22T09:31:49+00:00,3
img_00012963,images/img_00012963.jpg,03_google_scraped,google,6624a9d1a26e2de934d5a484300ea086f1321a1b3b98d1549a290867528799a3,weapon,reviewed,,Lello,2026-04-22T09:31:54+00:00,3
img_00012965,images/img_00012965.jpg,03_google_scraped,google,de0f5115bec0a14204d3c10e5cfd9165eee62b42862804cb0ff6b8f6ce11fe0b,weapon,reviewed,,Lello,2026-04-22T09:31:56+00:00,3
img_00012967,images/img_00012967.jpg,03_google_scraped,google,866fab7641ea4019b92d525ccc4baee0c8c843cfbdead1746b547681dc38210f,weapon,reviewed,,Lello,2026-04-22T09:32:01+00:00,3
img_00012972,images/img_00012972.jpg,03_google_scraped,google,c1e45e97e75ae69e2ef03aedae91b2efc187ff3cc33b613a599ee66d6ca45772,weapon,reviewed,,Lello,2026-04-22T09:32:08+00:00,3
img_00012974,images/img_00012974.png,03_google_scraped,google,77cb5d7d1c99348dadf0b9870dfc07a47572e27f6571e4fdb9f054bdc150f9ca,weapon,reviewed,,Lello,2026-04-22T09:32:06+00:00,3
img_00012981,images/img_00012981.jpg,03_google_scraped,google,082d8f8bdcdc38820cf67028102f41675fceabd414710bde3f2e4e741c09ff5c,weapon,reviewed,,Lello,2026-04-22T09:32:21+00:00,3
img_00012982,images/img_00012982.jpg,03_google_scraped,google,e0b112960f463417b47edec80d5ff8f61d0b820cd1dcd17130b8dd29c4e33349,weapon,reviewed,,Lello,2026-04-22T09:32:18+00:00,3
img_00012989,images/img_00012989.jpg,03_google_scraped,google,30b0bbfcd74db7b1415efa1a0c05369948052caf6cec6386df538cf545c952a5,weapon,reviewed,,Lello,2026-04-22T09:32:13+00:00,3
img_00013012,images/img_00013012.jpg,03_google_scraped,google,d943503f8998d72689c18cf3d28b6cb8fd671dcc5ceb1186f51851197b5d858f,weapon,reviewed,,Lello,2026-04-22T09:32:34+00:00,3
img_00013014,images/img_00013014.jpg,03_google_scraped,google,dc7a7f665f46147cf4d9bf6ce755bc99742be3cfc43fa0e14252dd7719093964,weapon,reviewed,,Lello,2026-04-22T09:32:37+00:00,3
img_00013015,images/img_00013015.jpg,03_google_scraped,google,92c16d12f874259de7287fed18be47b0dbb4cf5341eccaabaeaf90c7f082ac64,weapon,reviewed,,Lello,2026-04-22T09:32:40+00:00,3
img_00013118,images/img_00013118.jpg,03_google_scraped,google,74cbf4d1e16089744b4add769592c505e84289aee5dcf43e26ba2df71bb76e9f,weapon,reviewed,,Lello,2026-04-22T09:33:08+00:00,3
img_00013119,images/img_00013119.jpg,03_google_scraped,google,58c230f3dc3add7a6c08dcca570f39ea849525b70827b9f0903fbb2c8cfd56b0,weapon,reviewed,,Lello,2026-04-22T09:33:10+00:00,3
img_00013123,images/img_00013123.jpg,03_google_scraped,google,9d59eae6c8bc601615befda4ebfca35372308c96df28f928df35521c04be5ace,weapon,reviewed,,Lello,2026-04-22T09:33:14+00:00,3
img_00013126,images/img_00013126.jpg,03_google_scraped,google,70e5f5b8830857c95fc1802b3fc625fa44dd76504f6e2cf75589f9815215991e,weapon,reviewed,,Lello,2026-04-22T09:33:12+00:00,3
img_00013130,images/img_00013130.jpg,03_google_scraped,google,1604c1e2096ad92d4aa57ad777b8ae7136924f3747fe52a923646286068f4f46,weapon,reviewed,,Lello,2026-04-22T09:33:16+00:00,3
img_00013132,images/img_00013132.jpg,03_google_scraped,google,f3ad3303a97b8f803955faa91742b600876ed62948a56516dfc3f249b61bc6b1,weapon,reviewed,,Lello,2026-04-22T09:33:21+00:00,3
img_00013133,images/img_00013133.jpg,03_google_scraped,google,680dc85319510f58bc1f806c4e8fe8f9fc66097ee9a3879ed7ec1174a6289f2a,weapon,reviewed,,Lello,2026-04-22T09:33:23+00:00,3
img_00013139,images/img_00013139.jpg,03_google_scraped,google,394e66f5152a855b34efea203b554a6c50b718d98e383288192f4ffa573beeb3,weapon,reviewed,,Lello,2026-04-22T09:33:33+00:00,3
img_00013140,images/img_00013140.jpg,03_google_scraped,google,eeec590e2ba7051c283f707e16739347c06d9860d7772e9a83d3451e8999f644,weapon,reviewed,,Lello,2026-04-22T09:33:19+00:00,3
img_00013142,images/img_00013142.jpg,03_google_scraped,google,a1cc487c5bc63421054f38b13be81f4e05f90062fe32a6d0144f58ffa072861d,weapon,reviewed,,Lello,2026-04-22T09:33:25+00:00,3
img_00013143,images/img_00013143.jpg,03_google_scraped,google,d9cdbfccf85624233bb4366eddac48215ea5fe0a40d04aa0c8887d1eb4e862c6,weapon,reviewed,,Lello,2026-04-22T09:33:28+00:00,3
img_00013144,images/img_00013144.jpg,03_google_scraped,google,747ade9701ac68d130009835a504d405377a2f5d1ce2f73f715667cb1107feee,weapon,reviewed,,Lello,2026-04-22T09:33:30+00:00,3
img_00013146,images/img_00013146.jpg,03_google_scraped,google,136c22bc8f0a0406e8cf665bd6f1fa7ee50d1b978697fd0934f111dec81c99e0,weapon,reviewed,,Lello,2026-04-22T09:33:35+00:00,3
img_00013210,images/img_00013210.png,03_google_scraped,google,02f7dd664b1635f571ac163dedf2d7b9f10f5556fe04df97d011f502c8631e75,weapon,reviewed,,Lello,2026-04-22T10:53:05+00:00,3
img_00013474,images/img_00013474.jpg,04_telegram_youtube,telegram_youtube,2afa48534d2ef80dd34df15742f9431dc1be84e9eed7c7aed6b34922cbc82a0a,weapon,reviewed,,Lello,2026-04-22T09:54:07+00:00,1
img_00013478,images/img_00013478.jpg,04_telegram_youtube,telegram_youtube,254e8331ea84a3a96a8fdcbfd42cb2354d21493259212dc62ca467cf3dcd14de,weapon,reviewed,,Lello,2026-04-22T09:54:38+00:00,1
img_00013504,images/img_00013504.jpg,04_telegram_youtube,telegram_youtube,2213ffb3f95be127bb876b41409f5021014c27f349906398b9bd2b038282f9d1,weapon,reviewed,,Lello,2026-04-22T09:56:03+00:00,1
img_00013507,images/img_00013507.jpg,04_telegram_youtube,telegram_youtube,29e28ebf3bdeea6da39bf84e22ffdf95cb821c07c4ed31df2cded2089a612599,weapon,reviewed,,Lello,2026-04-22T09:56:07+00:00,1
img_00013508,images/img_00013508.jpg,04_telegram_youtube,telegram_youtube,c8e603f44e8f00b38f3a427b354bd493a1de03f9f441f42b3e89a9a8568fbcd3,weapon,reviewed,,Lello,2026-04-22T09:56:30+00:00,1
img_00013509,images/img_00013509.jpg,04_telegram_youtube,telegram_youtube,6e55aac45a45e7add4acc910052e5509ef7465b6fab8fd251f2ddf6feb2f3b94,weapon,reviewed,,Lello,2026-04-22T09:56:34+00:00,1
img_00013510,images/img_00013510.jpg,04_telegram_youtube,telegram_youtube,7cdc77007790fbbaa93caed887d8db4d5ebe885a93c4e4f034611945005206d2,weapon,reviewed,,Lello,2026-04-22T09:56:50+00:00,1
img_00013520,images/img_00013520.jpg,04_telegram_youtube,telegram_youtube,809c8ccfcd738b42dc577ee8dd1e7ea435daa889b161904c6ea3f035e614ae5b,weapon,reviewed,,Lello,2026-04-22T09:57:08+00:00,1
img_00013522,images/img_00013522.jpg,04_telegram_youtube,telegram_youtube,18f338d68e26bacc00c7378ceaa3f1deda3330b6fdaf64fdb46cd61043b5a6f1,weapon,reviewed,,Lello,2026-04-22T09:57:10+00:00,1
img_00013526,images/img_00013526.jpg,04_telegram_youtube,telegram_youtube,84411a24420aad56434fa15cea35ff086809af727902e00355459b788b98a687,weapon,reviewed,,Lello,2026-04-22T09:57:31+00:00,1
img_00013527,images/img_00013527.jpg,04_telegram_youtube,telegram_youtube,5c3518d52771263f61a25ccc86ea8fe274e9a64b33489ca6238c9e49f250232d,weapon,reviewed,,Lello,2026-04-22T09:57:33+00:00,1
img_00013528,images/img_00013528.jpg,04_telegram_youtube,telegram_youtube,6efe3af96090c8beb321d970b572dfc5f68f3c86f7666d471b6f00c2179a3a58,weapon,reviewed,,Lello,2026-04-22T09:57:34+00:00,1
img_00013529,images/img_00013529.jpg,04_telegram_youtube,telegram_youtube,66287582789707b08bde9c3318432a02e26a24d65084e6d9cd697c7a30ca3f18,weapon,reviewed,,Lello,2026-04-22T09:57:36+00:00,1
img_00013530,images/img_00013530.jpg,04_telegram_youtube,telegram_youtube,7dc3b527e0f8c89c702f1a52d6220328ba661ee7a7b72ad8f3a5650afcbd56fe,weapon,reviewed,,Lello,2026-04-22T09:57:37+00:00,1
img_00013531,images/img_00013531.jpg,04_telegram_youtube,telegram_youtube,9981e909424b630f56872193992c6daf7648b7632e20451a55c786e6cb2d8f60,weapon,reviewed,,Lello,2026-04-22T09:57:39+00:00,1
img_00013533,images/img_00013533.jpg,04_telegram_youtube,telegram_youtube,81cde293c50a1fd1edae353b662b272431666c73abfb7b1dca6b7004b9d0e6e4,weapon,reviewed,,Lello,2026-04-22T09:57:42+00:00,1
img_00013534,images/img_00013534.jpg,04_telegram_youtube,telegram_youtube,b20fffff1716f17c2155b10bd38fade760efc17fd80eea67077d1e3cb76e7008,weapon,reviewed,,Lello,2026-04-22T09:57:43+00:00,1
img_00013535,images/img_00013535.jpg,04_telegram_youtube,telegram_youtube,f66fa9e13b607807eeacbcc3def6906b5eb1278d521a11091706c6c04cbd82b5,weapon,reviewed,,Lello,2026-04-22T09:57:45+00:00,1
img_00013536,images/img_00013536.jpg,04_telegram_youtube,telegram_youtube,dcce5fda180f2433afca672b30d9c4ee13216de4bbd48835d9cded5026b6ed4f,weapon,reviewed,,Lello,2026-04-22T09:57:46+00:00,1
img_00013537,images/img_00013537.jpg,04_telegram_youtube,telegram_youtube,41e65c3bf79ad520b23d91d5dc1accb886bf07ff2b09efdb4bd8f259116559d5,weapon,reviewed,,Lello,2026-04-22T09:57:48+00:00,1
img_00013538,images/img_00013538.jpg,04_telegram_youtube,telegram_youtube,a9546f32b8500eeeff24c6860a04041c59f4ac538fb386d1a49b83e772532b74,weapon,reviewed,,Lello,2026-04-22T09:57:49+00:00,1
img_00013539,images/img_00013539.jpg,04_telegram_youtube,telegram_youtube,8126145c145351bcdd53eaff61acdbf2751e240b2d1600abdc3a8e98f2935bb5,weapon,reviewed,,Lello,2026-04-22T09:57:51+00:00,1
img_00013540,images/img_00013540.jpg,04_telegram_youtube,telegram_youtube,8afe2a7c65b35f2b46226db28e0b09bdfbf07c2a943e0b46addec85552c01579,weapon,reviewed,,Lello,2026-04-22T09:57:53+00:00,1
img_00013541,images/img_00013541.jpg,04_telegram_youtube,telegram_youtube,afdd9050e99b84b5d8696aa33296699cb59db7a48834ff01b9455f6332544b06,weapon,reviewed,,Lello,2026-04-22T09:57:54+00:00,1
img_00013542,images/img_00013542.jpg,04_telegram_youtube,telegram_youtube,1052f080279fc66abf385a039e9ac03bb868030774e1a642f784644178fddfef,weapon,reviewed,,Lello,2026-04-22T09:57:56+00:00,1
img_00013544,images/img_00013544.jpg,04_telegram_youtube,telegram_youtube,6763dee99be7c0851aaaedeb7bad1b3fcd1d0c6e1afc47f854f77a02e1a673fe,weapon,reviewed,,Lello,2026-04-22T09:57:59+00:00,1
img_00013545,images/img_00013545.jpg,04_telegram_youtube,telegram_youtube,5be0a33694259a447bdc5d648545a3ec85fb67b36dfa1b878b7d8e6aad80f507,weapon,reviewed,,Lello,2026-04-22T09:58:01+00:00,1
img_00013546,images/img_00013546.jpg,04_telegram_youtube,telegram_youtube,3c939d4f435aa05d31d508a25382a23ef4579dcc38ef5a7c59949ac698e02e57,weapon,reviewed,,Lello,2026-04-22T09:58:02+00:00,1
img_00013547,images/img_00013547.jpg,04_telegram_youtube,telegram_youtube,702f3da42d10ba698bdc7bd987a35771211d67847ebcb288b732c87774c5d520,weapon,reviewed,,Lello,2026-04-22T09:58:11+00:00,1
img_00013552,images/img_00013552.jpg,04_telegram_youtube,telegram_youtube,c7dd4fe28e5033173a5de5d6553a1f532c2f68b0274076cca995ee2ef097e438,weapon,reviewed,,Lello,2026-04-22T09:58:19+00:00,1
img_00013553,images/img_00013553.jpg,04_telegram_youtube,telegram_youtube,ce199d0d12f83e19fc8ca8452aff9e536f4f30cea392cd28b97ee7035ce9294d,weapon,reviewed,,Lello,2026-04-22T09:58:21+00:00,1
img_00013555,images/img_00013555.jpg,04_telegram_youtube,telegram_youtube,4436fa2dddbd9b02cdeea8494c6a6d8bf66a2a8956a7587fd5f1f167ba042753,weapon,reviewed,,Lello,2026-04-22T09:58:25+00:00,1
img_00013557,images/img_00013557.jpg,04_telegram_youtube,telegram_youtube,67e888fe925ed66f6cdb47325bc387035b9bb13d44ad86dbfaec9bf14cf43f62,weapon,reviewed,,Lello,2026-04-22T09:58:27+00:00,1
img_00013562,images/img_00013562.jpg,04_telegram_youtube,telegram_youtube,4cefac58bba7344fbe34179980872659638b3ea62e396a18396bb5b0b411b485,weapon,reviewed,,Lello,2026-04-22T09:58:36+00:00,1
img_00013563,images/img_00013563.jpg,04_telegram_youtube,telegram_youtube,dd5e3e29a99ede3cad2472d2c969c30f240abce7f703c8c491f012cc7e689a60,weapon,reviewed,,Lello,2026-04-22T09:58:37+00:00,1
img_00013565,images/img_00013565.jpg,04_telegram_youtube,telegram_youtube,abe731eaaded6d9ab18483f78843bce6baf10bbb638c791a8e1f42031c340948,weapon,reviewed,,Lello,2026-04-22T09:58:40+00:00,1
img_00013566,images/img_00013566.jpg,04_telegram_youtube,telegram_youtube,d063916765fe92803578e8da76c181e6bac03c81dc48724022cfcfcb88a5d488,weapon,reviewed,,Lello,2026-04-22T09:58:42+00:00,1
img_00013567,images/img_00013567.jpg,04_telegram_youtube,telegram_youtube,c138637612d9dacc667b9de9f145711ae9ab820d1a63818375280d2719789120,weapon,reviewed,,Lello,2026-04-22T09:58:43+00:00,1
img_00013568,images/img_00013568.jpg,04_telegram_youtube,telegram_youtube,35065c85fd3bc880da0fd36a3938786c0609224518b58cb67d3d6e28c637f6a0,weapon,reviewed,,Lello,2026-04-22T09:58:45+00:00,1
img_00013569,images/img_00013569.jpg,04_telegram_youtube,telegram_youtube,6aa10e9972a41f7ecf2a60bddbfe3d5793e38257269cdcfef295fce86e9b7ff0,weapon,reviewed,,Lello,2026-04-22T09:58:48+00:00,1
img_00013570,images/img_00013570.jpg,04_telegram_youtube,telegram_youtube,deda6ec2cf8cb51f569ee8043ec6ffa98a0a241386ab1e93a279b0bf512c2f06,weapon,reviewed,,Lello,2026-04-22T09:58:49+00:00,1
img_00013571,images/img_00013571.jpg,04_telegram_youtube,telegram_youtube,b0b4dba9b1177024a8aba196764112047b1b6225a125c82ad6b4b818879d41ff,weapon,reviewed,,Lello,2026-04-22T09:58:51+00:00,1
img_00013572,images/img_00013572.jpg,04_telegram_youtube,telegram_youtube,2139c2e6d3e4c8c14c58074b51793099709a6092029dec666b0979ee687cc4b1,weapon,reviewed,,Lello,2026-04-22T09:58:53+00:00,1
img_00013573,images/img_00013573.jpg,04_telegram_youtube,telegram_youtube,c82b8a0d649b6cec96658f655b859ab9176399083bf294eccdceb0a18be4afb2,weapon,reviewed,,Lello,2026-04-22T09:58:54+00:00,1
img_00013574,images/img_00013574.jpg,04_telegram_youtube,telegram_youtube,6b1725acfc1c4e67662a0e899f4dde0b522a55e68a2a63219c3eacd29cc3d0fc,weapon,reviewed,,Lello,2026-04-22T09:58:56+00:00,1
img_00013575,images/img_00013575.jpg,04_telegram_youtube,telegram_youtube,389a2e074eb31e14b6b1fe923c49eed765aea439dbd102d2dd2156d1b78c29aa,weapon,reviewed,,Lello,2026-04-22T09:58:57+00:00,1
img_00013576,images/img_00013576.jpg,04_telegram_youtube,telegram_youtube,0913510166105aa2cd2030d1c27d0aaa81bae1fd530738f457636ab302586186,weapon,reviewed,,Lello,2026-04-22T09:58:58+00:00,1
img_00013577,images/img_00013577.jpg,04_telegram_youtube,telegram_youtube,927e40fd09ed287c94707128a031d3ed893b0da7a09baf65030f207f95814dc1,weapon,reviewed,,Lello,2026-04-22T09:59:00+00:00,1
img_00013578,images/img_00013578.jpg,04_telegram_youtube,telegram_youtube,3c081df04cd6e01f07fa8bc06b17c1468b43d838c02c29d394afba55b023f342,weapon,reviewed,,Lello,2026-04-22T09:59:01+00:00,1
img_00013579,images/img_00013579.jpg,04_telegram_youtube,telegram_youtube,78f2458a0bcf4e03a50e80ed2017149d28396ade08970d8226741240b9fe54bc,weapon,reviewed,,Lello,2026-04-22T09:59:03+00:00,1
img_00013580,images/img_00013580.jpg,04_telegram_youtube,telegram_youtube,2f181bfe6704e82ea90dddc76eae2f38308f165af69ec25f8c2df8af23bd4bef,weapon,reviewed,,Lello,2026-04-22T09:59:05+00:00,1
img_00013581,images/img_00013581.jpg,04_telegram_youtube,telegram_youtube,2af856f48860f568d302109f84d29e2181975abbe554334f4ef17be2c59cd1c5,weapon,reviewed,,Lello,2026-04-22T09:59:06+00:00,1
img_00013582,images/img_00013582.jpg,04_telegram_youtube,telegram_youtube,ceae891696ba543da243f642b8049ea9a4a6c7c03798b1e2854c7a52c3b296db,weapon,reviewed,,Lello,2026-04-22T09:59:08+00:00,1
img_00013583,images/img_00013583.jpg,04_telegram_youtube,telegram_youtube,2c612531556932f86973676aa249e1500e6c449eac175d8ad6cb8ab5e06f6ca5,weapon,reviewed,,Lello,2026-04-22T09:59:09+00:00,1
img_00013584,images/img_00013584.jpg,04_telegram_youtube,telegram_youtube,16fa3dd2f7454309ebc11e34367c9ec769de5aefd98bbd89fef341891223360e,weapon,reviewed,,Lello,2026-04-22T09:59:11+00:00,1
img_00013585,images/img_00013585.jpg,04_telegram_youtube,telegram_youtube,2bf440ef8a9c241e86345b38da386e71afdf2175567851271af3a4925104ac35,weapon,reviewed,,Lello,2026-04-22T09:59:12+00:00,1
img_00013586,images/img_00013586.jpg,04_telegram_youtube,telegram_youtube,ce9532fb0efa696e2be685425f99c3e68f7ad0d584f50b2216652a4273fb98f8,weapon,reviewed,,Lello,2026-04-22T09:59:13+00:00,1
img_00013587,images/img_00013587.jpg,04_telegram_youtube,telegram_youtube,90e59a649994140e752227ba227dd54fc45c5acd82f7bc1de94495bd39896d7a,weapon,reviewed,,Lello,2026-04-22T09:59:15+00:00,1
img_00013588,images/img_00013588.jpg,04_telegram_youtube,telegram_youtube,1857259125d2e2ec13522dff2daaed2aee95f3e2a316408b66b2a2d3f344dd40,weapon,reviewed,,Lello,2026-04-22T09:59:16+00:00,1
img_00013589,images/img_00013589.jpg,04_telegram_youtube,telegram_youtube,2b79323650f7625e46914d2b27a6697efbade529ce360b3c25208d8da7c9ada2,weapon,reviewed,,Lello,2026-04-22T09:59:18+00:00,1
img_00013590,images/img_00013590.jpg,04_telegram_youtube,telegram_youtube,affbe657a011b1c4d92554a9c0f15b58645bec94d2b2b70a3546c8be9d568da3,weapon,reviewed,,Lello,2026-04-22T09:59:19+00:00,1
img_00013591,images/img_00013591.jpg,04_telegram_youtube,telegram_youtube,77b7418b1c365803b8a722e77f16a247c27199c7478734bec75a182f4d31f907,weapon,reviewed,,Lello,2026-04-22T09:59:21+00:00,1
img_00013592,images/img_00013592.jpg,04_telegram_youtube,telegram_youtube,5181dd129cd016c5556499f895b49a83f293ddc52f0755e8f8a314523416bc34,weapon,reviewed,,Lello,2026-04-22T09:59:23+00:00,1
img_00013593,images/img_00013593.jpg,04_telegram_youtube,telegram_youtube,a3126d1bff4831bfcc2b9b0cd57360241ea76d957623780b38ff94d44f659db2,weapon,reviewed,,Lello,2026-04-22T09:59:24+00:00,1
img_00013594,images/img_00013594.jpg,04_telegram_youtube,telegram_youtube,eaa7c000413ab51f2fb4405ee4cd68962d8be25009deb4c648f9f1e9205c8cbf,weapon,reviewed,,Lello,2026-04-22T09:59:26+00:00,1
img_00013596,images/img_00013596.jpg,04_telegram_youtube,telegram_youtube,49797de8b7b037f83c8f6092e266b55cc4cc673448ad85b006361d20ab70b939,weapon,reviewed,,Lello,2026-04-22T09:59:30+00:00,1
img_00013597,images/img_00013597.jpg,04_telegram_youtube,telegram_youtube,3b796de78e45b2ab17cbd063d9b315f9e963d469a0cadae1c6285a8cb0d35cd8,weapon,reviewed,,Lello,2026-04-22T09:59:31+00:00,1
img_00013598,images/img_00013598.jpg,04_telegram_youtube,telegram_youtube,326ad2a52065f359cf0ac52b3a0422d56fd9dd1310525005d98628b501adcc38,weapon,reviewed,,Lello,2026-04-22T09:59:33+00:00,1
img_00013599,images/img_00013599.jpg,04_telegram_youtube,telegram_youtube,09067789f07467a29a1ad4f7b00779785d1e02d59d581e55e891c0c951e1aae9,weapon,reviewed,,Lello,2026-04-22T09:59:34+00:00,1
img_00013601,images/img_00013601.jpg,04_telegram_youtube,telegram_youtube,dcd5e64630c3b8bd2a52af3d23af96d58bd5ebd47d5e858e098dde45c35f4271,weapon,reviewed,,Lello,2026-04-22T09:59:38+00:00,1
img_00013602,images/img_00013602.jpg,04_telegram_youtube,telegram_youtube,a1ac5cc04f85f31c3cf83615c7456ec5190cbc0d6de33ad3537b3da70b25ae71,weapon,reviewed,,Lello,2026-04-22T09:59:39+00:00,1
img_00013603,images/img_00013603.jpg,04_telegram_youtube,telegram_youtube,02f5d00cfff218768dbe116c25d12bac71d8f57a88896b99657d2cabf3d9c3cd,weapon,reviewed,,Lello,2026-04-22T09:59:41+00:00,1
img_00013604,images/img_00013604.jpg,04_telegram_youtube,telegram_youtube,1c5f03bed7b125ef82df211dafd4c2dda034593326e44961448f5009b48e69fe,weapon,reviewed,,Lello,2026-04-22T09:59:43+00:00,1
img_00013605,images/img_00013605.jpg,04_telegram_youtube,telegram_youtube,2ba711ac1924f9200b462a1ffbc4beb052f8d510460d9fbdd6b816baa71c19da,weapon,reviewed,,Lello,2026-04-22T09:59:44+00:00,1
img_00013606,images/img_00013606.jpg,04_telegram_youtube,telegram_youtube,2f0626219aa6bdd667b618dfeaa77947ec2bfe255b857c2e84c7baa9d71442e3,weapon,reviewed,,Lello,2026-04-22T09:59:46+00:00,1
img_00013607,images/img_00013607.jpg,04_telegram_youtube,telegram_youtube,385cb7b800e2c424f7786d154c9fb0d250b3f0f8e6b429fc5cbc941fba9707e1,weapon,reviewed,,Lello,2026-04-22T09:59:47+00:00,1
img_00013608,images/img_00013608.jpg,04_telegram_youtube,telegram_youtube,7b2ffa2c621639b8f6a4e1388cf4946299dffc63e1c919b5d6649402d01735b3,weapon,reviewed,,Lello,2026-04-22T09:59:49+00:00,1
img_00013609,images/img_00013609.jpg,04_telegram_youtube,telegram_youtube,6ee0bb9aba2477748ffba27a16ec35de0b503c949adb8a670b2a170b1472ef8c,weapon,reviewed,,Lello,2026-04-22T09:59:50+00:00,1
img_00013610,images/img_00013610.jpg,04_telegram_youtube,telegram_youtube,c18992962feab3f3cdf044a1385f6b86f9bc8ba5755c2393248e158dddc7ed53,weapon,reviewed,,Lello,2026-04-22T09:59:52+00:00,1
img_00013611,images/img_00013611.jpg,04_telegram_youtube,telegram_youtube,4df9732d9c760a249356fe9f12bc8dfe57ab045e79119b96a250b29ed213a2e3,weapon,reviewed,,Lello,2026-04-22T09:59:53+00:00,1
img_00013619,images/img_00013619.jpg,04_telegram_youtube,telegram_youtube,f68b0aa2dbda07e831e6aa8a46560e1791c1bdeb55f040f6471b178c048e5a5f,weapon,reviewed,,Lello,2026-04-22T10:00:25+00:00,1
img_00013620,images/img_00013620.jpg,04_telegram_youtube,telegram_youtube,07ee63ddf750ab70f4cc7dc64903fcbcce15b4be24eaf114930683eac6251d35,weapon,reviewed,,Lello,2026-04-22T10:00:26+00:00,1
img_00013621,images/img_00013621.jpg,04_telegram_youtube,telegram_youtube,7f83c9960b3bba02d466d625dbe19f13713744ff36fbc60b5c0fee9d8b7bd192,weapon,reviewed,,Lello,2026-04-22T10:00:28+00:00,1
img_00013622,images/img_00013622.jpg,04_telegram_youtube,telegram_youtube,057d7a0faba708b80621be5a83987a534dfea122e31d39729a5e847850aa3ce5,weapon,reviewed,,Lello,2026-04-22T10:00:30+00:00,1
img_00013623,images/img_00013623.jpg,04_telegram_youtube,telegram_youtube,42c38f7af78c1cae657719cacf0e1a1b9f674e4eb58ba0a81a890dd670154faa,weapon,reviewed,,Lello,2026-04-22T10:00:32+00:00,1
img_00013624,images/img_00013624.jpg,04_telegram_youtube,telegram_youtube,138c340e8fcc1fc993ecc183e9c0e0569276dedaa59d96b1aa5d9b76afbdbd3b,weapon,reviewed,,Lello,2026-04-22T10:00:34+00:00,1
img_00013625,images/img_00013625.jpg,04_telegram_youtube,telegram_youtube,dc16b328577c188de5d87582cc28fba547d8f0df67d281192c0e2a3de4db05e9,weapon,reviewed,,Lello,2026-04-22T10:00:36+00:00,1
img_00013627,images/img_00013627.jpg,04_telegram_youtube,telegram_youtube,ded307069914066eb27b2f7a397e5ac7c8c7e66e95f9b567963c1a59858f7a0a,weapon,reviewed,,Lello,2026-04-22T10:00:43+00:00,1
img_00013628,images/img_00013628.jpg,04_telegram_youtube,telegram_youtube,4b28dc69d320987cfad36521b21142f90d2f88bb9d0f507f5d3203345acc02b2,weapon,reviewed,,Lello,2026-04-22T10:00:45+00:00,1
img_00013629,images/img_00013629.jpg,04_telegram_youtube,telegram_youtube,51543a43330c00d42cdea1bcbb7493e82ecfa430b339af904a86da3de9ee5515,weapon,reviewed,,Lello,2026-04-22T10:00:47+00:00,1
img_00013630,images/img_00013630.jpg,04_telegram_youtube,telegram_youtube,1f806c47afcf8264f9077f6548c0f59526ad40488945e739e3b4cb137bac68f9,weapon,reviewed,,Lello,2026-04-22T10:00:48+00:00,1
img_00013635,images/img_00013635.jpg,04_telegram_youtube,telegram_youtube,b7a9a6002a479ea25618feb8b6ca1df85a2887f300054dfde53a5842ea1b0554,weapon,reviewed,,Lello,2026-04-22T10:00:53+00:00,1
img_00013638,images/img_00013638.jpg,04_telegram_youtube,telegram_youtube,d4170fe19c0e804882179bfd9e820724fe2837124672d8c0eb002b7df3ed4aa4,weapon,reviewed,,Lello,2026-04-22T10:00:51+00:00,1
img_00013641,images/img_00013641.jpg,04_telegram_youtube,telegram_youtube,4a70129189430a1377a8cba46db35d2c1160b4c53eafa13bb31330db22eeefce,weapon,reviewed,,Lello,2026-04-22T10:00:56+00:00,1
img_00013643,images/img_00013643.jpg,04_telegram_youtube,telegram_youtube,08a3c0f55ede56426e242bdbe75a14a836f903521fb8f7d39c3dfeedb4b4e71c,weapon,reviewed,,Lello,2026-04-22T10:01:00+00:00,1
img_00013644,images/img_00013644.jpg,04_telegram_youtube,telegram_youtube,7dc86a8df0a01e3c6f8a9c3c8c5ea29e34eecfec9fa7a5a47dc6a325b6b1fadf,weapon,reviewed,,Lello,2026-04-22T10:56:27+00:00,1
img_00013647,images/img_00013647.jpg,04_telegram_youtube,telegram_youtube,d4c73d065e4277480e64dd5c8e4dc63ba5f66ab138f64759140aab71e6803e52,weapon,reviewed,,Lello,2026-04-22T10:56:17+00:00,1
img_00013649,images/img_00013649.jpg,04_telegram_youtube,telegram_youtube,58415361300c1f052dc8f1d61a0cb0da8ada982cfa5cb203be0718a7ad7f854d,weapon,reviewed,,Lello,2026-04-22T10:56:21+00:00,1
img_00013652,images/img_00013652.jpg,04_telegram_youtube,telegram_youtube,2614471ba152ee6bb88f7105f05d8c1a8b78e42237c9a5c0ea05941175df7c07,weapon,reviewed,,Lello,2026-04-22T10:56:23+00:00,1
img_00013703,images/img_00013703.jpg,04_telegram_youtube,telegram_youtube,ccae60d21b20a92137d2f0813f5086be448aaa3c1186122c8ee0f4bda23724ed,weapon,reviewed,,Lello,2026-04-22T10:01:49+00:00,1
img_00014365,images/img_00014365.jpeg,05_deepweb,deepweb,796420da361f5702ab55d5f337635e1127e2b734d598ce04a12aee3ff5c252b2,weapon,reviewed,,Lello,2026-04-22T10:12:46+00:00,2
img_00014366,images/img_00014366.jpeg,05_deepweb,deepweb,846552cd67e7382c2fc84f4dbc445f6c9fc652586d0d8180eee6ce060b668d6f,weapon,reviewed,,Lello,2026-04-22T10:12:48+00:00,2
img_00014367,images/img_00014367.jpeg,05_deepweb,deepweb,f41a9dc786a8d7a016a7f9e239faad2f4a69f3de3fd9425634f8c285279c643f,weapon,reviewed,,Lello,2026-04-22T10:12:50+00:00,2
img_00014368,images/img_00014368.webp,05_deepweb,deepweb,5b1ed4d0f9d1497979ceca70cf2c7070362b154009f64d73f340fc473152f618,weapon,reviewed,,Lello,2026-04-22T10:12:53+00:00,2
img_00014369,images/img_00014369.jpeg,05_deepweb,deepweb,025df06cc400f429262039899ba08c36440bda275b2476a6895978e4f7777ba5,weapon,reviewed,,Lello,2026-04-22T10:12:55+00:00,2
img_00014370,images/img_00014370.jpeg,05_deepweb,deepweb,669abbad4c0a7ed47f08a5a42320e2c5c6e9420ee6365131e1464ec7e1248a13,weapon,reviewed,,Lello,2026-04-22T10:12:57+00:00,2
img_00014371,images/img_00014371.jpeg,05_deepweb,deepweb,e3939f284658ff4d45be07b488eb85eb452daa976a534a0d5be3e6a82e41be47,weapon,reviewed,,Lello,2026-04-22T10:12:59+00:00,2
img_00014372,images/img_00014372.webp,05_deepweb,deepweb,e0a74bd7b90395c67b7d108489d51524ed1e1e079ccaa70ffb99e21f22c46d02,weapon,reviewed,,Lello,2026-04-22T10:13:00+00:00,2
img_00014374,images/img_00014374.png,05_deepweb,deepweb,17d971894651530c269bbdc514e4ae90e0975bdd8d49483d3ea0b6b4298f292e,weapon,reviewed,,Lello,2026-04-22T10:13:05+00:00,2
img_00014376,images/img_00014376.jpeg,05_deepweb,deepweb,4973e0adc4a1b3d40a0b7f736ba9c853884337d153cdef34b43315e0fa38c903,weapon,reviewed,,Lello,2026-04-22T10:13:08+00:00,2
img_00014377,images/img_00014377.jpeg,05_deepweb,deepweb,ae99a52049fe48ba54be67ef601b0bab8ea6ef2ecac348b48aabdb889ffd9309,weapon,reviewed,,Lello,2026-04-22T10:13:09+00:00,2
img_00014378,images/img_00014378.webp,05_deepweb,deepweb,7dcf47b66e8fafd22daa90b253b9f68f1905622d820ea2d4a9ae8d3424ab0b3e,weapon,reviewed,,Lello,2026-04-22T10:13:11+00:00,2
img_00014379,images/img_00014379.jpeg,05_deepweb,deepweb,a16c9e28640e2e0ffa756f9fc9d37feb63cae5a3ed224f6078672ca2895665e9,weapon,reviewed,,Lello,2026-04-22T10:13:12+00:00,2
img_00014380,images/img_00014380.jpeg,05_deepweb,deepweb,91f73e6d1d01cf5d5e982ef480a3c61dbc87bda7a6e8ae150ebd53fbe400c155,weapon,reviewed,,Lello,2026-04-22T10:13:14+00:00,2
img_00014381,images/img_00014381.webp,05_deepweb,deepweb,21d079dd3ff58a33266350fa214bebb7769d4d779ff274b4fd92f21f708c4957,weapon,reviewed,,Lello,2026-04-22T10:13:15+00:00,2
img_00014382,images/img_00014382.jpeg,05_deepweb,deepweb,74176efead46634cf1590897dd792ed0f02a8aa36c551454f2c8f788251e9fc0,weapon,reviewed,,Lello,2026-04-22T10:13:17+00:00,2
img_00014383,images/img_00014383.png,05_deepweb,deepweb,d7a51826ba718f9d31a6ecd37e3864579c8985cb48b4c20212384f1e0ba43088,weapon,reviewed,,Lello,2026-04-22T10:13:18+00:00,2
img_00014385,images/img_00014385.png,05_deepweb,deepweb,0ed8236398cf907a5260b5a1326e8035ec7b7c124b307642d6a90d2257288862,weapon,reviewed,,Lello,2026-04-22T10:13:21+00:00,2
img_00014386,images/img_00014386.jpeg,05_deepweb,deepweb,63c9fd506627f007e0f07e19f67956e88dd69138e98eb55fdcfb24054bef4e66,weapon,reviewed,,Lello,2026-04-22T10:13:23+00:00,2
img_00014387,images/img_00014387.jpeg,05_deepweb,deepweb,a6d45de1ee165e5953c92f781ccdbf9c800aea202dd4970144f7d26b03babca8,weapon,reviewed,,Lello,2026-04-22T10:13:25+00:00,2
img_00014388,images/img_00014388.jpeg,05_deepweb,deepweb,021306b98074a82061352bb6d6d950cb7aa19406ea931237070ff46ea66b4b04,weapon,reviewed,,Lello,2026-04-22T10:13:26+00:00,2
img_00014389,images/img_00014389.jpeg,05_deepweb,deepweb,3e1bc0993a013e98e97ca4f0a0093b20043cab3e228c2c7f4c26e91b3d034f3c,weapon,reviewed,,Lello,2026-04-22T10:13:27+00:00,2
img_00014390,images/img_00014390.jpeg,05_deepweb,deepweb,fc5ae2ef3b147a70c4aa7be3931f22bf61ba8338e64d65f788c75160248f9fa6,weapon,reviewed,,Lello,2026-04-22T10:13:29+00:00,2
img_00014391,images/img_00014391.jpeg,05_deepweb,deepweb,a5e74951c9abb98a71bc5b1aa9b947eff4d4ae676f66e790662f6c5abe88c9da,weapon,reviewed,,Lello,2026-04-22T10:13:30+00:00,2
img_00014392,images/img_00014392.jpeg,05_deepweb,deepweb,0e66a17a0e1e5cbd770a0a72522ba317624ebfe988d86ce5a764c6d2b48c646c,weapon,reviewed,,Lello,2026-04-22T10:13:31+00:00,2
img_00014393,images/img_00014393.jpeg,05_deepweb,deepweb,9a73c55b164b9559421f5a68cd2f8c7f2a7a3afd6278f7f78d0d24ea238592f4,weapon,reviewed,,Lello,2026-04-22T10:13:33+00:00,2
img_00014394,images/img_00014394.webp,05_deepweb,deepweb,3f5aea086d4b9eba61097ed5ce77a842ae64e709f4827e9e02f53679440f2fc4,weapon,reviewed,,Lello,2026-04-22T10:13:35+00:00,2
img_00014395,images/img_00014395.jpeg,05_deepweb,deepweb,59a364681482192d5d9af3abb229b7024a8abc389df9f9f96431dab22b601f69,weapon,reviewed,,Lello,2026-04-22T10:13:36+00:00,2
img_00014397,images/img_00014397.webp,05_deepweb,deepweb,24e6843f748837229c6ea34da07eece435a53a8b891957ece4020ab2aca1a8dd,weapon,reviewed,,Lello,2026-04-22T10:13:39+00:00,2
img_00014399,images/img_00014399.jpeg,05_deepweb,deepweb,150872ac11793def33c4f0697244c1e1c05f36cbb161f539abeda3adf84333e8,weapon,reviewed,,Lello,2026-04-22T10:13:42+00:00,2
img_00014400,images/img_00014400.jpeg,05_deepweb,deepweb,2766c4cd66d58e86ae6b040a0aed2a10238d5c5db41ed6bda2a1d91c278434a5,weapon,reviewed,,Lello,2026-04-22T10:13:43+00:00,2
img_00014401,images/img_00014401.webp,05_deepweb,deepweb,683ef8dedb277a5da6d54cbc207020014d58056da3e06b1ba5a9baac456799ee,weapon,reviewed,,Lello,2026-04-22T10:13:45+00:00,2
img_00014402,images/img_00014402.jpeg,05_deepweb,deepweb,30636b53bf9ddc698fcb58717aeb594417b9a408ff6af0a3f36d54aa8016f67b,weapon,reviewed,,Lello,2026-04-22T10:13:46+00:00,2
img_00014403,images/img_00014403.jpeg,05_deepweb,deepweb,fab82c7f058e893f194c8979b5e7213c9aaa10cd54a3c229782c1e461e489c4c,weapon,reviewed,,Lello,2026-04-22T10:13:48+00:00,2
img_00014405,images/img_00014405.webp,05_deepweb,deepweb,76403ea8d012593021bbc3bf2a5598d9cabd098d107890d5a7786036387ce5ea,weapon,reviewed,,Lello,2026-04-22T10:13:51+00:00,2
img_00014406,images/img_00014406.jpeg,05_deepweb,deepweb,eadd3321c5641806c1a816edc42e0870d1ef9fb72dca67d22ea90b8269bc93b4,weapon,reviewed,,Lello,2026-04-22T10:13:53+00:00,2
img_00014407,images/img_00014407.jpeg,05_deepweb,deepweb,b4f3c326a5d903498bc01f9e77a9598070edf9135d8ceff96705a49f76c6f457,weapon,reviewed,,Lello,2026-04-22T10:13:54+00:00,2
img_00014411,images/img_00014411.jpeg,05_deepweb,deepweb,fe76e1abfe07eb9a2bdb99f46f1a668453899dc3414450a4162aeb64bc2a2be8,weapon,reviewed,,Lello,2026-04-22T10:14:01+00:00,2
img_00014413,images/img_00014413.webp,05_deepweb,deepweb,2156f2183efb100bdbb5127af750a22b95f0490f21852aac4fa7251d1d80168f,weapon,reviewed,,Lello,2026-04-22T10:14:04+00:00,2
img_00014414,images/img_00014414.jpeg,05_deepweb,deepweb,8f56c4ba4b972b8f2c181b1c4f44de7754d36d7827e0b840288be44f478c71ed,weapon,reviewed,,Lello,2026-04-22T10:14:06+00:00,2
img_00014415,images/img_00014415.jpeg,05_deepweb,deepweb,338e114a4b0f702916bf205ea07d46fa7b728b81513990c6afc24773b0010c58,weapon,reviewed,,Lello,2026-04-22T10:14:08+00:00,2
img_00014417,images/img_00014417.jpeg,05_deepweb,deepweb,1298972abda1a3e0624c24217882cfd10e994051b2313adb15bf9ea88270d932,weapon,reviewed,,Lello,2026-04-22T10:14:10+00:00,2
img_00014418,images/img_00014418.jpeg,05_deepweb,deepweb,c277a634c5b88cf8c6283fe2ca97e4f7eebcf02c56cf4b2f5c0c831533bc905f,weapon,reviewed,,Lello,2026-04-22T10:14:12+00:00,2
img_00014419,images/img_00014419.jpeg,05_deepweb,deepweb,2820fbada5cd769c45b4688042dec4d21263f20e0e54bed7c190c68d1a9ef874,weapon,reviewed,,Lello,2026-04-22T10:14:13+00:00,2
img_00014420,images/img_00014420.jpeg,05_deepweb,deepweb,c85c143b950df89aa29483b04384d74b74ac55eda8a611fa858aeb03de5c2be0,weapon,reviewed,,Lello,2026-04-22T10:14:14+00:00,2
img_00014421,images/img_00014421.jpeg,05_deepweb,deepweb,5ec28869f486b5facd47e37844ec901fc132586a442c444bdab4735aaaba0434,weapon,reviewed,,Lello,2026-04-22T10:14:16+00:00,2
img_00014423,images/img_00014423.webp,05_deepweb,deepweb,48158a263c921accf5800cca7f4e6e52d7eaa1f068c24aa9b0752fb88069dae6,weapon,reviewed,,Lello,2026-04-22T10:14:19+00:00,2
img_00014424,images/img_00014424.jpeg,05_deepweb,deepweb,4d520395df750a3c27073fe991c1d79da5fea13da54b78559fae501d927f67db,weapon,reviewed,,Lello,2026-04-22T10:14:20+00:00,2
img_00014427,images/img_00014427.png,05_deepweb,deepweb,b786b0e1c8b54a473a4c5910fa90de9f3aa4349d1fd99264ef470e1fee4115cf,weapon,reviewed,,Lello,2026-04-22T10:14:31+00:00,2
img_00014429,images/img_00014429.jpeg,05_deepweb,deepweb,9be99d25f42ae47f92cd601a3b4af745dedc6f2c6ffd1c3071cd6b0267c446bb,weapon,reviewed,,Lello,2026-04-22T10:14:34+00:00,2
img_00014430,images/img_00014430.jpeg,05_deepweb,deepweb,208f83ecc579b9fab153ad023d83b2d74c7713b8a70f219e53a09d51c1c7433f,weapon,reviewed,,Lello,2026-04-22T10:14:35+00:00,2
img_00014432,images/img_00014432.jpeg,05_deepweb,deepweb,4e33d12d64fca4f04a8fa428ceeb807ec9df306635a41c4db4f200ded67f198c,weapon,reviewed,,Lello,2026-04-22T10:14:39+00:00,2
img_00014433,images/img_00014433.jpeg,05_deepweb,deepweb,61bed507431dd41e2f227403c5c806358cdb177379da7544439525ed81874caa,weapon,reviewed,,Lello,2026-04-22T10:14:40+00:00,2
img_00014434,images/img_00014434.webp,05_deepweb,deepweb,e6d5d622fac233edcbb450b94bc7ea5eb0e0be9a5511b95a74d44ce797f5b196,weapon,reviewed,,Lello,2026-04-22T10:14:42+00:00,2
img_00014435,images/img_00014435.webp,05_deepweb,deepweb,a276641956004c504c50a5774dd881fd889530dbff931e03c08a3d4d699244c9,weapon,reviewed,,Lello,2026-04-22T10:14:44+00:00,2
img_00014437,images/img_00014437.webp,05_deepweb,deepweb,741a524997775a2ea1dcacd047ec8bd781a98721f462900c3bc3f35242326eb1,weapon,reviewed,,Lello,2026-04-22T10:14:47+00:00,2
img_00014438,images/img_00014438.jpeg,05_deepweb,deepweb,037704fe5c5d96c28f70d48a0347c3b775e26eaa9b977c5b7646926d0d905a00,weapon,reviewed,,Lello,2026-04-22T10:14:49+00:00,2
img_00014439,images/img_00014439.jpeg,05_deepweb,deepweb,cb5e1668fe0aa7ebb4fa053e75a83e270c635e5fefe27e9fa5d9e4a3709fa74b,weapon,reviewed,,Lello,2026-04-22T10:14:53+00:00,2
img_00014440,images/img_00014440.jpeg,05_deepweb,deepweb,465c7444384fec6ea817fd52dfabaf108542195db669dc1cd31a735b83cce741,weapon,reviewed,,Lello,2026-04-22T10:14:54+00:00,2
img_00014441,images/img_00014441.jpeg,05_deepweb,deepweb,238b4a140f8e067cceb77349d33d64874c0a50bbc8eb51d2253ce0f1b77b590a,weapon,reviewed,,Lello,2026-04-22T10:14:56+00:00,2
img_00014442,images/img_00014442.jpeg,05_deepweb,deepweb,cf747df6b110b58a687eb1195263623b8f1d2cf17ccac96a290318c9b72b4b29,weapon,reviewed,,Lello,2026-04-22T10:14:58+00:00,2
img_00014444,images/img_00014444.jpeg,05_deepweb,deepweb,40694461bb7aa134a4e9759356f9534574cff9b86b5fdcd71a442a91f3b44844,weapon,reviewed,,Lello,2026-04-22T10:15:03+00:00,2
img_00014445,images/img_00014445.jpeg,05_deepweb,deepweb,e9a206a1edefdbcd641a7922b9eff9ca3a8ed92a8cf2c5aadbf2df30547bef95,weapon,reviewed,,Lello,2026-04-22T10:15:05+00:00,2
img_00014446,images/img_00014446.jpeg,05_deepweb,deepweb,17003983d3620d79875ef087a6793d3ad99f5bf2cf0adc48843ca627d033a151,weapon,reviewed,,Lello,2026-04-22T10:15:07+00:00,2
img_00014447,images/img_00014447.webp,05_deepweb,deepweb,41424b73854a2e57b12cc89350e73713ebc4b4d90b6dc20f6b7d4016f9251a3a,weapon,reviewed,,Lello,2026-04-22T10:15:09+00:00,2
img_00014448,images/img_00014448.jpeg,05_deepweb,deepweb,daa81166be43139866bd98fb17519a79467fbfebb91489b66d5682d221b40d16,weapon,reviewed,,Lello,2026-04-22T10:15:10+00:00,2
img_00014449,images/img_00014449.jpeg,05_deepweb,deepweb,43977bcf721afd974ec0bdb87c1b3ed591508ef56fadf6219ec6585ac64912d9,weapon,reviewed,,Lello,2026-04-22T10:15:12+00:00,2
img_00014459,images/img_00014459.jpeg,05_deepweb,deepweb,246507310a47be56890c461f789573268464a3f66eef54ff7cd9d6846218940b,weapon,reviewed,,Lello,2026-04-22T10:15:26+00:00,2
img_00014460,images/img_00014460.webp,05_deepweb,deepweb,a0cdacd4884d549bb9aeed9c56c0a40954ac8f6db4a80fedc1b2346a0c042f09,weapon,reviewed,,Lello,2026-04-22T10:15:28+00:00,2
img_00014461,images/img_00014461.jpeg,05_deepweb,deepweb,3fa8fd0e13d124cf36758464b9a9405635fed0a18d72644d5b2876be5afd86ef,weapon,reviewed,,Lello,2026-04-22T10:15:29+00:00,2
img_00014462,images/img_00014462.webp,05_deepweb,deepweb,7abbc1f4aadfb95e6e7b2c942ca35fec688e8fa32a518b4538cb3ca7859a71c7,weapon,reviewed,,Lello,2026-04-22T10:15:30+00:00,2
img_00014464,images/img_00014464.jpeg,05_deepweb,deepweb,ca47796b2e3e0f17315516f226b88936cc3a452fa1e6142a11b42d708c057efa,weapon,reviewed,,Lello,2026-04-22T10:15:33+00:00,2
img_00014471,images/img_00014471.jpeg,05_deepweb,deepweb,5b0dd3a1adeac6836347d4061e4a5894e277289f5f11fe38dabf251d4e8d841e,weapon,reviewed,,Lello,2026-04-22T10:15:42+00:00,2
img_00014473,images/img_00014473.jpeg,05_deepweb,deepweb,50f25bab53b4900da722c0031e5e0e734a1b8a2840cb505fa621d7a6419dbddf,weapon,reviewed,,Lello,2026-04-22T10:15:45+00:00,2
img_00014475,images/img_00014475.jpeg,05_deepweb,deepweb,4a669c541ec38dcb18be0b928273c3bceefa1643d365db22a0d7f894751558ad,weapon,reviewed,,Lello,2026-04-22T10:15:48+00:00,2
img_00014476,images/img_00014476.jpeg,05_deepweb,deepweb,88038b69082ea9b8b7037b394b6c0d2dad5b43dd645dc9937ccb45dd08284da0,weapon,reviewed,,Lello,2026-04-22T10:15:49+00:00,2
img_00014477,images/img_00014477.jpeg,05_deepweb,deepweb,908d2b03f7594d469eab457fb837c39384898ab1625ad0443adb5b17ecf0882f,weapon,reviewed,,Lello,2026-04-22T10:15:50+00:00,2
img_00014481,images/img_00014481.jpeg,05_deepweb,deepweb,fd116fd36e0145d827ce5eec39d5bf7553778dd995f7169afdaddf3e7aa21180,weapon,reviewed,,Lello,2026-04-22T10:15:57+00:00,2
img_00014484,images/img_00014484.jpeg,05_deepweb,deepweb,2578cf54466576aa1d051e2db0ae097fea37800f035a97d38fdba2b9cc0915ca,weapon,reviewed,,Lello,2026-04-22T10:16:01+00:00,2
img_00014485,images/img_00014485.jpeg,05_deepweb,deepweb,484455c5e061ff8d3ce2ab354e92437e4ea2aaf3922afc66156bfae9338055b1,weapon,reviewed,,Lello,2026-04-22T10:16:02+00:00,2
img_00014489,images/img_00014489.webp,05_deepweb,deepweb,86132e6385ec589315fbcb2392e54218eff4f74f63af533f7254261e3691af86,weapon,reviewed,,Lello,2026-04-22T10:16:18+00:00,2
img_00014490,images/img_00014490.jpeg,05_deepweb,deepweb,12403a1a9262375b4501b1b70e0f00df41fa3c13bac17a78a58716eaf3c05946,weapon,reviewed,,Lello,2026-04-22T10:16:20+00:00,2
img_00014492,images/img_00014492.jpeg,05_deepweb,deepweb,919431273db21fef106e72c03faf2ec68e0ed53a57ac502a7881177760c5810c,weapon,reviewed,,Lello,2026-04-22T10:16:23+00:00,2
img_00014495,images/img_00014495.jpeg,05_deepweb,deepweb,076f39250ef221806d2a1276a5694c77e439d5070ddbc0ec77871b1e923a27fe,weapon,reviewed,,Lello,2026-04-22T10:16:28+00:00,2
img_00014496,images/img_00014496.jpeg,05_deepweb,deepweb,d2e682f4966800ec2634b3a8ad66b6e3a32b9f4aa5a4274bcef4f7f287750bbb,weapon,reviewed,,Lello,2026-04-22T10:16:30+00:00,2
img_00014497,images/img_00014497.jpeg,05_deepweb,deepweb,61867a911d2a9dcf21d19fe6d4c6bab8a5774d70006a407c697b37d6f5138546,weapon,reviewed,,Lello,2026-04-22T10:16:31+00:00,2
img_00014500,images/img_00014500.jpeg,05_deepweb,deepweb,b5d57ddc48eec3aac419899dc8ad2fde80cf5045cb8fe8e56c48f2f1a31be720,weapon,reviewed,,Lello,2026-04-22T10:16:36+00:00,2
img_00014502,images/img_00014502.jpeg,05_deepweb,deepweb,77057552a78ae19f72265489077e1467bede6a0a133d47021b66b56aa3528707,weapon,reviewed,,Lello,2026-04-22T10:16:41+00:00,2
img_00014509,images/img_00014509.jpeg,05_deepweb,deepweb,b7fda3a6b96821963dfe6ac245df89a5e416bb84c04399ec9afd329dde44bcdb,weapon,reviewed,,Lello,2026-04-22T10:17:01+00:00,2
img_00014510,images/img_00014510.jpeg,05_deepweb,deepweb,354394664a71c300ca2d81b008990b080b8f777b08cb32e52af2a9876c95cc97,weapon,reviewed,,Lello,2026-04-22T10:17:02+00:00,2
img_00014511,images/img_00014511.jpeg,05_deepweb,deepweb,d55e19f8b678c079bfe50014b51ef82e6a2846b5b2e36d937f1fc74cf6ddf018,weapon,reviewed,,Lello,2026-04-22T10:17:04+00:00,2
img_00014512,images/img_00014512.jpeg,05_deepweb,deepweb,35835227c2fcf0e4ba38565fb98f34e89d03d5587cbb852c30172a12f027e97f,weapon,reviewed,,Lello,2026-04-22T10:17:06+00:00,2
img_00014513,images/img_00014513.jpeg,05_deepweb,deepweb,50a1fb85788c601b92d124c3295e28c3332c065fc7e01c0f61bc8e3b2f997324,weapon,reviewed,,Lello,2026-04-22T10:17:07+00:00,2
img_00014515,images/img_00014515.jpeg,05_deepweb,deepweb,4a1c8fef3dc32661b7e2c1f389f2122be2b541b775307e0abba8b36971d30c55,weapon,reviewed,,Lello,2026-04-22T10:17:09+00:00,2
img_00014516,images/img_00014516.jpeg,05_deepweb,deepweb,200278bbb3fc0e2d3f8c9632ad6455575e59cd5c02b269dd3fee59e84e259a0f,weapon,reviewed,,Lello,2026-04-22T10:17:12+00:00,2
img_00014517,images/img_00014517.jpeg,05_deepweb,deepweb,2eeb62270ac9c810793292765fc535770bf35b3f87127cf3f92c6f3702201e21,weapon,reviewed,,Lello,2026-04-22T10:17:13+00:00,2
img_00014520,images/img_00014520.jpeg,05_deepweb,deepweb,fd11b752a1aceed9e79cf9009934f5cd84a9e5b3250de9971cd6d8cb08eca268,weapon,reviewed,,Lello,2026-04-22T10:17:18+00:00,2
img_00014522,images/img_00014522.jpeg,05_deepweb,deepweb,a0e67293a008ba67a1af95bad2ba4dd9b328f3865bd385a37861c2446036a906,weapon,reviewed,,Lello,2026-04-22T10:17:22+00:00,2
img_00014530,images/img_00014530.jpeg,05_deepweb,deepweb,0a8363bf52a436fd7e87743af9f3592242ba9993e8142f531642e63b68c655fd,weapon,reviewed,,Lello,2026-04-22T10:56:45+00:00,2
img_00014531,images/img_00014531.jpeg,05_deepweb,deepweb,28b12534e1e943045816b1980cb0084797d9a4f534f1850515b854fdb8ffd8fd,weapon,reviewed,,Lello,2026-04-22T10:56:42+00:00,2
